output/LwrbUpWellingRaster.asc
NCOLS 153
NROWS 173
XLLCORNER 628082.1585431173
YLLCORNER 5141515.270487413
CELLSIZE 30.005356186399773
NODATA_VALUE -9999
[rows 126 to 146 of 173, columns 49 to 97 of 153]
310.9506679878469 310.9506679878469 310.9506679878469 310.9506679878469 310.9506679878469 310.9506679878469 310.9506679878469 310.9506679878469 310.9506679878469 310.9506679878469 310.9506679878469 310.9506679878469 310.9506679878469 310.9506679878469 310.9506679878469 310.9506679878469 310.9506679878469 310.9506679878469 310.9506679878469 310.9506679878469 310.9506679878469 310.9506679878469 310.9506679878469 310.9506679878469 310.9506679878469 310.9506679878469 310.9506679878469 310.96786508524826 310.9982517055402 311.02342422902694 311.0435550405727 311.0584379082532 311.0679131390547 311.0718757041036 311.0702808802618 311.0631467248363 311.0505530711686 311.03263717273444 311.0095865348582 310.98162976858004 310.9506679878469 310.9506679878469 310.9506679878469 310.9506679878469 310.9506679878469 310.9506679878469 310.9506679878469 310.9506679878469 310.9506679878469
310.9506679878469 310.9506679878469 310.9506679878469 310.9506679878469 310.9506679878469 310.9506679878469 310.9506679878469 310.9506679878469 310.9506679878469 310.9506679878469 310.9506679878469 310.9506679878469 310.9506679878469 310.9506679878469 310.9506679878469 310.9506679878469 310.9506679878469 310.9506679878469 310.9506679878469 310.9506679878469 310.9506679878469 310.9506679878469 310.9506679878469 310.9506679878469 310.9506679878469 310.9751607104281 311.0159468008421 311.0523579664462 311.08406461975073 311.1107525025293 311.13213524482046 311.14796762348976 311.1580583331356 311.16228087897605 311.1605812349281 311.15298122610426 311.1395771542865 311.1205338635895 311.09607507282254 311.06647123099344 311.0320263052698 310.99306479860746 310.9506679878469 310.9506679878469 310.9506679878469 310.9506679878469 310.9506679878469 310.9506679878469 310.9506679878469
310.9506679878469 310.9506679878469 310.9506679878469 310.9506679878469 310.9506679878469 310.9506679878469 310.9506679878469 310.9506679878469 310.9506679878469 310.9506679878469 310.9506679878469 310.9506679878469 310.9506679878469 310.9506679878469 310.9506679878469 310.9506679878469 310.9506679878469 310.9506679878469 310.9506679878469 310.9506679878469 310.9506679878469 310.9506679878469 310.9506679878469 310.95607647230486 311.0069772992755 311.05412296478465 311.0971467123758 311.1356680720597 311.1693060109331 311.1976921748282 311.2204866275013 311.2373950477764 311.24818576290977 311.25270459364083 311.2508854490761 311.2427550455375 311.2284309861628 311.2081135146972 311.182072244685 311.15062979926864 311.11414445582 311.07299362233886 311.0275594428766 310.97821722806214 310.9506679878469 310.9506679878469 310.9506679878469 310.9506679878469 310.9506679878469
310.9506679878469 310.9506679878469 310.9506679878469 310.9506679878469 310.9506679878469 310.9506679878469 310.9506679878469 310.9506679878469 310.9506679878469 310.9506679878469 310.9506679878469 310.9506679878469 310.9506679878469 310.9506679878469 310.9506679878469 310.9506679878469 310.9506679878469 310.9506679878469 310.9506679878469 310.9506679878469 310.9506679878469 310.9506679878469 310.9716604713184 311.02859673201397 311.0820606232242 311.13172544665593 311.17720389362296 311.2180621632354 311.2538584186726 311.2841585242556 311.30855575053806 311.326693236219 311.3382870093361 311.343146586554 311.34118994807113 311.3324502757461 311.3170732059737 311.29530511163046 311.2674745237849 311.23396974910384 311.1952158464964 311.1516535405828 311.10372170645144 311.05184410148087 310.99642026893866 310.9506679878469 310.9506679878469 310.9506679878469 310.9506679878469
310.9506679878469 310.9506679878469 310.9506679878469 310.9506679878469 310.9506679878469 310.9506679878469 310.9506679878469 310.9506679878469 310.9506679878469 310.9506679878469 310.9506679878469 310.9506679878469 310.9506679878469 310.9506679878469 310.9506679878469 310.9506679878469 310.9506679878469 310.9506679878469 310.9506679878469 310.9506679878469 310.9506679878469 310.9770562755574 311.0396582656094 311.0990078703905 311.1553135449711 311.20772724986546 311.2559010967584 311.2993539821736 311.33757250097 311.3700423687001 311.396272949717 311.4158267459104 311.42835093186244 311.4336065098375 311.4314899940971 311.4220432925319 311.4054496688913 311.3820166609746 311.35214949626555 311.31631996431446 311.27503560037474 311.2288127962664 311.17815577867367 311.1235418870557 311.0654125552052 311.00416888788345 310.9506679878469 310.9506679878469 310.9506679878469
310.9506679878469 310.9506679878469 310.9506679878469 310.9506679878469 310.9506679878469 310.9506679878469 310.9506679878469 310.9506679878469 310.9506679878469 310.9506679878469 310.9506679878469 310.9506679878469 310.9506679878469 310.9506679878469 310.9506679878469 310.9506679878469 310.9506679878469 310.9506679878469 310.9506679878469 310.9506679878469 310.9720194817633 311.03984290033753 311.105038867336 311.1673790713335 311.2264647419838 311.28183497451903 311.33296873339543 311.3793041566162 311.420252020094 311.4551841557567 311.48354580769586 311.5047480347685 311.5183624760097 311.5240838909404 311.52177917224463 311.5115022918412 311.4934881764005 311.46812706624627 311.43592553310737 311.39746244768276 311.35334744701873 311.30418687271765 311.2505591878494 311.19299957309545 311.1319921073834 311.06796751674324 311.001304601921 310.9506679878469 310.9506679878469
310.9506679878469 310.9506679878469 310.9506679878469 310.9506679878469 310.9506679878469 310.9506679878469 310.9506679878469 310.9506679878469 310.9506679878469 310.9506679878469 310.9506679878469 310.9506679878469 310.9506679878469 310.9506679878469 310.9506679878469 310.9506679878469 310.9506679878469 310.9506679878469 310.9506679878469 310.95575660376784 311.02915564246655 311.09952468621117 311.16753465725975 311.2329186506721 311.29511797690157 311.35368651963375 311.4080663454596 311.4572047869906 311.50008184001166 311.5374456650645 311.56837889768474 311.59338708851516 311.6083007961607 311.6145780718137 311.6120485780963 311.60078344391957 311.5810904203899 311.55347406279503 311.5185769879316 311.4771165177763 311.4298285460261 311.37742512050113 311.3205670626203 311.25984960709627 311.1957976921706 311.12886753742083 311.05945179558 310.98788636081366 310.9506679878469
310.9506679878469 310.9506679878469 310.9506679878469 310.9506679878469 310.9506679878469 310.9506679878469 310.9506679878469 310.9506679878469 310.9506679878469 310.9506679878469 310.9506679878469 310.9506679878469 310.9506679878469 310.9506679878469 310.9506679878469 310.9506679878469 310.9506679878469 310.9506679878469 310.9506679878469 311.00753758015236 311.08283019850586 311.1558188863109 311.22686598370757 311.29534060700223 311.3607762390027 311.42227063211686 311.47889619205444 311.5315316912993 311.5784946202126 311.6194286469116 311.65300652172294 311.6801396678505 311.69804993563724 311.7050881087057 311.70228548341845 311.6898246752634 311.6681193032906 311.63783590725234 311.5998027079383 311.55491700712975 311.50406970866135 311.44809440021015 311.38773968828673 311.32365920533704 311.2564130137923 311.18647525391526 311.1142444770132 311.0400545040624 310.96418465450415
310.9506679878469 310.9506679878469 310.9506679878469 310.9506679878469 310.9506679878469 310.9506679878469 310.9506679878469 310.9506679878469 310.9506679878469 310.9506679878469 310.9506679878469 310.9506679878469 310.9506679878469 310.9506679878469 310.9506679878469 310.9506679878469 310.9506679878469 310.9506679878469 310.9715521583015 311.0548204036525 311.1327126610267 311.2085185369609 311.2825031332158 311.3538553749373 311.42219375952027 311.484917560513 311.5452915330784 311.60270942529115 311.65359265023216 311.700673527944 311.73990669792875 311.76844388521897 311.78722180477865 311.7955150707298 311.79247104276243 311.778535198741 311.75437831844835 311.72090296140846 311.6791945125818 311.630384275412 311.57555008780423 311.51565980135524 311.4515492208921 311.38392223661435 311.31336264416893 311.24035056256855 311.16527939298203 311.088471345832 311.0101907956652
310.9506679878469 310.9506679878469 310.9506679878469 310.9506679878469 310.9506679878469 310.9506679878469 310.9506679878469 310.9506679878469 310.9506679878469 310.9506679878469 310.9506679878469 310.9506679878469 310.9506679878469 310.9506679878469 310.9506679878469 310.9506679878469 310.9506679878469 310.9506679878469 311.0143778648131 311.096547812687 311.1771120327193 311.2563052081558 311.3326840433846 311.4047161217859 311.47378047308354 311.5403486549414 311.6050644640103 311.6685856863252 311.72954743173005 311.78093838922666 311.824406080155 311.8562686911403 311.87595913537746 311.88497791751416 311.8825692298392 311.8667770244838 311.8395767830977 311.80223262638543 311.75619072259923 311.7028835267212 311.64360594030927 311.5794633924132 311.51136711796727 311.44005332380397 311.3661107960287 311.29000873260765 311.2121212869278 311.1327478348902 311.05212913540277
310.9506679878469 310.9506679878469 310.9506679878469 310.9506679878469 310.9506679878469 310.9506679878469 310.9506679878469 310.9506679878469 310.9506679878469 310.9506679878469 310.9506679878469 310.9506679878469 310.9506679878469 310.9506679878469 310.9506679878469 310.9506679878469 310.9506679878469 310.9667366299636 311.0520000734332 311.13570859296425 311.2183143832918 311.29953105648417 311.3776722131937 311.45093238603556 311.5206944692675 311.59091038232157 311.6598329221927 311.72713030781733 311.7940138501219 311.8551449516771 311.90397623526013 311.9408536868503 311.96616669748505 311.9765660688484 311.9722656747384 311.9543304127755 311.92326885957885 311.8811765474523 311.83000803173155 311.7715714345551 311.70739470535943 311.6387037447266 311.56645528480334 311.4913867761176 311.4140649516826 311.33492652933285 311.25431007453864 311.17248013098634 311.089645221878
310.9506679878469 310.9506679878469 310.9506679878469 310.9506679878469 310.9506679878469 310.9506679878469 310.9506679878469 310.9506679878469 310.9506679878469 310.9506679878469 310.9506679878469 310.9506679878469 310.9506679878469 310.9506679878469 310.9506679878469 310.9506679878469 310.9506679878469 310.99623421267745 311.0831945872384 311.16969536210877 311.25340528411255 311.33625404484803 311.4139362852723 311.49079327161525 311.56680784749454 311.6417675892205 311.71492453143804 311.7836059262752 311.8464405108069 311.9078631101639 311.9647000208184 312.02067240207583 312.0513690105486 312.0617549230391 312.05890780040676 312.0408248206014 312.0047421323571 311.9567619410892 311.89954429935443 311.8353310653173 311.7658594633125 311.6924220869036 311.61596595199836 311.5371840517748 311.4565868246477 311.37455421604625 311.29137253771415 311.20726033459425 311.1223865634332
310.9506679878469 310.9506679878469 310.9506679878469 310.9506679878469 310.9506679878469 310.9506679878469 310.9506679878469 310.9506679878469 310.9506679878469 310.9506679878469 310.9506679878469 310.9506679878469 310.9506679878469 310.9506679878469 310.9506679878469 310.9506679878469 310.9506679878469 311.0211046041353 311.1102502804967 311.1984383208323 311.2837344186211 311.3660751316918 311.4478016452737 311.52094091988675 311.59658960826096 311.67691569015807 311.7581916784874 311.83980897694596 311.9029886975644 311.9724980944513 312.03274540830984 312.0874482043552 312.11533139052267 312.1335016131625 312.14203627788567 312.1255783920775 312.08280629920654 312.0275006432701 311.9632496957789 311.8927049376459 311.8177062411084 311.7395055119216 311.6589575331897 311.5766542425148 311.49301318543525 311.408334717202 311.3228390818125 311.23652014855827 311.14946304992554
310.9506679878469 310.9506679878469 310.9506679878469 310.9506679878469 310.9506679878469 310.9506679878469 310.9506679878469 310.9506679878469 310.9506679878469 310.9506679878469 310.9506679878469 310.9506679878469 310.9506679878469 310.9506679878469 310.9506679878469 310.9506679878469 310.9506679878469 311.03931105317344 311.1298839757073 311.2176072516672 311.3060696117221 311.3851943970335 311.4584805140947 311.5374121946709 311.61913059404407 311.70095730670465 311.7848426910926 311.8782653761763 311.96234139689756 312.03523575738666 312.10038909316245 312.15395495122243 312.1906032711442 312.20762998952483 312.22247196536324 312.20728320319523 312.15538504188584 312.09110203797974 312.0189861087282 311.9418559206707 311.86141810751866 311.7787225615327 311.694434982067 311.6089917593243 311.5226168879589 311.43546737312016 311.3478047089029 311.2598020079502 311.17114403292106
310.9506679878469 310.9506679878469 310.9506679878469 310.9506679878469 310.9506679878469 310.9506679878469 310.9506679878469 310.9506679878469 310.9506679878469 310.9506679878469 310.9506679878469 310.9506679878469 310.9506679878469 310.9506679878469 310.9506679878469 310.9506679878469 310.9544658555679 311.05081849306487 311.13927939752205 311.22985369142356 311.30779034812525 311.3860261286985 311.46664677909655 311.5559298908116 311.6411324121629 311.7179383161839 311.8043693471099 311.9008868485916 311.9914611539639 312.0667440082421 312.12658161161494 312.21106686647664 312.277829906981 312.31433328432894 312.3067939576162 312.28296305043875 312.2187630417753 312.14412923862125 312.063957479848 311.9806186371891 311.8953414795105 311.8088079457493 311.7214212053698 311.6334328931136 311.54484318443315 311.45591711902165 311.3667007166882 311.27702966046246 311.1873873758958
310.9506679878469 310.9506679878469 310.9506679878469 310.9506679878469 310.9506679878469 310.9506679878469 310.9506679878469 310.9506679878469 310.9506679878469 310.9506679878469 310.9506679878469 310.9506679878469 310.9506679878469 310.9506679878469 310.9506679878469 310.9506679878469 310.9546114910213 311.0521194335495 311.1415449504358 311.22641878602855 311.3060014701194 311.3843869388938 311.4685763862751 311.5566769845232 311.64527703932237 311.724072219881 311.8105756219739 311.9025918672388 311.9880166068295 312.0835721941651 312.1962525891688 312.2859852552407 312.36972767708096 312.4163942255679 312.4040016385268 312.34495453280397 312.26653207553784 312.1818879155879 312.0949059709152 312.00673158698453 311.9178700481747 311.82854679219207 311.7382427495504 311.6466358358966 311.55657901880176 311.46619784387303 311.37665255745225 311.28698531848 311.196494802559
310.9506679878469 310.9506679878469 310.9506679878469 310.9506679878469 310.9506679878469 310.9506679878469 310.9506679878469 310.9506679878469 310.9506679878469 310.9506679878469 310.9506679878469 310.9506679878469 310.9506679878469 310.9506679878469 310.9506679878469 310.9506679878469 310.9521398320472 311.0472656092621 311.13273331518354 311.2222742210685 311.3010661204106 311.3853348760029 311.47144930086904 311.55256025247945 311.6293194423985 311.71519455756714 311.8110377892554 311.8980978823218 312.0238886394245 312.1362752243036 312.23653018956605 312.33345394140173 312.42445576565717 312.51319644579166 312.4680767067326 312.37980064254646 312.2897028573631 312.199306054184 312.1088196180555 312.018300097055 311.9275041671867 311.83491620884826 311.7405173380765 311.64720133474776 311.5582940903243 311.46910251744737 311.3802443424024 311.2901265434114 311.1995081761189
310.9506679878469 310.9506679878469 310.9506679878469 310.9506679878469 310.9506679878469 310.9506679878469 310.9506679878469 310.9506679878469 310.9506679878469 310.9506679878469 310.9506679878469 310.9506679878469 310.9506679878469 310.9506679878469 310.9506679878469 310.9506679878469 310.9506679878469 311.0317928338558 311.123100228263 311.1967266283206 311.28102664042 311.36845345925434 311.45214692796685 311.5346741423221 311.6245950407954 311.7126981735874 311.82734557434236 311.9440113923132 312.04433654339084 312.1491764360878 312.24197325948086 312.3312389826304 312.41364419034477 312.46942670863484 312.44451606728796 312.3675738063736 312.2816530465078 312.19327820439366 312.10341010467516 312.01243069691935 311.9211733470414 311.8299825381223 311.73215202727243 311.6379642429036 311.5496429551165 311.4609689101977 311.37202678618524 311.28211254342676 311.1928655292099
310.9506679878469 310.9506679878469 310.9506679878469 310.9506679878469 310.9506679878469 310.9506679878469 310.9506679878469 310.9506679878469 310.9506679878469 310.9506679878469 310.9506679878469 310.9506679878469 310.9506679878469 310.9506679878469 310.9506679878469 310.9506679878469 310.9506679878469 311.0040732063275 311.0863879482825 311.17448613371164 311.2601856468023 311.34079953664303 311.42819541466525 311.5173819699904 311.62981106897803 311.72230470161514 311.845792675378 311.94522998288835 312.03863705030494 312.12878450430514 312.2115247349354 312.2869784481743 312.34928672612045 312.38321786774173 312.3688006013121 312.31573854236467 312.2419169011278 312.16199302970404 312.07649131008196 311.9862785635062 311.89773690801917 311.8073126544165 311.70939414167316 311.6179632426145 311.5269597027206 311.43966401917766 311.35305559456845 311.2648607261352 311.1778370053322
310.9506679878469 310.9506679878469 310.9506679878469 310.9506679878469 310.9506679878469 310.9506679878469 310.9506679878469 310.9506679878469 310.9506679878469 310.9506679878469 310.9506679878469 310.9506679878469 310.9506679878469 310.9506679878469 310.9506679878469 310.9506679878469 310.9506679878469 310.9713245560206 311.05333351863476 311.14189351939007 311.22894211536726 311.3188408586485 311.4271848824063 311.5357642965414 311.6375299819571 311.73038320799014 311.83274161133846 311.9234866569369 312.00704670369515 312.08613187465704 312.15902985626855 312.2211105735006 312.26825692474813 312.29262093518844 312.2838098873049 312.2424180598025 312.1796674665232 312.1044831825194 312.0254609595617 311.9424225469536 311.85526635732174 311.7687713513899 311.6771493751105 311.580312208766 311.49474390104325 311.4099356433515 311.3228946359087 311.234686544684 311.1454781824967
310.9506679878469 310.9506679878469 310.9506679878469 310.9506679878469 310.9506679878469 310.9506679878469 310.9506679878469 310.9506679878469 310.9506679878469 310.9506679878469 310.9506679878469 310.9506679878469 310.9506679878469 310.9506679878469 310.9506679878469 310.9506679878469 310.9506679878469 310.9506679878469 311.0196911339502 311.1009073183589 311.20330098828435 311.3269569820076 311.43038991407315 311.53114983973813 311.6267446461996 311.7170380526562 311.8022741214052 311.8814842585708 311.95662675772934 312.025916133138 312.09144998003813 312.14425965025276 312.1853685047161 312.20099859032496 312.18765486277715 312.150337929468 312.0974190499263 312.03032578536687 311.95708415674545 311.88147451485986 311.80110238815615 311.71808715487634 311.62642105189025 311.53009150475845 311.446061876242 311.36661947516694 311.2786858195226 311.19366894278903 311.1104059668756
