output/LwrbDownWellingRaster.asc
NCOLS 153
NROWS 173
XLLCORNER 628082.1585431173
YLLCORNER 5141515.270487413
CELLSIZE 30.005356186399773
NODATA_VALUE -9999
[rows 84 to 104 of 173, columns 96 to 143 of 153]
236.3294656387065 233.2432445804833 231.41935030143185 233.15586052600915 232.038734889347 232.1942149067816 232.9430625819989 231.56668293881478 230.76648681291633 231.89000027864353 233.44124383653676 233.8981198459838 232.8770809533226 237.00252427431732 241.377793014204 237.1413016207976 237.0240819355011 236.9522300510038 236.63828992131997 237.2244546638999 238.46251489935653 240.20579108767674 240.37284979804042 240.53858391678682 241.72253327729874 242.0584416668509 242.60108653475584 242.56920356980055 243.1963507450694 244.00207538472674 244.56827873714104 245.47900055454608 247.22216574583666 250.72830856716885 251.3024700019521 249.82699891697328 247.22096858171375 248.15342786550806 243.9790733927304 235.27116038244444 264.4205987052937 -9999 -9999 -9999 -9999 -9999 -9999 -9999
241.49979687468758 237.67252460765792 235.67752344550408 231.10458902081515 231.05635792331657 230.88004734720943 231.09353374613852 231.91114417109088 232.24255622048094 232.43096120917764 233.0228579362623 233.31290463756443 232.4579254479645 236.45279055276842 240.14242357793148 236.7329024244443 236.56753582341932 236.24544674132787 236.1390672213645 236.94802214414432 237.58695363741867 239.2652680052563 239.89750916655274 240.30314605265613 241.08844456138434 241.44838507745425 241.85698275589888 242.03014802441007 242.59678466627432 243.45416049070798 244.602621217908 245.26041512800634 246.936545519589 251.08532952098395 248.53911969721278 244.9007007480036 241.46857975269725 245.29443589675668 244.2145218613133 238.00861165880008 271.0056052142118 -9999 -9999 -9999 -9999 -9999 -9999 -9999
237.8228900616781 238.38844981641807 236.80502317826452 232.06612326786365 229.78468457595181 229.72798273514894 229.80352562509069 230.43417496305455 231.8683205644889 233.3547329905172 236.02594222494915 236.67426385678135 234.58685188904929 236.5260993637437 238.2253841875987 236.77661552528951 236.31100786185078 235.85431663308077 235.54076347782342 236.2443502746009 237.25063379066708 238.2248188365482 239.28254711635861 239.82328777134148 240.23195752002576 240.9333850867393 241.0664448762019 241.35145916379423 242.28908080017231 243.31013897476637 243.96159335871312 244.2405817073332 245.51986058238373 247.22503042853643 253.77612338967265 244.3483798792059 241.33472374866278 247.2644515058263 243.97098905842722 237.80139548754573 275.8698267063007 269.08749088345365 -9999 -9999 -9999 -9999 -9999 -9999
236.1425460717105 235.7351633698654 236.82980981648808 236.95197479213795 231.38904768743257 229.49239817619747 229.19164901894612 229.21139262427997 229.57936680609157 230.83576824106183 233.04794674272827 235.04870063196023 236.261261070692 236.2082950896692 238.1443302167831 236.2911733267966 236.04693422574042 235.59757066514604 235.36523018122875 236.24519658919834 236.65196184944375 237.93407600958258 238.78432245577554 239.02396162753158 239.58487454770824 240.12298677781567 240.48268197455099 240.63033175976852 241.55751908179664 242.24194198000927 242.82119007135014 243.0273604923649 243.39669384216774 244.03367998900939 248.14938228540558 243.27537084059935 247.2469387079788 247.97495061998757 242.84904583742696 238.98040044750826 235.7748481656503 264.1613658986923 -9999 -9999 -9999 -9999 -9999 -9999
234.9094983419176 233.802521438854 232.64560630343527 232.83078418796097 232.5486033108159 230.1203437828846 229.34962765025756 228.94229167051387 228.80758096154855 228.7350651247701 230.78877085821327 233.7710411600378 235.2262670986086 236.70212514496248 237.21010869584148 236.16863465391407 235.67188987350653 235.26318015996813 235.4744755755131 236.04913579634024 236.97554107222743 237.93263635090875 238.62112702075615 238.55836551430767 239.27889311099307 239.81844416949636 239.8361142199015 240.40298752740568 241.27250866378904 241.7064201786713 242.26416056117577 242.33235977821988 243.32225472823615 243.7204352823269 246.65345318066008 246.92205341729485 250.69697202711285 250.0639145310766 242.06161025931567 236.3296299302645 234.22777131339328 264.28371748860536 -9999 -9999 -9999 -9999 -9999 -9999
233.7829634857532 233.02515930237502 233.7467341097633 234.2062791561034 233.82529527234297 233.1120242737922 232.20940383277548 230.84261723487643 229.66803695227813 228.8709593698128 229.896059094372 231.45061316367912 235.46424653493608 237.5716532122119 239.44705177387942 236.83222708232952 235.82873549858184 235.32390216917338 235.25453411834104 235.82552768535896 236.25308078163863 237.2574440227786 238.53888373706116 238.66914275575567 239.0782184731079 239.47048820218487 239.71641088168502 240.24043591990613 241.2833383799897 241.7579560797965 241.99465870449933 242.0709513485217 243.65318671902065 244.2607567631435 246.26110614553681 246.63433448040064 252.02518148916516 246.11338653868876 238.4531545534581 238.7808716732884 237.96017274086302 264.28746286564706 -9999 -9999 -9999 -9999 -9999 -9999
233.50587955979546 233.5164199842981 235.07209233442717 236.09683814300007 237.09676808499592 239.07718718785378 236.3650293194104 237.03657024031259 234.493680905555 232.93110370471248 230.91217517899182 229.40095333483393 230.94916200311417 234.54746249413515 237.8926066323935 235.38932032605373 236.9598944884927 236.17090700484022 235.32850705383618 235.5460731010279 236.30498189510263 237.0550191713208 237.98757224475074 238.7296360212302 238.9419610504446 239.63206286145504 240.2089143280113 240.3034552288984 240.90404890720663 241.2999410905978 241.94492969580602 242.40513472013623 244.2951611601904 242.6292955785393 247.05244547355477 246.17391397118075 246.28319361269183 241.56819188787722 237.42784868679252 236.56059427761394 236.91824017472354 264.2897119186961 -9999 -9999 -9999 -9999 -9999 -9999
235.01042297531487 237.33369027674365 241.31082877592956 241.7316367034504 239.05289358072304 238.3030124895529 239.28257846656615 242.2346049236724 241.2302731084532 241.11903263613715 236.94505520979698 231.25843816990636 229.0970269894141 232.23169853368512 234.6673227431802 233.6831383908904 234.0915967159318 234.72362029016068 236.32816502693242 235.4767580919318 235.84728879405597 236.51513223160438 237.37091712901696 238.206357763783 239.02178895047666 239.1871213311771 238.78019936153854 239.23964923702488 240.21268942586397 240.7893753841962 242.02544613742566 243.71054910887972 247.6162879860935 249.62866588958798 246.71579043392225 248.60602633475074 242.70239897488432 248.80534574138662 237.36509589049308 236.2514739843547 235.23624595563527 269.26632588388367 -9999 -9999 -9999 -9999 -9999 -9999
234.37675281989848 234.58268369209054 236.04066315112706 237.9670138021753 242.1181416235973 240.06481392021877 241.6669749453414 241.97701434132105 242.42731621947883 244.65834818520204 244.85093540562855 239.36978433831825 230.60662818051665 229.8370893612617 231.83031760427122 231.94761271995364 232.58013027421265 234.1039584640679 235.7979674144203 235.1743952744423 235.70165803160003 236.4886121750891 237.202279028834 238.08554162402658 238.31024108250196 238.24721615322233 238.49001550327495 238.94942353091523 239.56192238692017 240.3244831136575 242.13426777829085 243.67962285713608 245.96385589059778 249.95438935064212 252.93007746305412 243.91997043147612 241.99083135733002 242.6228087077301 239.06112831498564 232.84704035805936 231.46753953386678 270.51135398799335 269.2503424754769 -9999 -9999 -9999 -9999 -9999
235.7234152868196 234.57809846281407 235.5478608022935 236.28229950381407 235.46876852606326 235.36283348963082 237.39008221022064 237.85616535326932 237.90606250858278 238.36025569613196 240.48573981322446 242.9753531916875 236.40841029195897 233.7326058229291 230.00819301886233 230.82424817276944 232.819218262805 234.7792936218362 235.9784931152425 237.14151885941507 236.49151238060412 236.8131134403718 237.4481655928164 237.8666786868972 238.01085082443106 237.98331395335035 238.42964072573406 238.7221807764281 239.17580642288127 239.79885117076253 241.73803824280543 243.47860481101804 246.2074629654109 250.2803496577477 255.62592264513663 246.7804121702096 234.93919489486268 233.5072550858347 229.04715018388563 228.79985559026736 232.96912933837194 236.04002651735286 271.82981551674493 269.6496231133782 -9999 -9999 -9999 -9999
234.61955706434972 234.279030032309 235.96435927841785 236.5577943233429 235.59876964014452 235.61492570363816 238.47420748757412 237.71243462998856 236.40419159681946 237.1559257830255 236.94274842274794 238.77846774737114 238.97022870175613 235.5843203953131 229.4613801660165 229.5184631225835 231.3681687026659 233.43195515566978 234.53452545781184 236.11162888021073 236.61685759912731 236.62006235895103 237.04594523575128 237.91197772733557 237.7710641314655 237.8571028282825 238.20941388461955 238.6478829451545 239.38556748122508 240.13193927289402 241.7658824500461 243.63109782403305 247.12298617180886 248.63325602159117 260.120501551851 249.3125387273171 234.98343657092997 227.16903713749608 228.95417898761684 231.79568436151354 233.39724874420085 233.841129186829 231.8312683317767 264.9364506224393 -9999 -9999 -9999 -9999
233.75411853182806 233.95711299211936 237.1107047347844 236.7343365600185 237.54187245699484 238.31773343536398 238.13522543912853 237.60687826488356 236.70163642571686 237.26764788480352 238.81785322544323 241.30665265199428 239.25403085889997 233.88331895357993 231.0592384824752 229.57211728592847 230.65847118793016 232.85701834056988 234.1599774552423 235.2862255754642 237.45245422663209 237.540136791547 237.64155159093258 238.06129821318862 237.7770742196579 237.91061712124267 238.25679400539414 239.07020957704393 239.27000606602746 240.81240748974687 242.19073077075555 245.11345256928115 248.9790549108647 246.28202957243101 253.06226931186953 250.49774877556274 236.29522930403274 226.81781691477264 229.1126466039102 229.40423166124293 230.1457063494348 232.09179684128145 233.64138939405177 270.1326829511732 -9999 -9999 -9999 -9999
237.5159106556739 240.98665037518901 238.46218035003972 236.09929542708548 236.07406388121228 236.30043797576093 235.98960581291402 236.03668291239458 236.20757839478944 236.68546551838472 238.27948795351483 239.05048145284493 238.38120501224643 237.2761874987334 235.81428529690066 232.17072699044513 232.67592650854596 235.54073668564502 233.06465533427334 233.29020462119888 236.70550014823115 237.8621444999634 237.3574439295792 238.0842232022694 237.80524366541704 237.8104042490242 238.48714989807385 238.90311038915303 239.502456611569 240.08322891017093 241.9337449736143 243.16675873151144 247.03001927792835 245.9823885528594 249.41308416213445 245.05468660673046 235.94029509547323 228.54569921987135 227.7456290316212 229.20407659250068 230.72110481111503 233.06768336885102 232.74496192246852 265.41425393265 264.25550044896164 -9999 -9999 -9999
243.888727170646 237.82420144514916 235.9304271383112 235.02968050099096 235.22249314857862 234.92087756101648 235.23448426999255 235.3033064818419 235.6213587550567 236.3142904561234 237.20900295785475 236.26612560414168 240.0412527048063 241.1878242085925 239.9751666431386 235.81111404087036 238.20866345363714 232.7700030421371 231.27410499655286 232.1068615483923 236.17311337030404 236.8172326245957 236.9329577005377 237.47609663061607 237.7111669578344 238.1004409834455 238.9789922840351 239.59454466739385 240.39922312521037 240.77857411181756 241.13801740724227 243.03931462026046 245.16085093302166 250.3863012971251 253.45295260965787 241.99501508253033 233.94837437830694 234.96218451886898 235.6056129822539 229.20640985565745 229.35041206306371 233.43748496279886 231.05213961560855 267.4143415547234 -9999 -9999 -9999 -9999
237.46232948510823 235.26711067104202 234.35670442610186 234.52921867882316 234.27645075796485 234.26080251101527 234.4439449034658 234.91224136640682 234.94218916032185 236.12677095497145 238.02553530497 239.45121839802994 242.03700475945377 245.38121335860026 245.78974076423714 238.6049635054566 234.7538987712531 231.78540203573408 231.44300266422152 232.190367655908 235.6884178542578 236.95980061004843 237.2661704560218 237.14895522342454 237.7953735349858 238.31266901554636 238.99145110394625 239.76588958012175 240.84328784628806 241.23363145092776 242.15143411010914 243.30738729721529 245.26014261060598 249.305879518911 252.79747413301158 239.34919796938814 232.00814896096216 234.2975249914162 241.58264021858827 235.29692526196533 231.45878916462507 230.962549194527 268.9823133070296 266.69613036862137 -9999 -9999 -9999 -9999
235.15674666062088 234.07350412734547 233.8744206801312 233.6524911988773 233.53939483049848 233.49956930021915 233.8742149077338 234.6197397356289 235.1677291184543 235.26660982179234 235.81837501041866 236.29841267452068 236.59890606055592 238.28700957559045 239.84612481622176 238.98542596228037 236.80888110926986 235.538664995648 233.89199935585364 235.2841672045072 236.82422377608324 237.8540597524564 235.8793472024261 237.41710579759416 237.82515329454262 238.14181823909632 239.32647055852175 240.28572442182346 241.0844229501786 241.95382117413277 242.66436087503885 243.85769066435407 245.75563554379335 250.9049636892352 256.65149476812303 237.12691543557727 230.53923709904626 232.63042751088355 237.95073420593042 247.6384536131682 237.2588320506888 266.63594722701816 266.64608636044943 -9999 -9999 -9999 -9999 -9999
234.334257272449 233.7707687947348 233.48864846294813 233.2759617102654 233.25540985644108 233.1645933306541 233.44262549048048 233.96735620716225 234.7037177960996 234.88525091215 235.38199467112733 235.49976014088406 235.5582326147497 236.91255137161312 237.531332881485 239.0884206609131 240.68324663764355 240.19818273342008 237.38760962503724 238.30265269767165 241.57928172360226 237.4705748813131 234.90063966987645 237.9528228194528 237.4589098813745 238.45379406930817 239.42924145260764 240.62042348996692 241.8249674599142 243.0684485573829 244.5667485243929 245.78236371131527 247.29789094373876 254.847545690942 252.21155987868121 235.08135280837064 230.68425899965558 234.12944742225153 236.06029146668033 245.9887348195685 240.31252885474626 264.620757911918 -9999 -9999 -9999 -9999 -9999 -9999
234.20377103419528 233.33416923896095 232.9718459410963 232.9061662825265 232.45854201315632 232.82204072884971 233.3869932415638 234.20758460553907 234.62666594838072 234.32666954268774 234.65900347660744 234.78202910576726 235.00129083339834 235.77764607373055 236.09126775793038 236.34839404380583 236.93684058045307 238.51943985998702 239.77436049964356 239.31692344768362 237.030900391368 235.79546034345063 235.84341896353678 238.13036705298884 237.39353165881346 238.518127326026 239.53453702056845 241.05814654595724 242.28538372453602 243.4496476775554 244.46948040188556 244.96303607051175 247.7231245763935 255.74453897902265 252.12817569480202 235.43081704399398 229.98462199354842 231.14024127653738 233.47466207719748 240.7824586318348 239.63498138844116 269.70115703041205 269.11217843132727 -9999 -9999 -9999 -9999 -9999
235.82158503602722 234.19667644693928 232.02082733085325 231.84508982284015 232.86700261677896 232.6966755099862 232.85391407929956 233.19115770077707 233.60354187124582 233.75483256212303 233.78619247107184 233.99104360885565 234.3084646223919 234.824127300766 234.94406234683868 235.29262915675722 236.16188056154033 236.83581860718834 236.39765643691715 236.78202740674112 236.47149580620933 236.18663314216127 236.20122865334247 236.79442186389056 237.67827978096773 238.36784032962527 239.57278402060356 240.52076288903316 241.27786034637262 243.00002022938062 243.59869732113913 244.8842509142738 247.59278514911557 255.57224714047595 248.59756585857886 238.76299104425223 230.58626915732125 231.14105004865172 231.78676349501583 236.31428849109088 239.80920140013058 234.58670229367738 264.3576190217589 -9999 -9999 -9999 -9999 -9999
232.88348913232886 231.9832009305468 232.91588781638444 233.4686840755144 234.31564292823813 233.484155116164 233.38798026266136 233.23797507465903 233.3011129889253 233.3121405097359 233.30663650171994 233.59961052295407 233.97857188073002 234.32795000564818 234.7359501669236 234.9778537836125 235.23214675309703 235.44716216917217 235.64608774542643 235.78961708020262 235.8162528737563 236.4046517224703 236.44258486175906 236.77588352370407 237.55891035608906 238.77007337088384 239.9311569549327 240.58410435361168 241.51255691180012 245.29597139547067 243.81731023981177 245.51389967288327 248.94349600077715 247.75187984816534 256.1255090845509 242.1394547101017 234.81186480467642 231.18603916888648 231.78591091349716 234.03983136037277 235.32589096865223 233.7909090572208 264.7616412798369 -9999 -9999 -9999 -9999 -9999
232.92949127346677 231.45508233024705 232.74569711425065 231.98530767910677 232.61258852836633 237.1382200388279 235.09265627097747 234.76968081598537 233.0981746767714 233.14068412985603 233.18456963620804 233.54215234709278 233.742043891978 234.32346156734096 234.16131363281482 234.42564911606092 234.6310021449234 234.95927286767116 235.1645951342511 235.4965644094639 235.5465740766117 236.01678568122912 236.25011377684632 236.91129576923845 237.87388579158625 238.80181281821996 240.17119532901756 241.2734178304624 243.06447639934285 240.96807444041636 243.51905537947124 245.0162829428481 248.17763083223457 254.74436135818456 252.68440040821037 241.70318576318712 234.07739119985916 235.37325400471428 231.16646763687032 231.2919457178264 229.51454896683688 227.3318822187113 270.55079396977294 -9999 -9999 -9999 -9999 -9999
