output/LwrbDownWellingRaster.asc
NCOLS 153
NROWS 173
XLLCORNER 628082.1585431173
YLLCORNER 5141515.270487413
CELLSIZE 30.005356186399773
NODATA_VALUE -9999
[rows 105 to 125 of 173, columns 96 to 143 of 153]
232.14115303966142 232.06987897013383 231.67582720739733 230.3599664614581 231.69604157822076 236.01130732133345 233.85862557799717 234.47155209130415 233.05288792737144 232.83857635867705 233.2632858196979 233.8958620432917 234.42557809185453 234.90593758366992 235.1970147031405 234.39429754164138 235.21485763908652 234.92466436821968 235.16704942019857 235.26295050712204 235.43886925141078 235.97541901799212 236.36720904243526 237.21143375963575 238.0334956916848 239.0968399051826 240.14907039925626 241.55504715723254 242.6757948361555 242.03431417866065 241.80474379911698 243.51861974358604 248.27616593185232 254.36742443303328 254.53924656355795 240.60634355746805 232.8396926580342 236.333883437565 230.6192383796022 228.36997294172673 226.8421976765918 226.34165206048237 273.347247322786 269.11217843132727 -9999 -9999 -9999 -9999
230.8781972531306 230.16757385439385 230.51788958340455 231.45478487910114 233.40536710678998 234.45139888889804 234.68577889206216 234.2867769186036 232.7998910444538 232.89643800974994 233.95830384600293 234.99559177980285 235.81168242754248 238.3506825449046 236.84812126152104 233.95342730362933 234.98977347325803 235.88132630866085 235.9235463980413 235.70793739602644 235.51842099514477 235.91108205562423 236.5812979737748 237.34360311912803 238.37315280634294 239.68603090934604 240.70640714512518 241.128877230882 242.3700769630674 246.84051934696328 242.31824371741163 246.0106097383055 250.57382929147644 253.74732714200422 252.16568375608148 240.69119502094625 231.82256038045207 231.11303074890577 231.1662232317379 228.2970416838369 227.42572875593834 226.39526045617353 227.15473450213142 264.5334846847959 -9999 -9999 -9999 -9999
230.38175558849133 229.69105977817296 231.32124107307504 233.96065614744805 233.7419381284377 234.90095201518554 236.28997448952168 233.20547265096883 232.59677135252142 233.0882436868842 233.44454318683404 235.21670499864393 237.01686054317827 240.49389826672504 236.395856817244 235.60384309422716 234.3494728774925 234.46116896415614 234.83419105095678 236.35633194051513 236.26044063149453 236.02706629817905 236.36493297388466 237.13138210531906 239.10042311469405 239.4943998542634 238.9334178831196 239.18255477653713 242.1359166288505 245.41145411188268 244.9728452933439 247.72105099205703 252.26359546778153 244.3041501193838 256.83064854987896 238.95947708490795 230.64477532554943 229.5767821441718 228.35157554257825 229.1011456749652 226.7528136086301 227.93444717204179 227.14930999667766 264.8095338616499 -9999 -9999 -9999 -9999
231.2674942963384 230.6344571337514 231.20943124271764 235.9623083428484 242.12479222163404 238.37710313537872 233.57531895225682 232.7372971627415 232.21498959007587 233.11909668817233 234.76339871489526 237.26239662298647 236.42191964698887 235.35249809150716 233.32237537731277 233.63772028116566 235.77574814620323 235.37771123468914 234.49960203841223 235.55466822580536 236.00016485187655 236.42713618895817 236.64733334278915 237.0858243928667 237.86155004116281 238.1461449511669 238.2859353896637 239.17818573311123 241.1379949594713 242.83000199505764 245.9777234743819 250.6376474269752 253.3549676828613 241.72674472130112 238.46858504090466 236.10687262493676 232.13631975808374 230.26212863839967 228.85689711834374 227.98374364349846 228.88705451420813 230.87712131770317 227.16176462168326 264.33220431537245 -9999 -9999 -9999 -9999
233.27669073222904 229.91634016247207 233.35088036053529 237.45003349146128 240.48720247975749 234.4443278311035 232.75193426736578 232.21916625754722 232.4020588442155 234.22483752090525 235.82831328471562 239.24120930302294 233.4692676494125 231.16140850510448 230.9496567611365 232.18036906385606 235.70676359387556 236.00951319527704 236.68534127670083 235.68191406801023 236.3245761662405 237.58782886960992 237.5068791938079 237.47630903726315 237.89469472401515 237.53087799409002 238.98395133477032 239.93243668265114 240.4852401635801 241.28537722784398 243.92683527829547 250.75094876526902 249.7024557714496 240.2347482960176 239.5682463188167 235.88675736176984 231.5329272439715 231.04303950370783 228.67661776913658 227.67463966416625 227.53625472807786 227.14630639958645 226.18066013261955 264.37668008348305 -9999 -9999 -9999 -9999
236.21383220673482 234.86579057321887 237.78166226782727 247.3077410550067 237.28095962170713 232.82066022096646 232.09124710297877 231.4757993149982 232.4606506962174 233.50379097457062 239.47161417048517 236.3167651272974 231.75043069328436 230.1965973383824 231.22222051469055 230.88033160707636 232.33650082025923 234.38429416631678 236.49672724375748 237.27560697236777 236.49436445274102 239.0250432746426 237.01396450549166 236.7974778868255 238.84876376432248 238.40227285851014 239.63439763639315 240.85068028675485 241.4424110460422 241.5554892455765 243.52206875656105 248.21259316179487 250.90040017705195 245.2081619874869 237.59157302741778 232.58329636561854 231.61400499161238 230.02058901690802 228.2272221702388 227.52651692643607 227.85082584832108 226.72352779446433 226.12152864250066 264.5695143435215 -9999 -9999 -9999 -9999
243.01051398015346 238.34909535742256 244.09230935718207 236.11825702844092 233.02287086025285 231.96207365280958 231.39557238500066 231.12098747459567 231.49655349903242 233.1548309234135 242.0093140144807 236.24019800309804 231.0197300471894 229.21772646999062 229.48702042816623 229.59194452141142 230.53626480066978 236.7255658283629 238.09120323909147 237.77599667360923 236.7541046564064 237.71295526922495 236.37770809290677 236.12020627203813 237.40284097036454 237.86888782616924 239.3021735399679 242.2922858064327 242.07562791412164 241.6286799441104 242.07007189081062 245.62804473878347 246.3178887924131 245.50556116960018 244.0634673085965 234.93605416713737 229.25517613558486 228.930757310896 227.13478622350496 226.75789698928477 229.31178249241975 228.12328034371373 226.3461308141537 264.31421504404886 -9999 -9999 -9999 -9999
240.87670723438947 237.06816190012154 234.32757459668738 232.2991816306286 232.46710794964338 231.51614447540015 231.09817719320222 230.45167334957895 231.55529027084455 233.9787799165328 240.07029363415913 235.83870609851823 235.16045229670522 231.24856721439107 230.00109636804447 230.53896684195436 232.72034543582197 236.74148586805003 238.79050514002898 241.17993277642256 241.10251868622345 239.28817854643165 236.37758656313156 235.8270695540765 238.55989282395205 238.98769542282554 240.86890496484733 240.90611359089073 238.37325652364828 237.98776176623448 240.2614471216696 241.37144573983477 246.6643276257475 245.61226755388327 243.83857806195283 241.28335045434295 238.3510526620751 232.51519581868823 226.5638906192003 226.5498425985948 229.9078678138084 231.62594672483442 227.24188668127044 264.3047591232469 -9999 -9999 -9999 -9999
234.41636098374383 232.70803145060546 232.37211844101833 231.8112718241639 231.67101381061474 231.10301690597078 230.44346788492206 230.5882276517758 230.9301020036031 232.93736953981028 236.0528240591505 238.7191324893253 236.5601888661384 236.42858733829362 231.04963867324406 231.3443705864992 234.12170305361488 236.10735841210848 239.6831828876125 240.45396330803072 237.40641342096808 235.4928819416334 236.3333643435978 235.051134815618 236.75633420595625 238.92272022366953 236.93905529092535 236.03548659048806 235.08819406306662 236.01235685398873 236.91070957230937 238.49619846078966 240.3277745230776 243.8922397380876 247.1116001220815 245.28981918350996 248.08038395997798 241.09684076860742 233.15955499410182 228.0886246613962 226.96210269630603 229.53759493509446 226.89686370846943 269.2121162561989 -9999 -9999 -9999 -9999
236.05303119226778 234.66766388893808 233.41530178355794 232.37819117868509 230.95184072114188 230.67420204613597 230.57317296559586 231.54313068886933 232.39161551335286 233.06940892275986 234.54319715645062 236.09187332159073 235.86039279493806 236.94794787738044 233.676379815773 233.64733342133604 235.26290933703206 237.65620745348807 236.00398704907496 233.968316764309 231.66755306522055 231.8673634692888 233.4479911019385 233.5033159669668 234.1396618627921 236.5464098825583 238.2540689416154 236.04915401322128 234.15161165015707 234.5605852583561 236.25885913919166 237.51580705391478 237.708557659568 239.22035067718232 242.12289411658054 245.19438582297423 247.36180537606793 248.30921425531668 242.4328309341342 241.00935183224985 233.35936187692988 228.95329347266554 227.7175046537036 269.687100155419 269.05925039035105 269.1976835400497 -9999 -9999
239.1489014335766 239.26715717948704 242.74288860356288 233.63112292442767 230.8549603101881 230.45116956869256 230.62958227990686 230.834800088299 231.48145387392782 232.535579635053 234.92061439255303 238.2628800402293 234.86191134123595 236.82542481666155 238.0557493867831 237.20506541737362 238.50410728561633 235.59229591386054 230.94488297997336 228.94073461817285 229.39904975484077 230.9507692438539 233.444956128075 234.5278330359779 234.37378769561462 235.3219444141684 243.39136206909347 235.25283246018404 236.48628260357526 233.67340632566155 233.80782912954135 234.29730489085443 235.16750891159973 237.99931412914245 238.84092345690942 241.850821524507 247.9358609075637 247.0900106655319 245.85013310197212 243.96057351773422 244.6743022973747 239.7975886425561 238.80887797126343 234.2318110382326 231.69728957356426 270.66188827055043 270.72166963741523 269.1122003322984
233.43114155015988 232.93306149882994 234.63594864409592 232.6907654535127 230.15321809333832 229.99054777894943 230.5948038703962 230.74833031395633 231.4229793285653 232.2216587855521 235.62668200001957 232.96571645757467 232.87162691358003 234.24234405010944 238.3572509462312 236.18703632297934 238.34769119469587 234.86820007981578 229.48752325636522 228.85933539293 229.05461195634297 230.46636809393107 233.5888818170563 233.68874648769344 235.59500304707757 235.49461212903668 236.08025315368582 233.3248641694849 235.06629866471386 232.5457993798875 232.5717304477401 232.8582202228292 234.43634148818538 235.57000710201643 237.3147118654548 238.66291220981662 243.02698855088286 245.1330669938758 245.96067179893555 243.09555482156424 248.27203608327972 249.68658796279522 248.41711640638226 244.14630590268558 245.8198395282981 237.02038010485023 236.20928580627088 269.9633547052274
231.88568086791742 231.86127912350804 234.31750635320958 232.57629598418617 231.35107234730418 230.30810022087002 230.31407420103693 230.73549526826918 231.18761633752723 231.9715693862152 232.10633584154976 231.74095631943302 232.11332777795712 234.39589183013646 235.98566990797417 238.9720956055483 240.93152361744288 237.222456453502 232.86682681823928 230.71117195176242 229.92368336468064 231.50689241304997 231.74964825735168 235.6403710898715 239.33711429966274 237.34085685004948 235.78049902305037 235.0284767432147 235.22522577103862 233.09941892616635 233.7308642939291 234.58118647938153 234.66586116506613 234.47104789007872 235.3275879294729 236.20404181768862 237.4344641856075 240.5934475736899 240.15979283961582 240.76986301980654 245.9183079454181 247.49426455292183 246.84007104933391 246.7577415117284 243.7504103658094 248.15587676494494 239.9211880172095 271.84007964912985
231.13315931636427 231.05169863817395 231.78547792814163 231.35883717739046 230.51428760365476 230.3428028102899 230.57311689809472 230.63169254473755 231.0682579732713 231.7075100116993 231.76721342554436 231.7428421146667 232.953340603247 236.12612232045427 237.11129592382997 237.5549025296868 237.9692194787559 242.1198198908017 238.5905377245937 233.63951717668425 233.20244719481448 231.61880363188314 230.94839873294282 231.43834442420075 231.8692715516719 233.7682039990412 235.48766778888378 232.49526484232678 231.30298698094236 231.58532440906498 233.00536824469026 233.8120865313649 234.49832752357722 236.17141886047665 236.83892695698216 235.96871393411274 236.61136879956985 237.31531159500184 238.3530955165546 239.62587030766724 243.01683875362153 246.23699910969435 249.37295627094323 246.14229042047504 248.41541018252758 245.9508686380165 242.79510188038086 244.4780487104697
230.78314644374242 230.68816521221774 230.83562068287378 230.6698740158007 230.36415740545868 230.46906338037851 230.3937458087539 230.4931784106851 231.19863270913456 231.6391677509235 233.98871516715909 234.9889504341264 233.57788438056755 238.6620756223869 234.27497618623178 235.23514483024314 237.18039356499582 236.7528933041256 239.08345165935305 235.6567699093065 232.56238332564666 230.11294162625722 229.17815009774907 228.9224316023264 229.22643071101228 231.30544794272708 233.09308339506217 234.02411819341245 231.82555075930534 231.60634761946034 231.7424334530131 233.12548246949893 233.01212485021694 233.20241510722116 234.8351819339997 235.53720904571577 236.50509675523833 236.63798913390343 239.5933114990441 240.20919348372158 242.239668118253 243.9720548373481 245.4187535574056 245.72673874719806 247.71097048635608 247.1012378262693 244.93458011859025 243.18576775561584
230.3897217301069 230.46750302881463 230.63713573466327 231.6698341776886 230.45227487617467 230.29131386825873 230.4271334421793 230.63552724281485 231.07079394134942 232.90921400337749 233.4136828262367 237.07097776767753 236.2138505663088 233.528147131608 232.41818838162274 234.8206042268675 235.62902720295222 235.85549513627998 237.47821524485656 238.9495404240425 234.03186552485582 227.95003910236426 227.53622514355277 227.84255081030443 228.2751232509208 230.1754952573997 233.7698988589658 233.13796458464387 232.08660151570456 232.99870566995963 231.25780467899264 231.95677378875052 232.0029214649723 232.59950517604295 233.53425039356395 234.63901885151733 235.11976479057523 236.55137946218423 238.16012726234976 239.17660807847008 241.42047978522635 243.33395954426777 243.08710226535584 244.52471027056416 245.26834571745013 247.29865113924492 248.95455697051463 248.74635945531122
230.2111282548781 230.1908771436568 230.43652980767496 230.88844098713818 230.5587648273899 231.2725623103894 230.44442190399005 230.7594939214563 231.42700961352745 233.24017603099972 236.91390432396014 234.03027722405815 232.06706087884578 231.5489543334656 232.30221708022003 234.00382127901392 232.5774312541964 232.71121924734234 236.20472719102065 236.8448108734127 235.8780344172233 231.33523963877045 228.37219605771884 229.37066248681808 228.64396197614371 229.66002551049394 232.34526230617004 232.4243413966242 231.98593104743196 231.929579686693 232.79057159838518 234.80925205965514 230.81691014961538 232.09827158869751 233.2562244188972 233.84910763175364 234.90070829650958 235.98171321141982 237.0176139833751 238.2293153941234 239.93091100390092 242.0262723298954 242.51975816370737 243.36366966873672 243.63357933421818 245.30333548470037 249.65728473149875 252.54607050051337
229.96125859040512 230.16535595888593 230.30456390429126 230.19890378982234 230.18116899217327 230.69066265172583 230.78647154594233 231.09507522319848 232.3056883885517 236.21419087778185 237.82671959114634 232.4358695123991 230.3455780400382 231.29042916898254 232.99776442477886 235.7785514098041 237.79624128160242 234.25537165723046 234.54172987258707 233.6334049831692 234.89210182330828 233.44139342558918 228.8806671479215 228.37616413332321 228.6300198690533 229.26864695808916 230.51188071007903 231.37352220957715 231.6921930813798 231.8361291980995 231.64520888235964 233.7516661299668 231.268314118148 231.20013136593786 232.6393302488503 232.89683768076785 234.33173967813906 235.19354964551226 235.87611100572954 237.29761900931112 238.85915034466746 240.20247069557612 241.87985915985337 242.87747805987894 243.8451848338919 244.732412820856 245.6742289163067 249.24697657004515
229.8782462682345 230.1892422899082 230.24437517568526 230.91428572399192 230.5059993715125 230.44314874574036 230.61875876733717 231.70272151002143 233.00283127804292 231.05475860153442 233.51501050561356 232.8171222221427 232.119931605824 231.93090247902776 233.2580452840398 234.33206152820054 236.2285254390017 236.00751086306954 234.87397540805068 231.16422522512505 229.43521326793135 230.65348357490706 231.36041729796628 232.27390625276405 231.57436650525688 231.35651958281284 229.67744347649082 229.76955528791112 230.66422243507614 232.57318572615662 232.2397782046055 231.87828081826717 231.98441779488846 233.46793909591383 232.2947153724076 232.97467518108064 233.3971807093091 233.8193891824197 235.0097885914948 236.4409971482596 237.10729512998006 238.5545429493984 240.28964675259647 242.03386652867908 243.14798291549545 243.67367485658121 244.22847148065944 245.23887014431384
229.9191807398948 230.10080426027432 230.18998996364658 230.4100576801613 231.1114028826258 231.52214967169238 231.31994995647278 233.9008099209128 230.80141676948463 231.3272387028777 232.00242322780005 231.50567610831155 231.62239322685232 232.70078408190398 234.57113192407834 235.49232540528905 234.44523515258248 236.40142420296283 233.76668935784437 229.59252760742396 229.01273759883154 230.27829802909704 232.6978165024085 232.13690973675938 230.21121168175668 229.1703010020946 229.13022300486378 229.2192151328059 229.90042967270938 231.39403457550722 232.02898228001823 231.47374131237166 231.63966866550734 232.35436460527492 232.6231932108478 233.017430831019 233.33692867607647 234.10818173392985 234.60418516865832 234.38656550743644 235.77324250949022 237.2505026331748 238.56735680630277 240.69395615191223 241.82883311444508 242.90418195973868 243.6556735721503 244.375343750607
229.86702417175528 230.0265746433018 230.1719217638747 230.50263560863746 230.77351232490258 231.0614588089748 233.7651366684398 231.34797337696358 230.69186038723544 231.00394045332712 231.04972682861836 231.6927006970201 232.2511942903325 233.33088359179385 232.85476398140915 235.05048827558988 233.4313916317673 234.24949044831936 232.11636996940095 228.12906939754518 228.45668364219082 228.55876609737885 229.05565060764323 229.74549319859238 229.36269669679496 229.2626707533544 228.91033720620553 229.03465938846074 229.38385931374583 231.14937236356135 231.85214692040086 232.06171743758628 232.34506054396917 232.19150507960555 232.9175307872929 233.99140990753742 234.0520119474325 233.9378334477041 233.86066596404675 234.42620418343353 235.71408737836313 236.38489568764612 237.21064025068995 238.88854997750764 240.52744884275202 241.66002958863544 243.70658715099114 244.32196588250736
