output/LwrbDownWellingRaster.asc
NCOLS 153
NROWS 173
XLLCORNER 628082.1585431173
YLLCORNER 5141515.270487413
CELLSIZE 30.005356186399773
NODATA_VALUE -9999
[rows 63 to 83 of 173, columns 96 to 143 of 153]
235.19656717912153 233.6079022209877 233.21497438390134 231.97487864297824 232.23364778445233 232.47359492364785 231.7756873362365 230.83207725808782 231.51594391915174 232.4027485176234 231.71572634568014 231.29213701479554 230.557612297267 230.41492703671912 230.44002383501814 230.52682936073208 231.0624766225788 231.82109128638734 232.77304569377503 233.96373782711046 236.37130325985908 240.32539422248834 240.8452314265242 241.7814513330893 243.32300007314467 244.5379271035987 248.0681625957911 241.4636205962679 240.6425630807073 244.97837810172985 247.04253345628595 242.9212059717597 236.0671100077963 236.66603860030912 239.19929425732732 242.22895022480589 239.23535913433776 264.18006997363545 -9999 -9999 -9999 -9999 -9999 -9999 -9999 -9999 -9999 -9999
236.10325566009692 235.18908583645936 235.3348255635657 232.59917936580246 232.63724470369493 233.65398120862034 232.3381438229143 230.61861971800585 230.78241399099485 232.70905699732756 232.30976848811414 231.80824702389248 231.11282049124682 230.53539944013724 230.49620996344387 230.5843675752275 230.76153925824343 231.35932665489253 231.83735542806738 232.71913551941736 233.81128855384233 234.8653082780637 236.77722168494103 238.6421818984642 239.4539035300948 239.44821924220605 240.2940141158076 239.25719016442477 241.47929824732887 243.3273320016524 244.2156656901427 242.78417586446545 240.22135964246493 237.42250647541155 241.17775627734483 240.76649155298378 240.74388375531225 264.15836685671155 -9999 -9999 -9999 -9999 -9999 -9999 -9999 -9999 -9999 -9999
241.1781321975383 238.04887854747506 235.99247795428246 235.17769052812528 234.78991037754577 233.50186629341212 232.19541578660858 231.80408762046835 231.16301002164246 232.1708801942516 231.60158796264147 232.962404756554 231.93653247943917 230.5249125808172 230.28479783341785 230.47814764256384 230.52711487461428 230.9877095013681 231.3587390290991 232.0175774156254 232.6546475841151 233.74740187786531 234.61218506610842 236.04638547675205 237.05457326851882 238.28339283840089 240.29547920270622 240.00708176647646 241.10499393374704 242.37710081451883 244.81998392725407 244.52913577948544 242.0285875649878 238.80353598443398 239.61084027047968 238.89586040106286 236.91787348614514 269.0682014370997 -9999 -9999 -9999 -9999 -9999 -9999 -9999 -9999 -9999 -9999
238.10774730330675 236.60940988904014 236.23261900428685 236.6223418729616 238.80744629740778 236.859730790407 233.49324024288197 231.8483503292378 231.2948226978881 231.09521887064358 231.33501646972195 232.56993671620418 231.68511185597677 230.8882771427688 229.9295281138912 230.13078573803313 230.3100882805103 230.7940189945286 231.02495234495012 231.64617615198378 232.2054963858771 232.9038705079995 233.99531924610625 235.19303048869162 236.28621603445197 238.04065284119463 239.29484447115604 239.08364645899007 240.38133016422915 240.79290365621827 242.2909274328249 246.70944050781918 246.7354729792644 241.2769146238685 243.570242789613 242.2231167787612 235.28945851164326 269.554700816002 269.08599912262594 -9999 -9999 -9999 -9999 -9999 -9999 -9999 -9999 -9999
232.650887884378 232.40401030804162 233.1539045239504 233.18032724192926 234.04329139691282 234.2954776551901 235.89465192578837 233.0093705398677 233.6702541175517 231.55124733800847 232.0795303220326 232.92234881109715 232.05484403259402 231.49839600910815 230.0696490750043 229.63227014076438 230.30885134919217 230.6492221440925 230.50672466870273 231.0001382838142 231.69735580576855 232.49334685840986 233.37969294027533 234.40192713807406 235.82150109919252 237.20974925729283 239.61504278964037 239.12795585890433 240.3989623898555 240.2472303908649 240.8582170527476 245.73068200560095 244.23179745597525 241.24113610235565 240.8486257032357 241.63411712029176 233.8459303676213 229.40552247631192 265.31510533123117 -9999 -9999 -9999 -9999 -9999 -9999 -9999 -9999 -9999
227.93003572550379 228.86209613636925 231.89521828769304 229.9178414994974 230.1312519169892 231.14243658375264 237.00993629431295 232.97256757440815 233.33020753871995 233.02650633501992 232.09359058712576 231.77695398739036 233.0232760581628 231.16041313982979 229.94580416196865 229.1061929944047 229.64457740463894 230.61590824167288 230.43429785447864 230.8474167295444 231.4231483779018 232.01581736758683 232.9616071274607 234.10103288151737 235.1628154795268 237.70834003487687 238.9414557151466 238.3813090999834 239.97846374646588 240.12072360941272 240.92259813001397 244.04116925095929 243.10151063333356 239.70281203077712 239.65802557454882 237.85883459175486 232.905353970811 231.38514913746175 264.57858080523704 -9999 -9999 -9999 -9999 -9999 -9999 -9999 -9999 -9999
225.96920021150075 226.4029736624269 228.36193061586314 228.59358792222636 228.35261026398607 228.98513295388003 230.22495167431813 231.0016904274387 229.95661824810335 230.34161210441422 231.29998380509386 230.1886069080497 232.68078018803664 229.95566571472415 229.15391863764415 228.8482948296438 229.2384012041093 229.79792560123732 231.02553682326734 230.6066105455649 231.16416154426787 232.01598585988853 232.84585385822604 233.64997805714944 234.29773514104699 235.7623025748698 236.7415758375405 238.07279252851697 239.35872585233017 240.46031460726687 241.259826857569 244.22488043778077 245.87967792330272 239.8486385822124 239.19429057891256 236.32233577043814 231.40339956099865 232.78234833084645 269.8658638783011 -9999 -9999 -9999 -9999 -9999 -9999 -9999 -9999 -9999
227.29085610054142 227.54482116366714 227.69063836550632 227.6059441133562 227.64731079256336 228.97801428867268 229.37567948251692 229.98341437118938 228.62327942265503 229.56499541459172 229.38270943442419 229.8875534103592 229.34516512708362 229.13643373616026 229.39463433675968 228.88377207815418 229.1579179849521 229.51670031620262 231.48371668276093 230.2729491923506 230.89752122167837 231.87337098791377 232.20491296648134 232.92986727764836 233.38694058085304 235.00838385758868 236.79455708814388 236.67378156963085 238.2865104961589 240.31177977063717 241.88626858388676 242.1888112584732 246.7889467752241 238.94367672139722 239.86056782055095 234.02951198609554 232.05966966317305 232.61064076677872 272.35974448038564 269.1696529613102 -9999 -9999 -9999 -9999 -9999 -9999 -9999 -9999
228.76680698932194 228.87519928802428 230.48807168059602 231.89549075047603 233.13462975836507 235.43015400058707 233.04529367718024 231.37302337592547 230.4804703855281 230.00194078856555 229.87269752435182 229.08159132868198 230.4258230406182 229.3107626749392 229.41995496541537 229.93661249404434 228.95920087010137 229.39305430820878 230.76924008989158 230.42489747168614 230.85642517676754 232.99768132118217 232.45654874923457 232.92874184268913 233.6166799874111 234.23910622401763 235.91986222642896 236.1274670560821 237.55867777271166 240.70611133044548 241.38826154525236 242.802779057562 245.49186984741553 237.30308161651243 237.36184031305874 233.64004603742515 232.19101853989548 236.27452006302423 235.89755197446155 264.31670761686314 -9999 -9999 -9999 -9999 -9999 -9999 -9999 -9999
230.03112632291732 231.66042181878703 235.27332942586474 240.6872555342361 245.45230376150428 242.68871853637364 240.82751139175798 237.55589141974767 236.44160844850998 235.72764101670472 231.78854857577494 228.76107890368908 229.82861160205263 228.83104072934796 228.69099342126776 228.89980158407772 229.70326875536034 230.28787696184594 229.74839746333996 230.57158762809172 231.42951856157998 231.25697849658323 231.13888997032092 232.10313883151633 234.57643627936585 234.13728213648622 234.1124630435839 233.96740249271377 234.91942922533508 236.97271478309432 242.4060134594491 242.66676589071815 242.61688813990295 234.32522161233896 234.64209686258616 236.37102856682483 230.6528393149087 234.17013764145923 238.2851376869774 264.6047792881344 -9999 -9999 -9999 -9999 -9999 -9999 -9999 -9999
229.32354518978667 229.25466960816624 235.50776579169158 240.9188083369564 245.71194166146557 243.98174867072123 246.31288211674465 243.66109069507314 240.7171547567574 237.85999283435538 233.59114275336623 230.22180343426757 228.26797182394932 228.24878169408245 229.89679844687473 231.08088809585286 230.31103188755355 231.90280118819754 229.95760106071725 229.66525392400592 229.48025990616202 229.63906292624856 229.81013563847227 231.7956355901009 232.64446069537422 231.82363500967924 233.38646968151082 233.14422928092642 233.0390527572764 234.67958128923965 240.38782803449632 238.42951716576215 241.1678411334488 231.90867261107775 231.4875925190529 236.39690297958438 231.29178483098767 232.3213757120286 238.3440619010074 264.29826194883486 -9999 -9999 -9999 -9999 -9999 -9999 -9999 -9999
229.78109744272567 231.68224155022193 235.40582861641866 236.43924017765522 237.6041206509916 237.99363286799553 241.47312357152686 237.92039422683968 236.02899968355743 234.03246808049016 233.1885813404687 232.03127105376865 229.46641164663365 230.10362846890376 232.42614509573278 232.4640775225347 232.93548373920157 232.70118712229157 234.13369692685507 232.97886206970244 233.63437033607252 235.2294223588732 231.04773743391723 229.57285644759503 229.61619362159948 230.4013303829018 231.5891158601959 230.88879568062015 231.65683497945594 234.67039987805487 238.74827931395453 235.7753818266047 232.1915694379306 231.41821226579884 233.3396256200955 236.72062064937006 232.05665384370286 230.86963917815723 236.9102100843026 264.2509177457382 -9999 -9999 -9999 -9999 -9999 -9999 -9999 -9999
227.0776636935631 228.80832945284212 232.22982876646438 233.80262179022958 235.4473628481382 236.41549919449898 236.28172516838785 237.07417874528596 232.81314886435638 230.8098067146923 230.41085318756387 230.74188734639793 230.18586263781387 230.74327133826307 233.33314731932808 231.84997343015536 233.18027010295555 233.48582099202295 234.26311405390766 235.9686242475683 240.3345661622543 245.72094913476508 238.44532087975475 233.91100366423976 232.14439839872256 230.99867547613482 230.0267320957031 229.90876593864252 231.17105521481218 234.06991189642184 237.29260504968917 233.9154135741939 229.27142234424431 230.39833090120726 231.87878659282703 232.5939015088834 234.27523766323816 231.97442249760638 234.57038392370612 264.5823261822788 -9999 -9999 -9999 -9999 -9999 -9999 -9999 -9999
226.2275424231371 228.8861642808401 233.17313105271714 234.33737746064713 232.92673844435686 234.6986604036386 234.94013462116624 235.4139405116424 233.5802700884259 230.79804326002915 229.752577412289 228.7701847467359 228.85953163714578 229.48113044419972 231.43909416041714 232.9237527555863 233.5406399798369 232.6106287852062 235.33254466798596 236.80287776683053 240.65550216812926 241.8976516018226 242.7315773674669 238.47173910990122 241.3677794307982 238.60596296998577 235.5329283630254 232.54292396514 231.05222110409585 230.7666678152887 238.10163696544484 233.57413928837906 229.50110001052684 230.90305187498782 228.92670299322586 229.62423040422016 232.40199607635049 237.1466247047113 235.41348669766114 264.30985821666235 -9999 -9999 -9999 -9999 -9999 -9999 -9999 -9999
227.71572755183075 228.2519387190685 230.4455714141625 230.51194391254154 232.19147659241557 234.01155283197457 232.80100275825015 231.89016884671074 231.33745828420933 230.4005708344151 229.63506892362437 229.63989924883504 228.8021692207892 229.36149435019536 231.3673520121326 232.78363085934748 231.69912995024475 232.63140417442327 234.60912118650424 239.24409773239546 242.8292438690023 244.89989235767644 242.91284783917456 241.99311169019109 245.62236660821344 247.19442548548983 245.17453343142807 244.4485077632209 244.0414095467585 242.5988797955127 242.36176842410146 235.9536172849077 232.00685594275336 234.4142034964234 229.40600523286753 229.25841679891585 230.66650094332707 235.51534200678446 236.56894785963573 264.41447237380874 -9999 -9999 -9999 -9999 -9999 -9999 -9999 -9999
234.3159291471987 234.12123810135728 231.45324547336566 232.25146961270485 231.8515932333193 231.91790207306983 233.70355386051216 231.48750500997457 230.26779466633394 229.53093035640438 228.7969892899976 228.74685671014598 228.83451253442908 231.18287189375485 233.9338009083964 235.39557948881395 235.14972259940242 237.15493271699185 236.26720797180548 241.6353378736892 243.82669233595524 244.9970191263497 241.4462344320948 241.74713234582157 246.66767525045233 250.24124414949546 246.31488754377 251.50840735220822 259.2736959264086 258.4918274687586 249.91149736401948 249.27185031576937 244.29567254036937 240.91910351808866 238.76901532820463 230.88940660220146 231.0281154640811 239.46935962553712 240.54975610357036 264.4547952408906 -9999 -9999 -9999 -9999 -9999 -9999 -9999 -9999
237.97093633516846 245.58667702022362 239.34723050708516 238.73490125184875 236.88980701562423 234.99900598079248 235.96277282060683 230.63938324636638 229.5430203914981 229.26770136654147 229.5603166331372 229.80939127412393 231.52311088339317 233.051829664256 235.92421906789576 240.6144019090408 239.7219102186385 236.0468045520702 237.94160509820725 246.99357524947823 244.53302927573708 245.44088067129996 238.3224530010236 239.27844278162993 240.77316320635535 244.04822723724396 247.15893216831194 251.65790112982182 249.898243739551 251.4494155740885 257.17646432874824 257.8013399009098 254.96182748871806 255.31741513255318 249.25548675687304 240.02229930778876 232.95289852496188 244.40505521220135 236.20007038483067 264.3681062300244 -9999 -9999 -9999 -9999 -9999 -9999 -9999 -9999
236.38903277018278 236.17280687378374 245.63714612427236 247.06598945066088 246.75386383180904 240.19517786206518 234.7422085223199 232.3102595605727 231.43460805352774 230.7514575157948 230.738225182992 234.5976069631178 232.84460857107476 241.81253056428937 237.7133263948165 242.73791979448993 238.9549419415218 242.19800910325583 242.49450941181976 242.0473321838893 243.12167438680967 242.96590024059896 238.78640242578706 239.69947443770602 239.22652092072002 241.40654094626095 244.0705059018019 245.5700416778972 247.41008672090203 249.61737849619752 250.4421602183408 250.35929474428656 253.9969973331555 255.42755322096968 256.2901784304056 250.87126672573095 235.97856485795742 241.91235517147362 235.55039142464727 264.20467735429645 -9999 -9999 -9999 -9999 -9999 -9999 -9999 -9999
233.63944781592218 233.247301245221 236.65787625126953 236.74262039223544 241.97162224148013 239.8730105950579 233.419137661326 234.4017669139423 235.01503261464438 235.73696320677368 233.0931749190243 232.73338251519988 235.15715828368832 239.5576091484847 243.32489490516656 242.56070325800323 241.3726588178484 240.21657600577842 239.22591953931996 239.76952636037592 242.86599391205039 242.61850225692314 244.33779181953514 247.0339425293205 245.95793523809567 243.8254426449101 243.1203839736169 243.7986147138067 244.91219661816763 246.1326309382253 247.04907124988256 247.19317420072127 248.13335548367218 253.12109013381422 248.97457736625518 249.14409616718592 242.6035139949355 239.57879566254365 238.59786162173555 264.3754185041763 -9999 -9999 -9999 -9999 -9999 -9999 -9999 -9999
232.22140467557358 231.40320404650242 234.17720305488194 235.20404300184833 235.63012123921914 237.98713732431617 232.6002818704693 231.83940127644487 231.23507377766217 231.18226733961984 230.72277129852 233.84017757404035 240.5055273433203 241.62504422955627 239.1085701880873 239.0657897558707 238.9572082040005 238.97189043233345 237.8718896264034 238.8274034078941 241.77002669182207 241.45701161160832 241.0654730469649 241.89865707837077 242.63222282394497 242.71857811565835 242.028194906292 243.29731106096443 244.25123660490965 244.94125948909283 245.52767684757964 245.7938003730516 247.4966076548871 250.1948525825465 254.92495178465265 257.71368900343543 247.36528137726197 242.38468642777855 239.47391684941698 269.12210243411096 -9999 -9999 -9999 -9999 -9999 -9999 -9999 -9999
234.09337163245107 231.59048687325472 232.24346269037548 231.91327522259823 233.25606912372672 234.11238796468112 232.16022629147804 231.59986279957675 230.38583449612307 230.33707883385057 233.4688759846481 237.44697491526836 236.21052478770588 239.2877178109175 239.43474702724677 238.3300758221804 237.82619310869626 237.29619170024338 237.28375899429105 237.84128273568766 239.63242704473754 241.1064087289829 240.38072503953913 241.01325883228787 242.38461339982592 242.29600088037603 242.61174960774696 242.84084696312522 243.3614206721597 244.53188017331735 244.9027965310343 245.98354008040036 247.69526925082312 249.64999378306032 254.7265276085896 253.79378318046003 250.3115038633369 249.21560372660352 241.9259039525184 269.3610134271569 269.1308825062705 -9999 -9999 -9999 -9999 -9999 -9999 -9999
