output/LwrbDownWellingRaster.asc
NCOLS 153
NROWS 173
XLLCORNER 628082.1585431173
YLLCORNER 5141515.270487413
CELLSIZE 30.005356186399773
NODATA_VALUE -9999
[rows 126 to 146 of 173, columns 96 to 143 of 153]
229.72979613980874 230.06013220900192 230.26528003257215 230.49717384949275 230.78989072139223 231.24553689155312 233.43163132807263 233.65790946059116 232.96997382749495 232.9371314468521 231.68274427359242 231.57255573952946 231.73843512383507 232.50840349167285 232.69250205830818 234.19601154726135 234.79685394539467 233.01176877592505 231.4063239767486 229.94195128921697 230.36718705394293 229.70047231172603 229.28584597796188 228.73773698718853 228.97310759700406 228.7471886523477 228.85234841403388 229.25859464887944 229.7814828682576 230.57978760936203 233.3356499811391 231.55428101098136 232.15317615075082 232.98409225540985 235.44147292578077 235.0590719445101 234.70960629710027 236.04253678257274 234.11820442858917 233.9208204733202 234.45050577440304 235.81528738138007 237.35904365642966 239.12403848832037 238.76907878579996 240.41965909729979 241.50146820134702 242.0894074470212
229.72837132693127 229.93659044101352 230.2960144481158 230.512699393566 230.9865851693326 231.28290098271103 232.12646763320606 237.7037384164641 241.0775884674175 235.52863977231635 230.42865997435993 230.68547488983975 231.758124094476 233.53456531993737 235.24204359740583 238.97519232962287 239.56441009992344 236.1105879799107 232.68302958044396 230.06431376177937 229.66356344134746 230.25380169071911 230.70806757902136 230.90775315075712 231.21793951682224 230.70995311630577 229.74990465072017 229.9834585489467 230.39693631296592 230.63026683261097 230.80979036994498 231.4800037214622 231.86032338692624 232.8363381899081 233.4519712055122 234.62221706699268 235.13950393184422 236.4318102877829 238.68510910579164 236.7448737525316 236.8635635960656 236.08463246486514 239.17568956216593 242.2746691310302 239.18839521185714 238.98956202231346 241.72760537175316 241.16685502881433
229.79104951795125 229.97192503962933 230.29184593799766 230.70687320792953 231.07135978452743 231.51507781186208 232.50826273201068 235.1220291693103 239.82874067516588 238.5277271643192 232.72025329601445 232.41174445421998 233.02807654537253 234.71621393984304 236.72400757803703 237.89236282039036 241.6869398816825 242.19827146004204 238.0982785197557 234.83863938613646 233.39079981287125 231.75996678679292 231.60218135954963 231.47684307584447 230.80721483332735 229.40621810154332 228.78146778589124 229.58261574330697 231.14817434462284 230.61743263173665 230.84964449361837 231.42810838927653 231.5949150049404 232.9427998791988 233.46515188906739 234.2615116463639 235.33830333719246 237.10987388279318 237.95501232084604 236.78191358988641 238.3952995512807 236.12234098443992 235.79643640956402 239.40388365590653 239.98784189819705 238.2022481790436 240.36689102668262 239.8310976411003
229.84211720792058 230.06450336281517 230.42896803601752 230.85045864155376 231.37710484184575 232.1882538252883 232.9529646513023 234.9443476977992 234.7278770738157 235.58211305840376 237.54205660773175 234.6633529018143 233.68372281600475 234.90194086310004 236.63473028949525 238.57611373988914 240.64546959170696 240.21125677087167 242.72560371664582 241.60565202547696 236.98599767534836 236.25627193026764 230.64736844001078 228.32784332892308 228.37784673128925 228.20611360805384 228.4223041901064 229.25185938861847 230.12955860648063 230.67132652549267 231.46548662043273 232.0650039909539 232.40263204585352 232.90728947420456 233.34949288472936 234.8293143522895 236.5959974177649 237.97553962791707 236.08786478464296 236.63581647604107 238.26450043134273 238.10808261767178 233.12184992971996 234.40374955639783 236.53929170730953 236.73120156583948 237.82026221825544 241.456217833087
229.87408038036858 230.15011628643578 230.49663990885315 230.9132909207913 231.54934855907993 232.77165275401492 235.48748512040885 237.70551495825904 237.4156328730136 237.6320183860596 235.0601672336598 232.44977422699054 232.74453383554447 233.86087158682585 234.8879224090789 236.4919883699717 238.50129053179938 238.31688553142155 240.69039885424678 239.78812879787475 239.48491864663606 238.2207843560651 235.2683542605293 228.00582289355316 227.81598537846972 227.92540620493332 228.59128058536544 230.73842817874169 229.79982406444714 230.9523524987381 230.9835887428773 231.2224876882356 232.11669961768854 231.74854366342635 232.19581934980815 233.16317651292013 234.1651949376741 235.88018624385046 235.848310277895 235.71579674198202 236.6298386278365 237.21302804220088 232.37469185539365 231.5764537029236 233.1387754113204 234.25813816153578 237.05364106186346 239.54823179668543
229.93471920838041 230.1971558822932 230.6507384060486 231.5613304562657 232.41495202910028 238.29885229979354 236.65265487731187 236.3335979009765 234.94759878895135 233.81732966535566 232.2730641182119 232.260784081952 232.46083144276986 233.39479355338617 234.63642565123428 235.70963955833355 237.40589687459385 237.01343722286794 238.37710933227845 239.81856526547392 239.26351414738903 237.72884444653533 232.25960689780538 228.75385717002615 228.50854828659146 228.3742447343006 228.56907558699203 229.3907448633422 229.632477296276 230.52620114062685 230.5928815102171 230.92976239299657 231.43255641512434 232.3206169030805 232.7804126367123 233.01399238235476 233.41715602904935 234.05747733818046 235.68760030082595 238.70811847674833 237.51253066176534 235.24972404208052 231.4666869437604 232.07554641106245 233.5455420550206 235.73388228066915 237.45656970011171 238.93185902425407
230.1795296270741 230.62299143105224 231.26440901468396 232.0383247844625 235.3119645430167 236.13083649267375 234.82563563196794 234.7689747243994 234.41589039314914 234.6975315847997 231.56487826088377 232.04240598918182 232.70271980129485 233.92886165024441 234.45915809302204 235.6646253538221 237.19698768044753 238.0409788246249 238.19652900916677 240.87099457876855 237.02676220463246 238.13705734668707 231.21818380238642 228.36868239748415 228.84848711381863 229.6294260962647 230.40838941723632 228.76338142307733 228.89227362762915 229.42529885139888 231.26982505808942 232.5386190282806 232.15335977579102 232.1227292020347 232.453446502937 232.89803676565046 233.34007113746455 234.05358880106633 236.04786056139915 235.30121465427416 234.09426911391148 235.09250204784803 231.7367465226476 231.57779987599963 232.95780424323385 235.29596369682795 236.91099754642957 238.22022641728108
230.49743937921863 230.79688497678086 231.60083252698232 233.33937940639072 238.6214364808948 237.68430523944454 234.15860796471426 235.76660834345125 233.22037957849923 231.63923463371142 231.39265662107607 231.59030037714552 231.65647411936843 232.44112210817158 232.9340885766242 234.47861756810144 236.16463405421004 237.3831531149307 237.84046295365204 243.00403087465196 236.3634278685212 233.3270865800108 233.95280758298108 228.62726922688128 229.67112960088994 230.67984939678334 229.4908983400169 229.09931542052814 229.25030751375712 230.34033592697313 231.52923103304212 231.91470189094912 232.1235772101482 232.1632457767876 232.0991448140418 232.69149505926416 233.07130312454592 235.25572997397325 236.36911467696316 234.30208723063825 231.97074259171745 232.46498488753622 233.21375237837563 231.99062463081776 233.3416655971568 236.99966023166155 239.32790155942507 240.51673991404203
230.87829869935752 231.35728525562433 232.23297060061782 234.44743670101587 243.29995037803127 247.43637751515033 236.89962822678376 230.923443801658 229.29190286317743 230.1545416340823 230.74493543239083 231.4402958593828 231.35320349151874 232.16119720332557 233.0780604757033 234.7579650116106 236.85865769388107 241.3959194221317 239.68590969427072 245.7739415464663 237.1017688869375 232.1237344002729 230.2841594927178 229.482264527733 231.4750926278035 229.05322525533913 228.51201201322533 228.7313436035579 229.21272946399012 230.74899861038466 231.13992037423208 231.75495060485108 231.5968996210241 233.61780156354 231.88743580056544 232.23197390453717 232.56261020137745 233.85751266205176 234.44388415521277 235.89431744962678 232.40010198425784 231.37429348370523 235.08078503379284 233.54724533951702 232.66838977421764 235.8587312070681 238.31771103791723 237.29110617295817
231.39801768371228 231.98575907503428 233.14682294842976 236.0911309301146 242.85816828981393 241.93532481277612 236.17245333168364 230.81030619863387 230.13631430323315 231.05544410841978 231.95743569360485 232.60330165369916 232.06390131576555 232.6734568098769 233.24209419323714 234.65547567549194 236.45460850251072 238.29059045162626 238.12583710095353 238.2305176720209 238.87166124627356 234.06037993675562 230.96589811596886 231.1640195139378 230.4219189675309 229.3149674360949 229.43764095373362 228.96102893734076 229.34992916183467 229.68373270094574 230.19329178695853 231.28828319175707 231.59531108736817 233.04582604930744 232.43314198238662 232.97165313266026 233.6684647824622 233.58547032779688 233.47199008734304 233.9728997211048 232.83195122385362 231.51708909862253 235.14517308186396 232.31816951636748 232.6082457621873 236.33257179316087 237.96278572818534 239.98341983169863
232.1010342668648 232.74022385110743 234.04385400031933 236.53223264945916 239.71372150959127 239.0317489574426 233.26725514717617 230.96821246056226 231.10220135237833 231.27185678899866 231.383140018066 231.8996461130375 233.06948862045704 231.9820644798117 233.01766813981783 233.99990281870743 235.34258959508958 236.69949333695803 239.70839821157483 239.03691311384307 239.42409325784485 235.16965945979103 234.52642590404375 234.645079436133 232.47631887408005 230.37926793555533 230.5832320106763 230.34599192185698 229.76549585730203 231.28037790190047 230.5773448079024 230.1066676906629 230.32133934612582 230.4875062329126 230.89401869368217 231.14898606886004 231.3551262316117 231.67999179577455 232.07022042899678 232.79421979445726 235.8575215410857 231.8941929658808 233.69873884295401 232.74804558474747 233.19543899406017 235.53765378479136 237.27223063784876 237.76622155493283
232.82539607085351 233.9978487465139 236.04687357817136 236.35892234348418 236.66313561647536 239.27505303321337 239.64425585257968 230.2174079298677 228.87242029248512 229.55212612331243 229.42093366928688 230.1203996330197 231.42080234399157 231.63639849555332 232.51706137724952 233.79660144050646 235.69267706921377 236.98520101850605 239.34487705944053 242.68185346710538 240.77906599332843 237.38334961336827 231.71521758516417 231.465954783434 230.60355588633297 229.3417823551591 229.2568854159216 229.52918393607806 229.5017495023459 229.88919047788673 230.325849369142 230.5117869064503 230.79463446606502 230.78354282417766 231.25453294637532 231.36578119075622 231.67674891130696 232.07620519558043 232.21793361956597 232.55838674359407 233.82533136833425 235.68134807921223 236.2281100968759 236.07714644558337 235.1240058317672 236.9906558532487 235.88518056684723 235.83234478142805
232.92493069990755 232.92399935476143 234.45233920589317 233.9340728391992 232.7262823840939 233.1985775830916 236.53557219645847 231.21816946954144 228.37256528913733 228.58783997795956 229.14239135861683 229.7404845489207 230.40048187465175 230.9641355101398 232.06774098425416 233.31708460876882 235.222696136916 237.33141830086043 239.36534110302838 238.76500212230155 238.17714139765465 240.10913680119674 232.61473988358534 227.45118864336393 227.54466380353975 228.2161169352111 228.09534530460593 228.5248021680317 228.8403230688906 229.29923230934907 229.717623258609 230.45268591981684 230.6891467271185 230.85391324896673 231.13052577507887 231.2722913908118 232.0606078378156 232.29438792029782 232.2414874693573 233.38080256582035 234.29538612550363 236.58248529329128 236.936306637871 238.68465650591605 238.0899066293301 238.93593223288659 237.37499386835572 236.3678325107679
233.5396364340333 233.72675361656422 233.34037960742955 232.90664342218759 232.76087339969536 233.5688679479236 237.12685793555625 232.57416685793942 228.473402123714 228.84344760845187 229.71415245319938 229.96621546197107 230.66443042380064 231.1782395451839 231.85598958650903 232.78027864482752 235.55527365591269 236.44318696326127 239.32231993288255 237.87927939897403 234.3844930728868 236.28513281897096 234.80655537737084 230.70037836499583 228.02618567822913 227.66845251493322 227.65261640829905 228.00770203507273 228.45074566982842 229.01767204718323 229.28312230795927 229.62165544110263 229.88697662418133 230.57793723261773 231.16253488857276 231.90741031427277 232.22261173578516 232.57341183260826 233.03798150393985 233.8025153496124 234.62585829254073 235.90201745666423 236.70107565996904 237.65583363486704 238.34575302451304 240.03994522317066 244.43029145135654 241.07390516084826
234.74084268144097 236.05925342002863 235.83995109891424 234.6993430025737 234.86766665460647 235.0372590546207 237.44644759753916 235.41406574221452 230.16582240470535 228.44775977209363 229.08805424616602 229.82552260564697 231.01742570148696 231.72053090754827 232.71385852435748 232.92647702621517 234.942502659903 236.07831857634707 237.8822674748006 238.83289642997366 236.372281468587 233.40926835973215 234.52191162079504 233.28669621935472 231.00237322491338 228.45318949200703 227.88703612743024 228.13227410110562 228.57280678700977 229.29246342301127 230.48835507072786 230.9406636547646 231.03914907275762 231.32259922135768 231.74377896748527 232.3170283017447 232.32865257168748 232.67577531012185 233.10982559644594 233.8638097684132 234.72468420524507 236.16469227088794 237.09305301104547 238.40607829600583 239.35867120534908 241.31037813445334 244.6719141864498 241.34320607072542
235.64325460051728 236.64869275022787 235.54873203825196 234.36607941579982 238.6744584131127 239.95310473493507 240.82066004011685 237.8554403096494 232.0025826435741 229.88611442084195 229.73579838579775 229.7528735971243 230.1042034835434 230.07168322696245 231.36424619135678 232.1576650483838 233.61990975895782 233.86153397730135 234.2752902512122 235.98374568842374 236.33582947398148 233.47244563933984 233.38054388951906 231.49187817267776 229.736876765218 228.54462839774766 227.95473129845504 228.16161316639335 229.26984442418996 230.52032843319742 231.30445798601124 231.10987553833132 231.4266080021639 231.45494059090595 231.57081963365596 231.9302170826315 232.3099485562971 232.6522163870643 233.53172132265001 233.6977782956237 234.53061145364654 235.77712593248972 236.9503766638074 237.96882959620174 238.91197171637234 240.66197900287494 240.2797652262189 245.1437088008841
237.11758038732833 238.7258658212262 237.93588518322682 235.61052917410817 235.02980228283687 234.16934284316017 234.2855712452078 238.93274020056154 230.99713965158838 230.11260562101083 229.7630958505023 230.76749324987205 231.9234932290762 232.82823005780725 231.98018447663017 232.49292120927294 232.5034075101665 232.74936384970704 233.6451696152074 234.09291195195007 235.95121269886573 233.1172552290604 229.51376399768424 229.85595559646944 229.81977007188277 229.4339409077847 229.34191227096414 229.4434979878622 230.17239467501656 231.43627812026332 231.61261251625618 232.14075235128973 232.75336309620687 232.6006198687657 232.47245395690933 232.61401783259993 232.98809121019485 233.4755020032029 234.178995124952 234.2266274479071 234.70504859878065 235.64078252827946 236.0616041686003 236.64299397552912 238.44406503041301 240.88834856239316 242.75424832547066 240.31867658166536
237.00795490512888 238.26729049594618 240.36178960235569 237.6146248750292 235.8649011736415 230.74844392920858 230.45453557883985 231.14525452608925 230.62568053206292 229.4148920142183 229.92566421733824 230.30320919437045 231.20526404680305 231.34998831889007 232.32491397577036 233.3903047422018 232.67555399543048 233.09308768600465 233.94208517334866 235.5056101978565 237.77088971636093 235.23140447536903 231.01414518769639 230.1836186211037 231.23193820264032 231.07045108001265 231.0202660074151 229.9467895620698 230.50943524447274 231.47767724363345 232.16086342903998 232.66298034541387 233.61293539787562 233.7378383519355 233.8941883104455 233.66962804218812 234.1416350148121 233.92754872103433 234.33113987856783 234.51791766300892 235.42364843814605 236.32384341967878 235.95634933712307 236.1759799938912 237.57272866951058 239.29615186708875 241.20302008862546 239.20772292499834
238.40688838185116 242.47343342073646 241.23394850746803 236.24062774639225 233.75608688955316 230.29308091356788 229.0170537065921 228.68425585459175 229.0046791785336 229.54757818952228 229.29909517287322 229.50596684087415 229.32978117462545 229.35985075779453 230.76637523585438 232.1575663935829 232.25412738860848 233.16669087494964 234.44942841646355 235.36490354846597 236.9554915189051 237.89518100247153 233.20039484748062 230.19457515699798 230.03741908870336 230.37040506633252 230.82655267185945 232.19592177567017 232.11746626836765 233.3049230871864 232.67261390712162 232.8989954452667 233.26207709847756 234.28591418389186 234.69285031970833 235.3242434117628 236.18561456917266 234.69448375287436 235.4328572800003 236.136580777153 234.55995499395127 236.11714742539152 235.84459948147207 235.2224241382798 235.9271660085473 237.8120112736919 240.79415548554323 238.42809951766458
238.35202803976458 238.08804888335973 239.8370372211882 234.4703523481298 231.0242973346 228.4729860486665 227.8396071393957 228.19741763276653 228.1329634277323 229.65881280847287 228.76553987761304 228.88669750818937 229.05529595702168 229.39850474680796 230.04065641678878 231.87309169582352 232.39124275431743 233.413055280199 236.60717316489195 238.30527279414412 240.8552639427154 238.5297479361484 238.02143163814844 233.39556632611917 230.95696024495402 231.4865376644664 233.06033999797938 235.47488228267827 233.49513123064963 234.83572298695242 234.29667976603008 234.4057330955236 234.61322914694978 234.47732686896566 234.60916962223112 235.3687884320386 236.19976649525825 233.92969794238616 234.18450907019843 233.95069777204296 234.56119893024982 235.05283523944217 235.89241841492134 234.20824527995768 235.1350587638417 236.8662356288849 240.34568851618553 237.4086584804628
238.7464336548808 238.87160947396416 236.26189619557357 233.1004225655355 231.26118378237538 228.9129935122602 227.72048172650858 229.31222674182112 231.77550306845802 228.8798197133872 230.05600512467447 230.83803689638458 230.21083474647347 229.58633940307044 230.4499748381076 230.50761319144345 231.43861934419016 233.0671294646143 234.8942452137112 235.56641106286145 236.46796232028436 239.84042889466383 240.28840597647118 237.18711299876145 235.421465195237 236.1107143661572 233.83726318154032 235.61747293932507 234.00151464371223 236.03848112409327 237.56657948836974 236.04330082789141 237.36102660697725 235.2262117883673 236.19895828919633 238.27339650212002 237.3190227041297 235.66297242426344 236.12449964141197 234.67527033057013 235.0276350873404 235.6544834675717 236.45431899236635 233.30025636921494 233.923080599139 235.56488965789052 237.68503545717107 238.15447277079323
