output/Mappa_Temperature_20070102_0300.asc
NCOLS 153
NROWS 173
XLLCORNER 628082.1585431173
YLLCORNER 5141515.270487413
CELLSIZE 30.005356186399773
NODATA_VALUE -9999
[rows 126 to 146 of 173, columns 48 to 95 of 153]
-5.324184382098712 -5.324184382098712 -5.324184382098712 -5.324184382098712 -5.324184382098712 -5.324184382098712 -5.324184382098712 -5.324184382098712 -5.324184382098712 -5.324184382098712 -5.324184382098712 -5.324184382098712 -5.324184382098712 -5.324184382098712 -5.324184382098712 -5.324184382098712 -5.324184382098712 -5.324184382098712 -5.324184382098712 -5.324184382098712 -5.324184382098712 -5.324184382098712 -5.324184382098712 -5.324184382098712 -5.324184382098712 -5.324184382098712 -5.324184382098712 -5.324184382098712 -5.325490487718162 -5.327798194496801 -5.3297097895001615 -5.331238434685969 -5.332368526417119 -5.333087982221809 -5.333388855551692 -5.33326776262721 -5.332726069675074 -5.331769816934158 -5.330409389086387 -5.328658972901443 -5.326535865236613 -5.324184382098712 -5.324184382098712 -5.324184382098712 -5.324184382098712 -5.324184382098712 -5.324184382098712 -5.324184382098712
-5.324184382098712 -5.324184382098712 -5.324184382098712 -5.324184382098712 -5.324184382098712 -5.324184382098712 -5.324184382098712 -5.324184382098712 -5.324184382098712 -5.324184382098712 -5.324184382098712 -5.324184382098712 -5.324184382098712 -5.324184382098712 -5.324184382098712 -5.324184382098712 -5.324184382098712 -5.324184382098712 -5.324184382098712 -5.324184382098712 -5.324184382098712 -5.324184382098712 -5.324184382098712 -5.324184382098712 -5.324184382098712 -5.324184382098712 -5.326044568175903 -5.329141967628951 -5.331906866796752 -5.334314328872431 -5.3363405768799375 -5.337963943893579 -5.339165876185862 -5.339931899479483 -5.340252443107179 -5.340123419425008 -5.339546479733311 -5.338528910279481 -5.337083183263898 -5.33522622538263 -5.332978498970197 -5.33036300237147 -5.327404287690102 -5.324184382098712 -5.324184382098712 -5.324184382098712 -5.324184382098712 -5.324184382098712
-5.324184382098712 -5.324184382098712 -5.324184382098712 -5.324184382098712 -5.324184382098712 -5.324184382098712 -5.324184382098712 -5.324184382098712 -5.324184382098712 -5.324184382098712 -5.324184382098712 -5.324184382098712 -5.324184382098712 -5.324184382098712 -5.324184382098712 -5.324184382098712 -5.324184382098712 -5.324184382098712 -5.324184382098712 -5.324184382098712 -5.324184382098712 -5.324184382098712 -5.324184382098712 -5.324184382098712 -5.324595157952588 -5.32846082699653 -5.3320408866159426 -5.3353075885878765 -5.3382321463018725 -5.340785730570119 -5.342940471496312 -5.3446706493090606 -5.345953995504373 -5.346772981596634 -5.347115942300605 -5.346977877144293 -5.346360807498719 -5.345273631279865 -5.343731499037355 -5.341754809880348 -5.339367973658426 -5.336598097847751 -5.333473737368859 -5.330023805486936 -5.326276698460372 -5.324184382098712 -5.324184382098712 -5.324184382098712
-5.324184382098712 -5.324184382098712 -5.324184382098712 -5.324184382098712 -5.324184382098712 -5.324184382098712 -5.324184382098712 -5.324184382098712 -5.324184382098712 -5.324184382098712 -5.324184382098712 -5.324184382098712 -5.324184382098712 -5.324184382098712 -5.324184382098712 -5.324184382098712 -5.324184382098712 -5.324184382098712 -5.324184382098712 -5.324184382098712 -5.324184382098712 -5.324184382098712 -5.324184382098712 -5.325778736918969 -5.330102573684301 -5.334162172388352 -5.3379328330099876 -5.341385258963626 -5.3444866286010075 -5.3472035122858905 -5.34950306306758 -5.3513545075758335 -5.35273084549772 -5.3536105913696 -5.353979333126844 -5.353830865110511 -5.353167697876478 -5.352000850347038 -5.350348963218702 -5.348236893322135 -5.3456940201468734 -5.342752503885632 -5.339445690019123 -5.335806784105671 -5.331867847905094 -5.327659111140606 -5.324184382098712 -5.324184382098712
-5.324184382098712 -5.324184382098712 -5.324184382098712 -5.324184382098712 -5.324184382098712 -5.324184382098712 -5.324184382098712 -5.324184382098712 -5.324184382098712 -5.324184382098712 -5.324184382098712 -5.324184382098712 -5.324184382098712 -5.324184382098712 -5.324184382098712 -5.324184382098712 -5.324184382098712 -5.324184382098712 -5.324184382098712 -5.324184382098712 -5.324184382098712 -5.324184382098712 -5.326188528964427 -5.33094253654569 -5.335448894725541 -5.339723534247556 -5.34370218011781 -5.3473585415114 -5.3506562211618816 -5.353556374546297 -5.356020090628085 -5.358010247663206 -5.359493744328779 -5.36044388568434 -5.36084258904864 -5.360682024642481 -5.359965363236321 -5.358706470651355 -5.3569286153437075 -5.354662457022211 -5.351943691521636 -5.34881071922543 -5.345302610623434 -5.341457515801505 -5.337311550561751 -5.33289811408282 -5.3282475542451175 -5.324184382098712
-5.324184382098712 -5.324184382098712 -5.324184382098712 -5.324184382098712 -5.324184382098712 -5.324184382098712 -5.324184382098712 -5.324184382098712 -5.324184382098712 -5.324184382098712 -5.324184382098712 -5.324184382098712 -5.324184382098712 -5.324184382098712 -5.324184382098712 -5.324184382098712 -5.324184382098712 -5.324184382098712 -5.324184382098712 -5.324184382098712 -5.324184382098712 -5.325806002644641 -5.330956556682256 -5.335906786409422 -5.34063945482429 -5.345124393147423 -5.349326729011088 -5.353207038885755 -5.356722811968769 -5.359829468904638 -5.362479478864806 -5.364630877032391 -5.366239094733537 -5.367271725298018 -5.367705674095986 -5.3675308701696265 -5.366751397057878 -5.36538502941613 -5.363461293001885 -5.36101851526475 -5.358100493837033 -5.354753354160664 -5.3510229723594716 -5.346953115272923 -5.342584274993623 -5.337953077249701 -5.333092111081042 -5.328030036851455
-5.324184382098712 -5.324184382098712 -5.324184382098712 -5.324184382098712 -5.324184382098712 -5.324184382098712 -5.324184382098712 -5.324184382098712 -5.324184382098712 -5.324184382098712 -5.324184382098712 -5.324184382098712 -5.324184382098712 -5.324184382098712 -5.324184382098712 -5.324184382098712 -5.324184382098712 -5.324184382098712 -5.324184382098712 -5.324184382098712 -5.324570863999986 -5.33014501535512 -5.335488133219848 -5.340651265519334 -5.345614242822174 -5.350334761992787 -5.354779081990707 -5.358904990892855 -5.362632760493541 -5.36588516457369 -5.368719093450559 -5.371065089198525 -5.37296159836583 -5.374092532808583 -5.374568538263993 -5.374376727764496 -5.373522482952784 -5.372029088405193 -5.3699347189876505 -5.367287995365622 -5.364143190442736 -5.3605559822836275 -5.356580244783075 -5.352265976044653 -5.347658211873238 -5.342796669430817 -5.337715866612009 -5.332445511830855
-5.324184382098712 -5.324184382098712 -5.324184382098712 -5.324184382098712 -5.324184382098712 -5.324184382098712 -5.324184382098712 -5.324184382098712 -5.324184382098712 -5.324184382098712 -5.324184382098712 -5.324184382098712 -5.324184382098712 -5.324184382098712 -5.324184382098712 -5.324184382098712 -5.324184382098712 -5.324184382098712 -5.324184382098712 -5.324184382098712 -5.328503374950545 -5.334220603648983 -5.339761896351798 -5.345154847492345 -5.350351656880434 -5.35531702417445 -5.359982610241994 -5.364278186398533 -5.368270554080762 -5.371832234031085 -5.3749363521719635 -5.377482408670967 -5.379539640613278 -5.380897521414302 -5.381431109931402 -5.381218634188595 -5.380273924205425 -5.3786282745610965 -5.376332115918977 -5.373448111803959 -5.3700441524521825 -5.366187644048865 -5.361941656237941 -5.357362828976138 -5.352500616464738 -5.3473973933782535 -5.342089033500874 -5.336605691539006
-5.324184382098712 -5.324184382098712 -5.324184382098712 -5.324184382098712 -5.324184382098712 -5.324184382098712 -5.324184382098712 -5.324184382098712 -5.324184382098712 -5.324184382098712 -5.324184382098712 -5.324184382098712 -5.324184382098712 -5.324184382098712 -5.324184382098712 -5.324184382098712 -5.324184382098712 -5.324184382098712 -5.324184382098712 -5.325770510877882 -5.332093844373158 -5.338007779880519 -5.343762241685591 -5.349377435637473 -5.354791894225319 -5.35997677834137 -5.364734928829504 -5.369314145533501 -5.3736685334178445 -5.377526850285002 -5.381096426179777 -5.384070696044086 -5.386233926212896 -5.387657284791623 -5.388285890471656 -5.388055163373173 -5.386998851618925 -5.385167719918219 -5.382630056265609 -5.379467981310161 -5.3757670899309336 -5.371608931808338 -5.367066735042078 -5.36220373704656 -5.357073194546165 -5.351719277883175 -5.346178313200721 -5.340480065548483
-5.324184382098712 -5.324184382098712 -5.324184382098712 -5.324184382098712 -5.324184382098712 -5.324184382098712 -5.324184382098712 -5.324184382098712 -5.324184382098712 -5.324184382098712 -5.324184382098712 -5.324184382098712 -5.324184382098712 -5.324184382098712 -5.324184382098712 -5.324184382098712 -5.324184382098712 -5.324184382098712 -5.324184382098712 -5.329022824270178 -5.335262117729342 -5.341378285866651 -5.347389211489556 -5.353185436370638 -5.358650818173023 -5.363890135531948 -5.368939265450353 -5.373847119116129 -5.378663635516391 -5.383285386494483 -5.387181011634908 -5.390475647869418 -5.392890457599271 -5.394382668290639 -5.39506611953223 -5.394883588512726 -5.393686824623977 -5.391625431119827 -5.388795052655936 -5.3853051068594615 -5.381263973832324 -5.3767696263636 -5.371905701711793 -5.366741144362839 -5.361331656133395 -5.355721784950688 -5.349947030672841 -5.344035702060366
-5.324184382098712 -5.324184382098712 -5.324184382098712 -5.324184382098712 -5.324184382098712 -5.324184382098712 -5.324184382098712 -5.324184382098712 -5.324184382098712 -5.324184382098712 -5.324184382098712 -5.324184382098712 -5.324184382098712 -5.324184382098712 -5.324184382098712 -5.324184382098712 -5.324184382098712 -5.324184382098712 -5.32540478411399 -5.331879691201976 -5.338235222522881 -5.344505772556009 -5.350669658788735 -5.356598992362626 -5.3621569444513835 -5.367448599342681 -5.372773781155808 -5.377999998196483 -5.383102147679183 -5.388172103201618 -5.392805294563324 -5.396505780260713 -5.39930010411227 -5.401218009452708 -5.402005910740382 -5.401680096698532 -5.400321217434546 -5.397967675746088 -5.394778050173112 -5.390900223067715 -5.386470997628719 -5.381605979125347 -5.376397919735919 -5.370919206285946 -5.365225634696419 -5.3593600843560765 -5.353355597670627 -5.347237790811635
-5.324184382098712 -5.324184382098712 -5.324184382098712 -5.324184382098712 -5.324184382098712 -5.324184382098712 -5.324184382098712 -5.324184382098712 -5.324184382098712 -5.324184382098712 -5.324184382098712 -5.324184382098712 -5.324184382098712 -5.324184382098712 -5.324184382098712 -5.324184382098712 -5.324184382098712 -5.324184382098712 -5.327644981581233 -5.334248270421013 -5.340815286491141 -5.3471691214968535 -5.353456329982742 -5.3593503229504735 -5.365180616243025 -5.370945943978346 -5.376630234788348 -5.382176828403683 -5.387383207686648 -5.392145617301962 -5.396800313032673 -5.401106886109116 -5.405347378114387 -5.407672724320115 -5.408459444778112 -5.40824378059537 -5.406873994444348 -5.404140552020095 -5.400505447527802 -5.396169941455629 -5.391303653607385 -5.386038023061879 -5.380470848016052 -5.3746737801685915 -5.368699251789719 -5.362585883006516 -5.356362420811205 -5.350050527845727
-5.324184382098712 -5.324184382098712 -5.324184382098712 -5.324184382098712 -5.324184382098712 -5.324184382098712 -5.324184382098712 -5.324184382098712 -5.324184382098712 -5.324184382098712 -5.324184382098712 -5.324184382098712 -5.324184382098712 -5.324184382098712 -5.324184382098712 -5.324184382098712 -5.324184382098712 -5.324184382098712 -5.329533642632152 -5.336302447430668 -5.342997108063931 -5.349470877788916 -5.355719078927962 -5.361919447908263 -5.367467291756305 -5.3732044548718605 -5.379295206036415 -5.385456786024341 -5.391643028699409 -5.396430947927093 -5.401697705776756 -5.40626195952832 -5.410405595752236 -5.412517486249151 -5.413893634478083 -5.414539998981044 -5.413293565197449 -5.41005400112334 -5.405864649598305 -5.4009970012677835 -5.395651668123189 -5.389967855623035 -5.384040283520393 -5.377933625159002 -5.371692666919079 -5.365349000628965 -5.358925351467278 -5.3524383833729035
-5.324184382098712 -5.324184382098712 -5.324184382098712 -5.324184382098712 -5.324184382098712 -5.324184382098712 -5.324184382098712 -5.324184382098712 -5.324184382098712 -5.324184382098712 -5.324184382098712 -5.324184382098712 -5.324184382098712 -5.324184382098712 -5.324184382098712 -5.324184382098712 -5.324184382098712 -5.324184382098712 -5.330916171143343 -5.337793032618735 -5.344452099966989 -5.351165845696326 -5.357169715109847 -5.362729534585195 -5.368716554940296 -5.374913751266467 -5.381117940479185 -5.387476952509742 -5.394557438657093 -5.400928183203761 -5.406450610728544 -5.411385764610961 -5.4154426258938875 -5.418217920510632 -5.41950723236249 -5.420631066236283 -5.419480973235107 -5.415550928016423 -5.410682347523444 -5.405219632130695 -5.399376043154028 -5.393280705195282 -5.387013053614264 -5.380623455627874 -5.374144928858185 -5.367594407752295 -5.360983758316289 -5.354332784559534
-5.324184382098712 -5.324184382098712 -5.324184382098712 -5.324184382098712 -5.324184382098712 -5.324184382098712 -5.324184382098712 -5.324184382098712 -5.324184382098712 -5.324184382098712 -5.324184382098712 -5.324184382098712 -5.324184382098712 -5.324184382098712 -5.324184382098712 -5.324184382098712 -5.324184382098712 -5.324472831737113 -5.331789971068507 -5.338506305716038 -5.345381614312392 -5.35129642475378 -5.357232819577288 -5.363349003977396 -5.3701209697209915 -5.376582072826961 -5.382405305795753 -5.388957005285971 -5.396271676186438 -5.403134392407177 -5.408837355036987 -5.413369545183955 -5.419767476125959 -5.424822414184433 -5.427585910699107 -5.427015164099933 -5.425211034620334 -5.42035023043163 -5.414698505295807 -5.408626283300039 -5.402312945486525 -5.395851461071909 -5.389293425965829 -5.382669344300762 -5.3759982550492 -5.369280141849121 -5.362535080290411 -5.355766545000905
-5.324184382098712 -5.324184382098712 -5.324184382098712 -5.324184382098712 -5.324184382098712 -5.324184382098712 -5.324184382098712 -5.324184382098712 -5.324184382098712 -5.324184382098712 -5.324184382098712 -5.324184382098712 -5.324184382098712 -5.324184382098712 -5.324184382098712 -5.324184382098712 -5.324184382098712 -5.324483892757986 -5.331888754477783 -5.3386782974865525 -5.345120905077309 -5.351160674721044 -5.357108452182625 -5.363495376652828 -5.370177629313711 -5.376896335642166 -5.382870316742271 -5.3894274048287105 -5.396400877390169 -5.402873430166143 -5.410112013038544 -5.418645708887789 -5.425439837702732 -5.43177909314485 -5.435311172254312 -5.434373245658745 -5.429903912470817 -5.423967060179819 -5.4175579484351575 -5.410970465662354 -5.404291269241358 -5.397558588519124 -5.390789475416767 -5.383944557680762 -5.376999364549809 -5.37017019959845 -5.363314949358067 -5.35652162829855
-5.324184382098712 -5.324184382098712 -5.324184382098712 -5.324184382098712 -5.324184382098712 -5.324184382098712 -5.324184382098712 -5.324184382098712 -5.324184382098712 -5.324184382098712 -5.324184382098712 -5.324184382098712 -5.324184382098712 -5.324184382098712 -5.324184382098712 -5.324184382098712 -5.324184382098712 -5.324296169593565 -5.331520190834358 -5.33800934789105 -5.344806329825799 -5.350786149846114 -5.357180373424662 -5.363713303787722 -5.369865415058174 -5.375686347282303 -5.382197299364478 -5.389462434140033 -5.396060335538173 -5.405591024324397 -5.414103692664663 -5.4216955175156265 -5.429033347729883 -5.4359212908025905 -5.442636638553385 -5.439222433525368 -5.43254152522849 -5.425721285187702 -5.418876926741536 -5.412024293068868 -5.40516766283009 -5.398288596416855 -5.391272211990763 -5.384116986505396 -5.377042242634079 -5.370300270280865 -5.363535286848267 -5.356794145981661
-5.324184382098712 -5.324184382098712 -5.324184382098712 -5.324184382098712 -5.324184382098712 -5.324184382098712 -5.324184382098712 -5.324184382098712 -5.324184382098712 -5.324184382098712 -5.324184382098712 -5.324184382098712 -5.324184382098712 -5.324184382098712 -5.324184382098712 -5.324184382098712 -5.324184382098712 -5.324184382098712 -5.330345273512807 -5.337278020200635 -5.342867181077883 -5.349265384351144 -5.355899533433582 -5.362249078557335 -5.368508890901262 -5.375328109557403 -5.3820080453998775 -5.390698434572678 -5.3995393621584515 -5.407140012187442 -5.415080741710642 -5.422107642614132 -5.428865678373159 -5.435103039657615 -5.439324593366882 -5.437439455925071 -5.431616062283567 -5.425111857193174 -5.41842047760463 -5.411614577690211 -5.40472301875895 -5.397808891905634 -5.390898290905063 -5.383482836081511 -5.376341846984373 -5.369644164433581 -5.362918298452022 -5.356170656021097
-5.324184382098712 -5.324184382098712 -5.324184382098712 -5.324184382098712 -5.324184382098712 -5.324184382098712 -5.324184382098712 -5.324184382098712 -5.324184382098712 -5.324184382098712 -5.324184382098712 -5.324184382098712 -5.324184382098712 -5.324184382098712 -5.324184382098712 -5.324184382098712 -5.324184382098712 -5.324184382098712 -5.328240288094508 -5.334490730204451 -5.341178955055873 -5.347683715319319 -5.353801240949148 -5.360432087622547 -5.367197356833863 -5.3757236256715375 -5.382736321970726 -5.392096519707541 -5.39963169378016 -5.406708266755174 -5.413536383155024 -5.419802146221842 -5.425515029333912 -5.430231841959805 -5.432800173979109 -5.431708920994794 -5.427692291236981 -5.4221033754373495 -5.416051352370068 -5.409575674785518 -5.402741753493307 -5.396032981735838 -5.3891800917387505 -5.381757560896129 -5.374825232588279 -5.367923791845756 -5.361302122988638 -5.354731209240638
-5.324184382098712 -5.324184382098712 -5.324184382098712 -5.324184382098712 -5.324184382098712 -5.324184382098712 -5.324184382098712 -5.324184382098712 -5.324184382098712 -5.324184382098712 -5.324184382098712 -5.324184382098712 -5.324184382098712 -5.324184382098712 -5.324184382098712 -5.324184382098712 -5.324184382098712 -5.324184382098712 -5.325753225176453 -5.3319809424768865 -5.3387047593724635 -5.345312425922471 -5.3521349861088545 -5.360355425111949 -5.368591572402043 -5.376308919086458 -5.383348745287004 -5.391107400593918 -5.397984178918533 -5.404315141805628 -5.4103058925942555 -5.415826951584336 -5.4205279833627324 -5.424097649279835 -5.425942201545535 -5.42527514655322 -5.422141320682388 -5.417389802268471 -5.41169585279854 -5.405710134824048 -5.399418976225081 -5.392814495348814 -5.386258748564818 -5.3793129235560295 -5.371970072295877 -5.365480277841726 -5.3590468087501915 -5.352442598965141
-5.324184382098712 -5.324184382098712 -5.324184382098712 -5.324184382098712 -5.324184382098712 -5.324184382098712 -5.324184382098712 -5.324184382098712 -5.324184382098712 -5.324184382098712 -5.324184382098712 -5.324184382098712 -5.324184382098712 -5.324184382098712 -5.324184382098712 -5.324184382098712 -5.324184382098712 -5.324184382098712 -5.324184382098712 -5.329426306541883 -5.335593107327198 -5.3433662086569065 -5.352750859037133 -5.360598569378451 -5.36824159271513 -5.375491108430086 -5.382337056283152 -5.388798197776591 -5.394801368743943 -5.400495205091339 -5.405744616237045 -5.41070870151976 -5.414708381740956 -5.41782151841348 -5.4190050901038385 -5.4179946532328715 -5.415168703744404 -5.411160810277793 -5.406078664957293 -5.400529860825219 -5.394800630358758 -5.388709385974778 -5.382416589331156 -5.37546657118634 -5.368161323619571 -5.361787469061913 -5.355760380829017 -5.349087738243056
