output/Mappa_Temperature_20070101_2300.asc
NCOLS 153
NROWS 173
XLLCORNER 628082.1585431173
YLLCORNER 5141515.270487413
CELLSIZE 30.005356186399773
NODATA_VALUE -9999
[rows 126 to 146 of 173, columns 48 to 95 of 153]
-5.354105202233017 -5.354105202233017 -5.354105202233017 -5.354105202233017 -5.354105202233017 -5.354105202233017 -5.354105202233017 -5.354105202233017 -5.354105202233017 -5.354105202233017 -5.354105202233017 -5.354105202233017 -5.354105202233017 -5.354105202233017 -5.354105202233017 -5.354105202233017 -5.354105202233017 -5.354105202233017 -5.354105202233017 -5.354105202233017 -5.354105202233017 -5.354105202233017 -5.354105202233017 -5.354105202233017 -5.354105202233017 -5.354105202233017 -5.354105202233017 -5.354105202233017 -5.35670775603041 -5.361306106233155 -5.365115161765094 -5.368161149221189 -5.3704129767016795 -5.371846568601649 -5.372446090581771 -5.372204800102844 -5.3711254195163045 -5.369219984637932 -5.366509188046479 -5.3630212983832735 -5.358790781468645 -5.354105202233017 -5.354105202233017 -5.354105202233017 -5.354105202233017 -5.354105202233017 -5.354105202233017 -5.354105202233017
-5.354105202233017 -5.354105202233017 -5.354105202233017 -5.354105202233017 -5.354105202233017 -5.354105202233017 -5.354105202233017 -5.354105202233017 -5.354105202233017 -5.354105202233017 -5.354105202233017 -5.354105202233017 -5.354105202233017 -5.354105202233017 -5.354105202233017 -5.354105202233017 -5.354105202233017 -5.354105202233017 -5.354105202233017 -5.354105202233017 -5.354105202233017 -5.354105202233017 -5.354105202233017 -5.354105202233017 -5.354105202233017 -5.354105202233017 -5.357811820034024 -5.363983716539562 -5.36949307100631 -5.3742901942050905 -5.378327707992537 -5.3815624387241 -5.383957416132443 -5.385483798686814 -5.3861225158189265 -5.385865422465232 -5.384715809016569 -5.38268819409268 -5.379807429873953 -5.376107244595279 -5.371628411625688 -5.366416757603445 -5.360521205195804 -5.354105202233017 -5.354105202233017 -5.354105202233017 -5.354105202233017 -5.354105202233017
-5.354105202233017 -5.354105202233017 -5.354105202233017 -5.354105202233017 -5.354105202233017 -5.354105202233017 -5.354105202233017 -5.354105202233017 -5.354105202233017 -5.354105202233017 -5.354105202233017 -5.354105202233017 -5.354105202233017 -5.354105202233017 -5.354105202233017 -5.354105202233017 -5.354105202233017 -5.354105202233017 -5.354105202233017 -5.354105202233017 -5.354105202233017 -5.354105202233017 -5.354105202233017 -5.354105202233017 -5.354923716633738 -5.362626471678914 -5.36976011969224 -5.3762693694002195 -5.38209686043225 -5.387185147577877 -5.391478697116553 -5.394926259679389 -5.3974834629133674 -5.399115379454176 -5.399798764985318 -5.399523655536666 -5.398294078904101 -5.396127765127728 -5.393054903282521 -5.389116140754274 -5.384360116753911 -5.378840845799085 -5.372615226593677 -5.365740871881222 -5.3582743642144735 -5.354105202233017 -5.354105202233017 -5.354105202233017
-5.354105202233017 -5.354105202233017 -5.354105202233017 -5.354105202233017 -5.354105202233017 -5.354105202233017 -5.354105202233017 -5.354105202233017 -5.354105202233017 -5.354105202233017 -5.354105202233017 -5.354105202233017 -5.354105202233017 -5.354105202233017 -5.354105202233017 -5.354105202233017 -5.354105202233017 -5.354105202233017 -5.354105202233017 -5.354105202233017 -5.354105202233017 -5.354105202233017 -5.354105202233017 -5.3572821230961205 -5.365897825858073 -5.373987006293231 -5.381500446993093 -5.388379771407628 -5.394559578926004 -5.399973257456947 -5.404555355971841 -5.408244555270764 -5.410987054370192 -5.412740041207933 -5.413474798218605 -5.413178959969432 -5.411857529008927 -5.4095324617069425 -5.406240901625828 -5.4020323786336535 -5.3969654344753835 -5.391104151741605 -5.384514974834791 -5.377264069347242 -5.369415321731564 -5.361028967913383 -5.354105202233017 -5.354105202233017
-5.354105202233017 -5.354105202233017 -5.354105202233017 -5.354105202233017 -5.354105202233017 -5.354105202233017 -5.354105202233017 -5.354105202233017 -5.354105202233017 -5.354105202233017 -5.354105202233017 -5.354105202233017 -5.354105202233017 -5.354105202233017 -5.354105202233017 -5.354105202233017 -5.354105202233017 -5.354105202233017 -5.354105202233017 -5.354105202233017 -5.354105202233017 -5.354105202233017 -5.35809867715436 -5.36757154083335 -5.376550936847519 -5.385068608890893 -5.39299648222969 -5.400282169610404 -5.406853145624231 -5.412632008444527 -5.41754122370925 -5.421506822411239 -5.424462846658361 -5.4263561039540615 -5.427150562640511 -5.426830621053276 -5.425402597288383 -5.422894120463291 -5.4193515554415805 -5.414835994940758 -5.409418566692718 -5.403175787529089 -5.396185509539461 -5.388523750810986 -5.380262475904973 -5.371468236222728 -5.362201503130591 -5.354105202233017
-5.354105202233017 -5.354105202233017 -5.354105202233017 -5.354105202233017 -5.354105202233017 -5.354105202233017 -5.354105202233017 -5.354105202233017 -5.354105202233017 -5.354105202233017 -5.354105202233017 -5.354105202233017 -5.354105202233017 -5.354105202233017 -5.354105202233017 -5.354105202233017 -5.354105202233017 -5.354105202233017 -5.354105202233017 -5.354105202233017 -5.354105202233017 -5.357336452942673 -5.367599477440561 -5.377463334530313 -5.386893677659901 -5.395830392340633 -5.404203991685907 -5.411935920137147 -5.4189414704170735 -5.425131813437751 -5.43041223898852 -5.4346991277265815 -5.437903671848299 -5.439961297630523 -5.440825986576968 -5.440477671237401 -5.43892448849572 -5.436201856235581 -5.432368607656365 -5.427501114261278 -5.421686647472018 -5.415017117117503 -5.407583936233944 -5.399474314885037 -5.390768937854453 -5.381540785785117 -5.371854795791024 -5.361768076682953
-5.354105202233017 -5.354105202233017 -5.354105202233017 -5.354105202233017 -5.354105202233017 -5.354105202233017 -5.354105202233017 -5.354105202233017 -5.354105202233017 -5.354105202233017 -5.354105202233017 -5.354105202233017 -5.354105202233017 -5.354105202233017 -5.354105202233017 -5.354105202233017 -5.354105202233017 -5.354105202233017 -5.354105202233017 -5.354105202233017 -5.35487530835981 -5.365982395382858 -5.376629123703807 -5.386917211720838 -5.396806469705419 -5.4062126041789105 -5.4150683825441055 -5.4232896930729515 -5.430717668870297 -5.437198428514371 -5.442845331988479 -5.447519977018405 -5.451298972424028 -5.45355247909665 -5.454500970387947 -5.4541187676499625 -5.452416594375828 -5.449440847550338 -5.4452675946375715 -5.4399937174636515 -5.433727360537977 -5.4265794683020925 -5.418657390197994 -5.410060752743168 -5.400879294549275 -5.391192156268668 -5.381068118462723 -5.370566378293311
-5.354105202233017 -5.354105202233017 -5.354105202233017 -5.354105202233017 -5.354105202233017 -5.354105202233017 -5.354105202233017 -5.354105202233017 -5.354105202233017 -5.354105202233017 -5.354105202233017 -5.354105202233017 -5.354105202233017 -5.354105202233017 -5.354105202233017 -5.354105202233017 -5.354105202233017 -5.354105202233017 -5.354105202233017 -5.354105202233017 -5.362711252984227 -5.3741034367694285 -5.385145049447143 -5.395891075848794 -5.406246269032151 -5.416140289327324 -5.425436963774096 -5.433996354279489 -5.441951569782151 -5.449048594357919 -5.455233878560655 -5.460307165828679 -5.4644064183882275 -5.467112139719237 -5.468175371360495 -5.467751990936231 -5.46586955622535 -5.462590424991826 -5.458015085674348 -5.452268401983952 -5.445485652407505 -5.437801150909125 -5.429340570435058 -5.420216772098745 -5.410528298634724 -5.400359586070539 -5.38978211672116 -5.37885597703329
-5.354105202233017 -5.354105202233017 -5.354105202233017 -5.354105202233017 -5.354105202233017 -5.354105202233017 -5.354105202233017 -5.354105202233017 -5.354105202233017 -5.354105202233017 -5.354105202233017 -5.354105202233017 -5.354105202233017 -5.354105202233017 -5.354105202233017 -5.354105202233017 -5.354105202233017 -5.354105202233017 -5.354105202233017 -5.357265731837904 -5.3698656436330925 -5.381649786571456 -5.393116161265581 -5.404305030010128 -5.415093912278723 -5.425425343094346 -5.434906461954131 -5.444031036295271 -5.45270761539802 -5.4603957204521665 -5.467508478533648 -5.473435026290995 -5.477745491544817 -5.480581684283711 -5.481834247686905 -5.481374499503163 -5.4792696864418735 -5.475620962563641 -5.470564398931069 -5.464263629636173 -5.4568892115421885 -5.44860364102558 -5.439552832831756 -5.4298627942074225 -5.419639644817183 -5.408971398746831 -5.397930439684436 -5.386576077644378
-5.354105202233017 -5.354105202233017 -5.354105202233017 -5.354105202233017 -5.354105202233017 -5.354105202233017 -5.354105202233017 -5.354105202233017 -5.354105202233017 -5.354105202233017 -5.354105202233017 -5.354105202233017 -5.354105202233017 -5.354105202233017 -5.354105202233017 -5.354105202233017 -5.354105202233017 -5.354105202233017 -5.354105202233017 -5.363746310776825 -5.376178763898034 -5.388365876773275 -5.4003432827906295 -5.411892874837508 -5.422783227005169 -5.433223121823119 -5.443284048020024 -5.453063466318726 -5.4626608854409024 -5.47187021382866 -5.479632659569216 -5.486197571254342 -5.491009335432374 -5.493982723298937 -5.495344572293116 -5.494980859901957 -5.492596181085131 -5.488488636172801 -5.482848807272635 -5.4758947205969175 -5.467842334979013 -5.458886871579019 -5.44919498649388 -5.4389040589148285 -5.428125080611831 -5.416946818048692 -5.40544000845306 -5.393661060028909
-5.354105202233017 -5.354105202233017 -5.354105202233017 -5.354105202233017 -5.354105202233017 -5.354105202233017 -5.354105202233017 -5.354105202233017 -5.354105202233017 -5.354105202233017 -5.354105202233017 -5.354105202233017 -5.354105202233017 -5.354105202233017 -5.354105202233017 -5.354105202233017 -5.354105202233017 -5.354105202233017 -5.35653698252085 -5.3694389207551145 -5.382102990128462 -5.394597725284199 -5.406879921519136 -5.418694746736107 -5.429769555004973 -5.4403137379000865 -5.450924726738321 -5.461338517784491 -5.471505091079411 -5.481607514498319 -5.490839639062263 -5.498213248792215 -5.50378123505819 -5.507602864605181 -5.509172841380156 -5.508523622389574 -5.505815911515343 -5.50112623039967 -5.494770563581019 -5.487043582310531 -5.4782178814528875 -5.468523816752638 -5.458146206749942 -5.447229289862296 -5.435884245372506 -5.424196515004678 -5.412231939252246 -5.400041561050479
-5.354105202233017 -5.354105202233017 -5.354105202233017 -5.354105202233017 -5.354105202233017 -5.354105202233017 -5.354105202233017 -5.354105202233017 -5.354105202233017 -5.354105202233017 -5.354105202233017 -5.354105202233017 -5.354105202233017 -5.354105202233017 -5.354105202233017 -5.354105202233017 -5.354105202233017 -5.354105202233017 -5.36100081326964 -5.3741585657433335 -5.38724404088126 -5.399904730166907 -5.412432659054316 -5.4241770643700296 -5.435794541335488 -5.447282567546613 -5.45860911910013 -5.469661294407538 -5.480035556620139 -5.489525162241984 -5.498800136539048 -5.507381439572215 -5.515831069071364 -5.520464567701062 -5.522032191547827 -5.521602457819253 -5.51887301381728 -5.513426340244144 -5.506183009490921 -5.497544054398999 -5.487847460394632 -5.477355133765168 -5.466261947777392 -5.4547106760307145 -5.442805795377506 -5.430624260511851 -5.41822335286081 -5.4056462375330785
-5.354105202233017 -5.354105202233017 -5.354105202233017 -5.354105202233017 -5.354105202233017 -5.354105202233017 -5.354105202233017 -5.354105202233017 -5.354105202233017 -5.354105202233017 -5.354105202233017 -5.354105202233017 -5.354105202233017 -5.354105202233017 -5.354105202233017 -5.354105202233017 -5.354105202233017 -5.354105202233017 -5.3647641704720375 -5.378251731025963 -5.391591551476827 -5.40449122339484 -5.416941426011772 -5.4292963179857345 -5.440350984514244 -5.451782889737132 -5.463919356601827 -5.476196957399722 -5.488523701214161 -5.498064137440786 -5.508558710343193 -5.517653469416638 -5.525910103511891 -5.530118269031251 -5.5328603901473725 -5.5341483398863724 -5.531664688542725 -5.525209513970779 -5.516861787295606 -5.507162482386189 -5.496511339885463 -5.485185741414989 -5.473374426116058 -5.461206262476676 -5.448770492103461 -5.436130065060766 -5.423330263674201 -5.410404292607132
-5.354105202233017 -5.354105202233017 -5.354105202233017 -5.354105202233017 -5.354105202233017 -5.354105202233017 -5.354105202233017 -5.354105202233017 -5.354105202233017 -5.354105202233017 -5.354105202233017 -5.354105202233017 -5.354105202233017 -5.354105202233017 -5.354105202233017 -5.354105202233017 -5.354105202233017 -5.354105202233017 -5.367519004976393 -5.381221879905019 -5.394490776965237 -5.407868626491638 -5.419831972264366 -5.430910501498814 -5.442840273737892 -5.455188843862426 -5.467551348054145 -5.480222353110177 -5.494330971766836 -5.507025355103996 -5.518029376916167 -5.527863193788334 -5.535946919621932 -5.54147698812185 -5.544046078558409 -5.546285436595247 -5.543993754465569 -5.536162723073107 -5.526461560731249 -5.515576521667231 -5.503932551642814 -5.4917869451048205 -5.4792979854219475 -5.46656603460907 -5.453656883775598 -5.440604276601152 -5.427431857359804 -5.414179087637965
-5.354105202233017 -5.354105202233017 -5.354105202233017 -5.354105202233017 -5.354105202233017 -5.354105202233017 -5.354105202233017 -5.354105202233017 -5.354105202233017 -5.354105202233017 -5.354105202233017 -5.354105202233017 -5.354105202233017 -5.354105202233017 -5.354105202233017 -5.354105202233017 -5.354105202233017 -5.354679968691869 -5.369260143885478 -5.382643152105609 -5.396342932758254 -5.408128819095343 -5.419957714600147 -5.432144859880733 -5.445638718952558 -5.4585131512904566 -5.470116559812945 -5.483171515042985 -5.497746771626499 -5.511421460636874 -5.522785217769182 -5.531816086714103 -5.5445646418237216 -5.554637141354951 -5.560143700886758 -5.559006427830958 -5.555411508738514 -5.545725841506644 -5.534464180508486 -5.522364634975314 -5.509784640634836 -5.496909448499061 -5.483841868883321 -5.470642684502743 -5.457349832526745 -5.443963280352265 -5.430523030718682 -5.4170360071900046
-5.354105202233017 -5.354105202233017 -5.354105202233017 -5.354105202233017 -5.354105202233017 -5.354105202233017 -5.354105202233017 -5.354105202233017 -5.354105202233017 -5.354105202233017 -5.354105202233017 -5.354105202233017 -5.354105202233017 -5.354105202233017 -5.354105202233017 -5.354105202233017 -5.354105202233017 -5.354702008947602 -5.369456980292196 -5.3829858639267725 -5.395823441991448 -5.407858322775649 -5.419709899392534 -5.432436522941214 -5.445751619192789 -5.459139353238379 -5.471043143380675 -5.4841088359594705 -5.498004218710707 -5.5109014657289075 -5.525325108856796 -5.542329401777275 -5.5558674231164025 -5.568499061077229 -5.57553710284209 -5.573668184749548 -5.564762564953708 -5.552932757896471 -5.540161923853216 -5.5270356666422495 -5.513726660272395 -5.500311080766944 -5.486822905884953 -5.473183682240735 -5.4593446492503 -5.445736814698125 -5.432077002444453 -5.418540590643569
-5.354105202233017 -5.354105202233017 -5.354105202233017 -5.354105202233017 -5.354105202233017 -5.354105202233017 -5.354105202233017 -5.354105202233017 -5.354105202233017 -5.354105202233017 -5.354105202233017 -5.354105202233017 -5.354105202233017 -5.354105202233017 -5.354105202233017 -5.354105202233017 -5.354105202233017 -5.354327950657722 -5.36872257819217 -5.3816529109985325 -5.395196617481097 -5.407112042290404 -5.419853210085629 -5.432870765841661 -5.445129499216992 -5.456728323262039 -5.46970208496533 -5.484178635572795 -5.497325652998346 -5.516316559953296 -5.533278953334768 -5.548406468522477 -5.563027872491892 -5.576752828676996 -5.590133870400842 -5.583330705229201 -5.570018287765316 -5.556428237042835 -5.542790127842861 -5.529135529377522 -5.515472967330869 -5.501765698830035 -5.487784809643026 -5.473527264938525 -5.459430088375118 -5.445995994310707 -5.43251604823316 -5.419083610993895
-5.354105202233017 -5.354105202233017 -5.354105202233017 -5.354105202233017 -5.354105202233017 -5.354105202233017 -5.354105202233017 -5.354105202233017 -5.354105202233017 -5.354105202233017 -5.354105202233017 -5.354105202233017 -5.354105202233017 -5.354105202233017 -5.354105202233017 -5.354105202233017 -5.354105202233017 -5.354105202233017 -5.366381430974611 -5.380195663108711 -5.391332658194476 -5.404081755952964 -5.417301000729054 -5.429953141970482 -5.442426481143078 -5.456014496648461 -5.469324976393939 -5.486641497359506 -5.504257982058868 -5.51940308234861 -5.535225827053849 -5.549227671436043 -5.562693773538065 -5.575122376596507 -5.583534269534806 -5.579777933496803 -5.568174204816908 -5.555213887209419 -5.541880604587714 -5.528319128086007 -5.514586966919723 -5.5008098367782186 -5.487039732271777 -5.472263653045871 -5.458034475852921 -5.444688633911281 -5.431286633498488 -5.417841241203629
-5.354105202233017 -5.354105202233017 -5.354105202233017 -5.354105202233017 -5.354105202233017 -5.354105202233017 -5.354105202233017 -5.354105202233017 -5.354105202233017 -5.354105202233017 -5.354105202233017 -5.354105202233017 -5.354105202233017 -5.354105202233017 -5.354105202233017 -5.354105202233017 -5.354105202233017 -5.354105202233017 -5.3621870245558245 -5.374641692544644 -5.387968689018468 -5.400930112867065 -5.413119930689946 -5.426332595066215 -5.439813110588137 -5.456802604401341 -5.47077614460483 -5.489427330084378 -5.504441962595444 -5.518542783841721 -5.532148529043947 -5.5446337256622344 -5.5560172504062875 -5.565415999196794 -5.570533672798572 -5.568359235635188 -5.560355675376944 -5.5492191686342975 -5.537159871605724 -5.524256398075439 -5.510639086010288 -5.497271147649719 -5.483616038430818 -5.468825859487377 -5.455012461019702 -5.441260609297742 -5.428066232692583 -5.414972991018628
-5.354105202233017 -5.354105202233017 -5.354105202233017 -5.354105202233017 -5.354105202233017 -5.354105202233017 -5.354105202233017 -5.354105202233017 -5.354105202233017 -5.354105202233017 -5.354105202233017 -5.354105202233017 -5.354105202233017 -5.354105202233017 -5.354105202233017 -5.354105202233017 -5.354105202233017 -5.354105202233017 -5.3572312882467985 -5.3696406746455265 -5.383038592037453 -5.396205067562488 -5.409799741420838 -5.426179836893292 -5.44259123279151 -5.457968863528404 -5.471996462934104 -5.48745640547699 -5.501159114718886 -5.513774228885431 -5.525711434408452 -5.536712729270266 -5.546080033050531 -5.5531929705110405 -5.55686843628662 -5.5555392585559185 -5.549294778554426 -5.53982687480503 -5.52848107734851 -5.516553900240761 -5.504018100334614 -5.490857972601958 -5.4777949527103535 -5.463954660636409 -5.449323251701186 -5.436391648812876 -5.423572280175901 -5.410412692621208
-5.354105202233017 -5.354105202233017 -5.354105202233017 -5.354105202233017 -5.354105202233017 -5.354105202233017 -5.354105202233017 -5.354105202233017 -5.354105202233017 -5.354105202233017 -5.354105202233017 -5.354105202233017 -5.354105202233017 -5.354105202233017 -5.354105202233017 -5.354105202233017 -5.354105202233017 -5.354105202233017 -5.354105202233017 -5.364550291942486 -5.376838295732193 -5.392327023505704 -5.4110269334674275 -5.426664327599611 -5.441893861193362 -5.456339289168112 -5.4699805654296885 -5.482855074258689 -5.494817028303442 -5.5061626003513275 -5.516622608108637 -5.526514073860483 -5.53448386037162 -5.540687114953955 -5.543045506918092 -5.541032104421087 -5.5354011007235915 -5.52741494845097 -5.517288235568196 -5.506231655572033 -5.494815556992744 -5.4826781073360955 -5.470139043452467 -5.45629039611082 -5.441733916517867 -5.429033336154381 -5.417023724424568 -5.403727777265244
