output/Mappa_Temperature_20070101_1400.asc
NCOLS 153
NROWS 173
XLLCORNER 628082.1585431173
YLLCORNER 5141515.270487413
CELLSIZE 30.005356186399773
NODATA_VALUE -9999
[rows 126 to 146 of 173, columns 48 to 95 of 153]
0.2233794387637507 0.2233794387637507 0.2233794387637507 0.2233794387637507 0.2233794387637507 0.2233794387637507 0.2233794387637507 0.2233794387637507 0.2233794387637507 0.2233794387637507 0.2233794387637507 0.2233794387637507 0.2233794387637507 0.2233794387637507 0.2233794387637507 0.2233794387637507 0.2233794387637507 0.2233794387637507 0.2233794387637507 0.2233794387637507 0.2233794387637507 0.2233794387637507 0.2233794387637507 0.2233794387637507 0.2233794387637507 0.2233794387637507 0.2233794387637507 0.2233794387637507 0.22653877792122282 0.2321208903332014 0.23674484788869576 0.2404424880500008 0.2431760671760491 0.24491635897326094 0.24564414153417025 0.24535122983368365 0.24404092863788107 0.24172784868184238 0.238437109474884 0.23420302739714163 0.22906744182035488 0.2233794387637507 0.2233794387637507 0.2233794387637507 0.2233794387637507 0.2233794387637507 0.2233794387637507 0.2233794387637507
0.2233794387637507 0.2233794387637507 0.2233794387637507 0.2233794387637507 0.2233794387637507 0.2233794387637507 0.2233794387637507 0.2233794387637507 0.2233794387637507 0.2233794387637507 0.2233794387637507 0.2233794387637507 0.2233794387637507 0.2233794387637507 0.2233794387637507 0.2233794387637507 0.2233794387637507 0.2233794387637507 0.2233794387637507 0.2233794387637507 0.2233794387637507 0.2233794387637507 0.2233794387637507 0.2233794387637507 0.2233794387637507 0.2233794387637507 0.2278790432569347 0.23537134344504648 0.24205935862329284 0.24788276914424845 0.25278406087557986 0.2567108236861404 0.2596181779606295 0.261471111866596 0.26224647491501535 0.26193437950310283 0.26053881996156075 0.2580774209957712 0.2545803516138556 0.25008855580448486 0.24465152991292696 0.23832490464041856 0.23116806907566503 0.2233794387637507 0.2233794387637507 0.2233794387637507 0.2233794387637507 0.2233794387637507
0.2233794387637507 0.2233794387637507 0.2233794387637507 0.2233794387637507 0.2233794387637507 0.2233794387637507 0.2233794387637507 0.2233794387637507 0.2233794387637507 0.2233794387637507 0.2233794387637507 0.2233794387637507 0.2233794387637507 0.2233794387637507 0.2233794387637507 0.2233794387637507 0.2233794387637507 0.2233794387637507 0.2233794387637507 0.2233794387637507 0.2233794387637507 0.2233794387637507 0.2233794387637507 0.2233794387637507 0.2243730645630478 0.23372373222609397 0.24238353919210806 0.2502853652787661 0.25735957854793823 0.2635364440712362 0.2687485473505773 0.2729336748255619 0.2760379612071947 0.27801900683793923 0.2788485945568735 0.27851462872124133 0.27702199882584905 0.27439222804150326 0.2706619640359066 0.2658805502184737 0.2601070315794891 0.2534069783987526 0.24584946217956247 0.23750442122511684 0.22844054325082852 0.2233794387637507 0.2233794387637507 0.2233794387637507
0.2233794387637507 0.2233794387637507 0.2233794387637507 0.2233794387637507 0.2233794387637507 0.2233794387637507 0.2233794387637507 0.2233794387637507 0.2233794387637507 0.2233794387637507 0.2233794387637507 0.2233794387637507 0.2233794387637507 0.2233794387637507 0.2233794387637507 0.2233794387637507 0.2233794387637507 0.2233794387637507 0.2233794387637507 0.2233794387637507 0.2233794387637507 0.2233794387637507 0.2233794387637507 0.22723602397364723 0.2376949536342756 0.24751471779294115 0.25663556956329103 0.2649866434283278 0.2724885470961703 0.27906041761269595 0.284622801481944 0.28910126099216227 0.29243048508075453 0.29455850255519006 0.29545045206929876 0.2950913227533842 0.2934871873915812 0.2906646996573129 0.2866689495353243 0.2815600632185019 0.27540910676028896 0.26829387245759273 0.26029501970072294 0.2514928694216903 0.24196497581806084 0.23178446157366744 0.2233794387637507 0.2233794387637507
0.2233794387637507 0.2233794387637507 0.2233794387637507 0.2233794387637507 0.2233794387637507 0.2233794387637507 0.2233794387637507 0.2233794387637507 0.2233794387637507 0.2233794387637507 0.2233794387637507 0.2233794387637507 0.2233794387637507 0.2233794387637507 0.2233794387637507 0.2233794387637507 0.2233794387637507 0.2233794387637507 0.2233794387637507 0.2233794387637507 0.2233794387637507 0.2233794387637507 0.22822727003856583 0.23972673997626703 0.250627170724865 0.2609670971632935 0.27059104449525295 0.2794354178388575 0.28741217583865597 0.2944273574698997 0.3003868408180716 0.3052008320887041 0.3087892624849202 0.3110875596096405 0.3120519832613634 0.31166359398553795 0.30993006155953423 0.3068849260210992 0.3025844714436844 0.29710286060342156 0.29052643816253365 0.28294809081660965 0.2744623261817627 0.26516142550865657 0.2551327493186345 0.2444570868919456 0.23320784672288528 0.2233794387637507
0.2233794387637507 0.2233794387637507 0.2233794387637507 0.2233794387637507 0.2233794387637507 0.2233794387637507 0.2233794387637507 0.2233794387637507 0.2233794387637507 0.2233794387637507 0.2233794387637507 0.2233794387637507 0.2233794387637507 0.2233794387637507 0.2233794387637507 0.2233794387637507 0.2233794387637507 0.2233794387637507 0.2233794387637507 0.2233794387637507 0.2233794387637507 0.22730197704320942 0.2397606532875604 0.25173476501525704 0.26318261763890255 0.27403123589156786 0.28419626699562667 0.2935823493671795 0.3020866536167829 0.309601346732052 0.31601145638179196 0.32121547386163146 0.3251055919970274 0.3276034222865409 0.32865310112517365 0.32823026787094356 0.3263448001970789 0.32303969322120074 0.3183863668043778 0.3124775312224912 0.30541912857755393 0.2973227317107351 0.2882993103876127 0.2784547322253875 0.26788694355534914 0.25668453835899546 0.2449263462717281 0.23268169385361526
0.2233794387637507 0.2233794387637507 0.2233794387637507 0.2233794387637507 0.2233794387637507 0.2233794387637507 0.2233794387637507 0.2233794387637507 0.2233794387637507 0.2233794387637507 0.2233794387637507 0.2233794387637507 0.2233794387637507 0.2233794387637507 0.2233794387637507 0.2233794387637507 0.2233794387637507 0.2233794387637507 0.2233794387637507 0.2233794387637507 0.2243142999159824 0.2377976158007448 0.25072208472699276 0.26321118653162767 0.2752161333727997 0.2866345981869638 0.2973849647642236 0.30736512667499993 0.3163822293457652 0.3242494702589654 0.33110446141498606 0.3367791910229214 0.34136665744641637 0.3441022750077255 0.34525368470390383 0.34478971424634264 0.3427233812917022 0.3391110089065842 0.3340449382822196 0.327642777956485 0.32003580866740466 0.3113587100972175 0.30174179782133503 0.29130601226301595 0.2801602905401155 0.26840070450412346 0.2561107494976055 0.24336228720952222
0.2233794387637507 0.2233794387637507 0.2233794387637507 0.2233794387637507 0.2233794387637507 0.2233794387637507 0.2233794387637507 0.2233794387637507 0.2233794387637507 0.2233794387637507 0.2233794387637507 0.2233794387637507 0.2233794387637507 0.2233794387637507 0.2233794387637507 0.2233794387637507 0.2233794387637507 0.2233794387637507 0.2233794387637507 0.2233794387637507 0.23382665148100273 0.2476560571815535 0.2610598912653071 0.2741049019128965 0.2866754652342391 0.2986861932255827 0.309971780345184 0.3203623504132555 0.330019489439102 0.3386348378196756 0.34614338984320947 0.35230204644389473 0.3572782852216322 0.36056286337667953 0.36185356075286923 0.36133960313392355 0.3590544439570353 0.35507378168641157 0.3495196030642834 0.3425434849041795 0.3343096469125678 0.3249811379250669 0.3147105171166149 0.30363479089046236 0.2918735840244825 0.27952939662776216 0.26668900380441685 0.2534253467801438
0.2233794387637507 0.2233794387637507 0.2233794387637507 0.2233794387637507 0.2233794387637507 0.2233794387637507 0.2233794387637507 0.2233794387637507 0.2233794387637507 0.2233794387637507 0.2233794387637507 0.2233794387637507 0.2233794387637507 0.2233794387637507 0.2233794387637507 0.2233794387637507 0.2233794387637507 0.2233794387637507 0.2233794387637507 0.22721612600113913 0.24251163872215564 0.25681685856417535 0.2707363274341905 0.28431892126484226 0.2974159562812285 0.309957673559529 0.3214671647755515 0.3325438330235128 0.3430766627923473 0.35240954627342314 0.3610439941557019 0.36823845615573725 0.37347109406583145 0.37691405643114234 0.3784345908427137 0.37787648501569604 0.37532137229128576 0.3708920474355111 0.3647536922927145 0.3571049485182425 0.348152861583025 0.33809469202614617 0.3271075713133639 0.3153444644396805 0.3029341941069008 0.28998360396528 0.2765805633300565 0.26279707088614707
0.2233794387637507 0.2233794387637507 0.2233794387637507 0.2233794387637507 0.2233794387637507 0.2233794387637507 0.2233794387637507 0.2233794387637507 0.2233794387637507 0.2233794387637507 0.2233794387637507 0.2233794387637507 0.2233794387637507 0.2233794387637507 0.2233794387637507 0.2233794387637507 0.2233794387637507 0.2233794387637507 0.2233794387637507 0.23508314754946946 0.2501753758094858 0.26496977620258855 0.27950960545546366 0.2935300950388299 0.3067503082295657 0.3194236940904984 0.33163703551157686 0.3435086437754631 0.35515931630861336 0.3663388707211109 0.3757619991922438 0.38373139547251234 0.38957257923569855 0.39318208799074666 0.39483528834271653 0.3943937640212628 0.39149891159917916 0.38651260641863583 0.37966620335732015 0.37122437273655257 0.36144927520767295 0.35057789717075744 0.33881254880799594 0.326319999950896 0.3132349877354746 0.2996652691523115 0.2856967148156322 0.27139780079222564
0.2233794387637507 0.2233794387637507 0.2233794387637507 0.2233794387637507 0.2233794387637507 0.2233794387637507 0.2233794387637507 0.2233794387637507 0.2233794387637507 0.2233794387637507 0.2233794387637507 0.2233794387637507 0.2233794387637507 0.2233794387637507 0.2233794387637507 0.2233794387637507 0.2233794387637507 0.2233794387637507 0.22633146945507135 0.24199362357137472 0.2573670196195844 0.27253485441296754 0.287444680117086 0.30178714634545084 0.3152312778213595 0.3280312629503557 0.34091234635761525 0.3535540438559761 0.36589563431227035 0.3781593507913128 0.38936657835014193 0.39831768398148687 0.40507687453346797 0.40971609616463145 0.41162195075501873 0.4108338391007009 0.4075468457633775 0.4018538632783926 0.3941384773093871 0.38475840050892923 0.3740445461634039 0.36227655188286423 0.349678775930915 0.33642631481502994 0.32265413330019854 0.3084659523488573 0.2939416982431291 0.2791433339458165
0.2233794387637507 0.2233794387637507 0.2233794387637507 0.2233794387637507 0.2233794387637507 0.2233794387637507 0.2233794387637507 0.2233794387637507 0.2233794387637507 0.2233794387637507 0.2233794387637507 0.2233794387637507 0.2233794387637507 0.2233794387637507 0.2233794387637507 0.2233794387637507 0.2233794387637507 0.2233794387637507 0.23175028357952404 0.24772298034224033 0.263607936894811 0.27897722972585615 0.2941853596540901 0.3084423404827917 0.32254523815381536 0.3364909906247773 0.35024072286007746 0.3636573793222304 0.37625109126430223 0.3877708848839607 0.39903012936550597 0.40944729988545103 0.41970462688845156 0.4253294073143342 0.4272324055955731 0.42671073545859806 0.4233973594499302 0.41678543499526527 0.407992479974675 0.3975053234252644 0.38573425872614475 0.3729972238926603 0.35953078300396274 0.3455082543690544 0.3310564664174012 0.31626883738254624 0.3012149033699895 0.2859470641488757
0.2233794387637507 0.2233794387637507 0.2233794387637507 0.2233794387637507 0.2233794387637507 0.2233794387637507 0.2233794387637507 0.2233794387637507 0.2233794387637507 0.2233794387637507 0.2233794387637507 0.2233794387637507 0.2233794387637507 0.2233794387637507 0.2233794387637507 0.2233794387637507 0.2233794387637507 0.2233794387637507 0.2363187661926305 0.2526918295427256 0.26888554555590927 0.28454494850461787 0.2996587235533716 0.3146567973832882 0.32807647803359274 0.3419541030999138 0.35668702237226263 0.3715912695003699 0.3865551732075867 0.39813667203397024 0.41087643370371474 0.4219169080628806 0.4319399505960081 0.43704840296295966 0.4403771682032265 0.441940659435318 0.4389256604941453 0.43108947827425437 0.42095585498964067 0.40918149941965054 0.3962516719524881 0.38250309670098925 0.3681648912957836 0.35339349410165416 0.3382972389031157 0.3229525431803517 0.30741437687274614 0.2917230483855566
0.2233794387637507 0.2233794387637507 0.2233794387637507 0.2233794387637507 0.2233794387637507 0.2233794387637507 0.2233794387637507 0.2233794387637507 0.2233794387637507 0.2233794387637507 0.2233794387637507 0.2233794387637507 0.2233794387637507 0.2233794387637507 0.2233794387637507 0.2233794387637507 0.2233794387637507 0.2233794387637507 0.23966296469899037 0.2562974063675036 0.27240502577607584 0.2886449067321639 0.3031676677186931 0.3166163162164032 0.33109832101198994 0.3460887205081481 0.3610960350990647 0.37647785063659667 0.39360484006690877 0.40901503539011824 0.4223732364907647 0.43431088125443007 0.4441240238645481 0.4508371845964337 0.4539559013059306 0.45667434329950285 0.45389238309717345 0.4443859958915267 0.4326093855135594 0.41939562210165304 0.40526056349752604 0.39051654922772827 0.375355725500794 0.35989992558827255 0.3442290158231462 0.32838395894302097 0.3123934576325518 0.2963054158141478
0.2233794387637507 0.2233794387637507 0.2233794387637507 0.2233794387637507 0.2233794387637507 0.2233794387637507 0.2233794387637507 0.2233794387637507 0.2233794387637507 0.2233794387637507 0.2233794387637507 0.2233794387637507 0.2233794387637507 0.2233794387637507 0.2233794387637507 0.2233794387637507 0.2233794387637507 0.22407716965472385 0.24177659952166802 0.25802274281250975 0.27465342822158145 0.28896076444169383 0.3033203111282432 0.3181147508594291 0.334495460220241 0.3501242238815516 0.36421004333393403 0.380057950608161 0.3977514095870144 0.4143516352960646 0.42814653280020976 0.43910944849948463 0.4545854050000954 0.46681279573241424 0.4734974180327022 0.47211683896397627 0.4677528297864978 0.45599502951259274 0.442324070393418 0.42763597133132997 0.41236463716701954 0.3967349511581328 0.3808717186613867 0.3648487261292157 0.3487120269361921 0.3324615815042077 0.3161459506818831 0.2997735392471922
0.2233794387637507 0.2233794387637507 0.2233794387637507 0.2233794387637507 0.2233794387637507 0.2233794387637507 0.2233794387637507 0.2233794387637507 0.2233794387637507 0.2233794387637507 0.2233794387637507 0.2233794387637507 0.2233794387637507 0.2233794387637507 0.2233794387637507 0.2233794387637507 0.2233794387637507 0.2241039251604225 0.24201554673113065 0.2584387737423731 0.27402279859803247 0.2886323986589685 0.30301947881115165 0.31846881175480635 0.3346325141210017 0.35088439427131823 0.3653348584102403 0.38119580016098925 0.39806393440587406 0.413720393676365 0.43122980330813476 0.45187196199186785 0.4683062816106117 0.4836403079322049 0.49218405483261735 0.48991530399342514 0.4791044330055971 0.4647437797508335 0.4492407780043201 0.4333063145403411 0.417150004913467 0.40086432209909384 0.38449051299276815 0.36793334004218053 0.3511336109176647 0.33461454238118515 0.3180323761335867 0.30160001039459894
0.2233794387637507 0.2233794387637507 0.2233794387637507 0.2233794387637507 0.2233794387637507 0.2233794387637507 0.2233794387637507 0.2233794387637507 0.2233794387637507 0.2233794387637507 0.2233794387637507 0.2233794387637507 0.2233794387637507 0.2233794387637507 0.2233794387637507 0.2233794387637507 0.2233794387637507 0.22364984155855078 0.24112402805655994 0.25682065142517724 0.2732618724560307 0.28772646036026617 0.30319344911863133 0.31899595574722267 0.3338772989926263 0.347957553173276 0.36370689653359545 0.3812805325694979 0.39724019764849394 0.4202939827570632 0.44088527799489896 0.45924914472287587 0.47699862377073 0.49365987071731166 0.5099036268034306 0.501645005543413 0.4854845550596078 0.4689870749911802 0.45243125490689795 0.4358554178754881 0.4192699135494872 0.4026301383563725 0.38565820459308764 0.36835042816233027 0.351237328724725 0.33492917038221026 0.3185653505349515 0.30225920347556545
0.2233794387637507 0.2233794387637507 0.2233794387637507 0.2233794387637507 0.2233794387637507 0.2233794387637507 0.2233794387637507 0.2233794387637507 0.2233794387637507 0.2233794387637507 0.2233794387637507 0.2233794387637507 0.2233794387637507 0.2233794387637507 0.2233794387637507 0.2233794387637507 0.2233794387637507 0.2233794387637507 0.23828202030047435 0.2550516427210866 0.26857126514204754 0.2840478803847839 0.3000952249949491 0.315454141029603 0.33059600242430653 0.3470910118652017 0.36324911007884947 0.38427029427585957 0.4056556158716639 0.4240408298246225 0.44324866213762 0.46024603421029714 0.47659304832850236 0.4916806028507175 0.5018921200055192 0.49733216065123703 0.48324595254759006 0.4675129294870854 0.4513271499936815 0.4348643572599248 0.41819436391232984 0.40146978101333686 0.3847537268002824 0.36681648156868596 0.34954314154041544 0.3333421158102875 0.317072917173575 0.3007510434788892
0.2233794387637507 0.2233794387637507 0.2233794387637507 0.2233794387637507 0.2233794387637507 0.2233794387637507 0.2233794387637507 0.2233794387637507 0.2233794387637507 0.2233794387637507 0.2233794387637507 0.2233794387637507 0.2233794387637507 0.2233794387637507 0.2233794387637507 0.2233794387637507 0.2233794387637507 0.2233794387637507 0.2331902706296424 0.2483094663633678 0.2644876148624945 0.2802219808311863 0.29501966486323955 0.31105902127548624 0.32742353239295685 0.34804772587682864 0.3650107384291802 0.38765212270247884 0.40587895685082176 0.42299648070775087 0.4395130129027735 0.454669268502311 0.4684881626630895 0.4798976617154365 0.4861102005768558 0.4834705685036971 0.47375474193812867 0.4602357123354741 0.4455964724657507 0.42993245459513746 0.4134018809447546 0.3971740315302865 0.38059757447568127 0.3626432130600664 0.34587460265887904 0.32918070619594364 0.31316355000543933 0.2972691653590296
0.2233794387637507 0.2233794387637507 0.2233794387637507 0.2233794387637507 0.2233794387637507 0.2233794387637507 0.2233794387637507 0.2233794387637507 0.2233794387637507 0.2233794387637507 0.2233794387637507 0.2233794387637507 0.2233794387637507 0.2233794387637507 0.2233794387637507 0.2233794387637507 0.2233794387637507 0.2233794387637507 0.22717431361431206 0.2422385403015484 0.2585027824037598 0.2744860684106654 0.2909891606797705 0.31087358231248585 0.33079600072392557 0.34946349224122897 0.3664921293176592 0.3852595422706084 0.40189378280569066 0.417207750264202 0.43169877860620853 0.4450536693579781 0.4564249961149981 0.46505966175231656 0.4695214496155884 0.467907910154441 0.4603274980966821 0.44883404920637054 0.43506095363655745 0.420582099169723 0.40536441431212134 0.3893888341321053 0.3735311368581134 0.3567298792841856 0.33896825482736087 0.32327008965790754 0.3077081699199242 0.2917332454825062
0.2233794387637507 0.2233794387637507 0.2233794387637507 0.2233794387637507 0.2233794387637507 0.2233794387637507 0.2233794387637507 0.2233794387637507 0.2233794387637507 0.2233794387637507 0.2233794387637507 0.2233794387637507 0.2233794387637507 0.2233794387637507 0.2233794387637507 0.2233794387637507 0.2233794387637507 0.2233794387637507 0.2233794387637507 0.23605913090131544 0.2509760066173251 0.2697783630578444 0.2924788958354475 0.3114617240298382 0.3299494347856714 0.34748528987260047 0.36404495457355485 0.3796738110903296 0.3941948826052678 0.4079677045429601 0.4206655062668661 0.4326731332007893 0.44234796052866554 0.4498783274802916 0.45274126929091696 0.450297123331323 0.4434614335195812 0.43376673917063824 0.42147353678649163 0.4080515333049403 0.3941930965251894 0.3794589842042656 0.36423733708010925 0.34742593672855865 0.32975527185354403 0.3143375537241032 0.29975862873050735 0.2836181721765811
