output/Mappa_Temperature_20070101_0900.asc
NCOLS 153
NROWS 173
XLLCORNER 628082.1585431173
YLLCORNER 5141515.270487413
CELLSIZE 30.005356186399773
NODATA_VALUE -9999
[rows 126 to 146 of 173, columns 46 to 91 of 153]
-1.1056411610582555 -1.1056411610582555 -1.1056411610582555 -1.1056411610582555 -1.1056411610582555 -1.1056411610582555 -1.1056411610582555 -1.1056411610582555 -1.1056411610582555 -1.1056411610582555 -1.1056411610582555 -1.1056411610582555 -1.1056411610582555 -1.1056411610582555 -1.1056411610582555 -1.1056411610582555 -1.1056411610582555 -1.1056411610582555 -1.1056411610582555 -1.1056411610582555 -1.1056411610582555 -1.1056411610582555 -1.1056411610582555 -1.1056411610582555 -1.1056411610582555 -1.1056411610582555 -1.1056411610582555 -1.1056411610582555 -1.1056411610582555 -1.1056411610582555 -1.0987292081815832 -1.086516749809508 -1.07640052767118 -1.0683108882637147 -1.062330406535687 -1.0585230233158311 -1.056930791993163 -1.057571619637765 -1.06043827613402 -1.065498796343855 -1.0726982241970267 -1.0819614828529072 -1.093197036787319 -1.1056411610582555 -1.1056411610582555 -1.1056411610582555
-1.1056411610582555 -1.1056411610582555 -1.1056411610582555 -1.1056411610582555 -1.1056411610582555 -1.1056411610582555 -1.1056411610582555 -1.1056411610582555 -1.1056411610582555 -1.1056411610582555 -1.1056411610582555 -1.1056411610582555 -1.1056411610582555 -1.1056411610582555 -1.1056411610582555 -1.1056411610582555 -1.1056411610582555 -1.1056411610582555 -1.1056411610582555 -1.1056411610582555 -1.1056411610582555 -1.1056411610582555 -1.1056411610582555 -1.1056411610582555 -1.1056411610582555 -1.1056411610582555 -1.1056411610582555 -1.1056411610582555 -1.0957969966079186 -1.0794054592461728 -1.0647735240703693 -1.0520331574632662 -1.0413101879455224 -1.0327192775836915 -1.0263586132993487 -1.0223047934328295 -1.020608466262534 -1.0212912637314553 -1.0243444471052316 -1.0297294573286495 -1.0373802911168155 -1.047207371850639 -1.0591024121988122 -1.072943704181828 -1.088601317278755 -1.1056411610582555
-1.1056411610582555 -1.1056411610582555 -1.1056411610582555 -1.1056411610582555 -1.1056411610582555 -1.1056411610582555 -1.1056411610582555 -1.1056411610582555 -1.1056411610582555 -1.1056411610582555 -1.1056411610582555 -1.1056411610582555 -1.1056411610582555 -1.1056411610582555 -1.1056411610582555 -1.1056411610582555 -1.1056411610582555 -1.1056411610582555 -1.1056411610582555 -1.1056411610582555 -1.1056411610582555 -1.1056411610582555 -1.1056411610582555 -1.1056411610582555 -1.1056411610582555 -1.1056411610582555 -1.1034673220496942 -1.0830100773440905 -1.0640642868838892 -1.0467767951559237 -1.0312999418271414 -1.0177862918850027 -1.0063833337157422 -0.9972271771753642 -0.9904356679020413 -0.9861015672044766 -0.984286608146732 -0.9850172533871608 -0.9882828057653751 -0.9940361772243562 -1.0021971905689555 -1.0126578930585253 -1.0252891069852945 -1.039947378714977 -1.056481594691189 -1.0747387449862464
-1.1056411610582555 -1.1056411610582555 -1.1056411610582555 -1.1056411610582555 -1.1056411610582555 -1.1056411610582555 -1.1056411610582555 -1.1056411610582555 -1.1056411610582555 -1.1056411610582555 -1.1056411610582555 -1.1056411610582555 -1.1056411610582555 -1.1056411610582555 -1.1056411610582555 -1.1056411610582555 -1.1056411610582555 -1.1056411610582555 -1.1056411610582555 -1.1056411610582555 -1.1056411610582555 -1.1056411610582555 -1.1056411610582555 -1.1056411610582555 -1.1056411610582555 -1.0972037841553575 -1.074321901156587 -1.052838374462659 -1.0328839173785958 -1.0146135683759452 -0.9982010206712051 -0.9838231849727528 -0.97165388839841 -0.9618559846116282 -0.9545723601353477 -0.9499167167330747 -0.9479653235136051 -0.9487510210232768 -0.9522605233197855 -0.9584355179125935 -0.9671773576371583 -0.9783544993475137 -0.9918114658416277 -1.007378064347015 -1.024877829509033 -1.0441350364468114
-1.1056411610582555 -1.1056411610582555 -1.1056411610582555 -1.1056411610582555 -1.1056411610582555 -1.1056411610582555 -1.1056411610582555 -1.1056411610582555 -1.1056411610582555 -1.1056411610582555 -1.1056411610582555 -1.1056411610582555 -1.1056411610582555 -1.1056411610582555 -1.1056411610582555 -1.1056411610582555 -1.1056411610582555 -1.1056411610582555 -1.1056411610582555 -1.1056411610582555 -1.1056411610582555 -1.1056411610582555 -1.1056411610582555 -1.1056411610582555 -1.0950351514925125 -1.0698767907232578 -1.0460289985381253 -1.023407468930693 -1.00235234723261 -0.9830027653334601 -0.9655513387359599 -0.9502036339028853 -0.9371655692891301 -0.9266335943561362 -0.9187828823674561 -0.9137547038051504 -0.9116447527990711 -0.9124944647921489 -0.9162870599652241 -0.9229491599474151 -0.9323576273216974 -0.9443502099244697 -0.9587380042519666 -0.9753177942419698 -0.9938828176076598 -1.0142311828697639
-1.1056411610582555 -1.1056411610582555 -1.1056411610582555 -1.1056411610582555 -1.1056411610582555 -1.1056411610582555 -1.1056411610582555 -1.1056411610582555 -1.1056411610582555 -1.1056411610582555 -1.1056411610582555 -1.1056411610582555 -1.1056411610582555 -1.1056411610582555 -1.1056411610582555 -1.1056411610582555 -1.1056411610582555 -1.1056411610582555 -1.1056411610582555 -1.1056411610582555 -1.1056411610582555 -1.1056411610582555 -1.1056411610582555 -1.0970594930596056 -1.069802595710356 -1.0436058210443273 -1.0185603878287786 -0.9948259502132106 -0.9725870538873782 -0.9520523294354901 -0.9334467453901297 -0.9170062171320126 -0.9029822793320713 -0.8915970111487022 -0.8830862714350026 -0.8776215573304089 -0.8753250863576375 -0.8762501543488342 -0.8803751510847597 -0.8876060125184226 -0.8977864873929835 -0.9107137456145066 -0.9261560087064592 -0.9438691793491046 -0.9636104796220681 -0.9851482940055274
-1.1056411610582555 -1.1056411610582555 -1.1056411610582555 -1.1056411610582555 -1.1056411610582555 -1.1056411610582555 -1.1056411610582555 -1.1056411610582555 -1.1056411610582555 -1.1056411610582555 -1.1056411610582555 -1.1056411610582555 -1.1056411610582555 -1.1056411610582555 -1.1056411610582555 -1.1056411610582555 -1.1056411610582555 -1.1056411610582555 -1.1056411610582555 -1.1056411610582555 -1.1056411610582555 -1.1056411610582555 -1.1035958864269526 -1.0740972984718242 -1.045821347166321 -1.018497885251369 -0.992233650005559 -0.9672525109807099 -0.9437330268464283 -0.9218985844549885 -0.9021711080309894 -0.8849592812054728 -0.8699620385927712 -0.8575469537655717 -0.8475105663560321 -0.8415256249711667 -0.8390065888167566 -0.840021656139064 -0.8445423471121137 -0.8524454390102645 -0.8635289092172218 -0.8775354556102287 -0.8941778642405485 -0.9131614850023564 -0.9342012155146014 -0.9570324642077258
-1.1056411610582555 -1.1056411610582555 -1.1056411610582555 -1.1056411610582555 -1.1056411610582555 -1.1056411610582555 -1.1056411610582555 -1.1056411610582555 -1.1056411610582555 -1.1056411610582555 -1.1056411610582555 -1.1056411610582555 -1.1056411610582555 -1.1056411610582555 -1.1056411610582555 -1.1056411610582555 -1.1056411610582555 -1.1056411610582555 -1.1056411610582555 -1.1056411610582555 -1.1056411610582555 -1.1056411610582555 -1.0827849122052506 -1.0525291543552189 -1.0232044554432551 -0.9946647848420178 -0.967163102692809 -0.9408862195369248 -0.9161957882574048 -0.8934634613078181 -0.8723357233401308 -0.8534871986789477 -0.8370601058054368 -0.8235862930598609 -0.8126993555642634 -0.8055134067642598 -0.8026896391984476 -0.8038140676518989 -0.8088135032170853 -0.8175223339760196 -0.8296736792388344 -0.8449359216197122 -0.8629497838090797 -0.8833585501103309 -0.9058284539426862 -0.9300597548364326
-1.1056411610582555 -1.1056411610582555 -1.1056411610582555 -1.1056411610582555 -1.1056411610582555 -1.1056411610582555 -1.1056411610582555 -1.1056411610582555 -1.1056411610582555 -1.1056411610582555 -1.1056411610582555 -1.1056411610582555 -1.1056411610582555 -1.1056411610582555 -1.1056411610582555 -1.1056411610582555 -1.1056411610582555 -1.1056411610582555 -1.1056411610582555 -1.1056411610582555 -1.1056411610582555 -1.0972473166289116 -1.0637840327322796 -1.0324872961332276 -1.0020344994873482 -0.9723187127923959 -0.943665224089449 -0.9162266508627851 -0.8910463656973006 -0.8668130038629512 -0.8437694433613765 -0.8233511066113931 -0.804460796358615 -0.7887208647341003 -0.7772729812203196 -0.7697405219182224 -0.7664139204752293 -0.7676349356889416 -0.7732249714101598 -0.7829153791671699 -0.7963447767001749 -0.8130785788973395 -0.8326638149103108 -0.8546689212118364 -0.878706372346976 -0.9044415138881639
-1.1056411610582555 -1.1056411610582555 -1.1056411610582555 -1.1056411610582555 -1.1056411610582555 -1.1056411610582555 -1.1056411610582555 -1.1056411610582555 -1.1056411610582555 -1.1056411610582555 -1.1056411610582555 -1.1056411610582555 -1.1056411610582555 -1.1056411610582555 -1.1056411610582555 -1.1056411610582555 -1.1056411610582555 -1.1056411610582555 -1.1056411610582555 -1.1056411610582555 -1.1056411610582555 -1.0800359697264321 -1.0470174283993627 -1.0146504702290418 -0.9828404588242634 -0.9521666506391222 -0.9232436746497191 -0.895517038953936 -0.8687968813002183 -0.8428243621117576 -0.8173352026651612 -0.7928767480865728 -0.7722609747564881 -0.7548256540140259 -0.7420464033850924 -0.7341495764920949 -0.7305327305762369 -0.7314986905924563 -0.7378320035193191 -0.7487409641337941 -0.7637194178470027 -0.7821883230627007 -0.803574128801442 -0.8273583599176051 -0.8530984053536019 -0.8804294086761122
-1.1056411610582555 -1.1056411610582555 -1.1056411610582555 -1.1056411610582555 -1.1056411610582555 -1.1056411610582555 -1.1056411610582555 -1.1056411610582555 -1.1056411610582555 -1.1056411610582555 -1.1056411610582555 -1.1056411610582555 -1.1056411610582555 -1.1056411610582555 -1.1056411610582555 -1.1056411610582555 -1.1056411610582555 -1.1056411610582555 -1.1056411610582555 -1.1056411610582555 -1.0991827544067756 -1.0649173381905248 -1.0312836623667845 -0.9980997102465922 -0.965480226383157 -0.9341020027216436 -0.9046891418043531 -0.8766855342067038 -0.8485045010621951 -0.8208471926712413 -0.7938464537808442 -0.7670160863619037 -0.7424970889058784 -0.7229139997741995 -0.708126348227124 -0.6979767315823857 -0.693807132668828 -0.6955313510400423 -0.7027225837381165 -0.7151776019247105 -0.732057202874478 -0.7525787884316989 -0.7760183916755179 -0.8017642258091136 -0.8293254433266488 -0.8583189708231527
-1.1056411610582555 -1.1056411610582555 -1.1056411610582555 -1.1056411610582555 -1.1056411610582555 -1.1056411610582555 -1.1056411610582555 -1.1056411610582555 -1.1056411610582555 -1.1056411610582555 -1.1056411610582555 -1.1056411610582555 -1.1056411610582555 -1.1056411610582555 -1.1056411610582555 -1.1056411610582555 -1.1056411610582555 -1.1056411610582555 -1.1056411610582555 -1.1056411610582555 -1.087327557478303 -1.052382740909251 -1.017629881001921 -0.9840051821326274 -0.9507330729455976 -0.9195418729066399 -0.8886877735940987 -0.8581774740964728 -0.8280960246096464 -0.7987432730984358 -0.7711909467582515 -0.7459881221549607 -0.7213553228876457 -0.6985647998848067 -0.6761239800324402 -0.6638181732457961 -0.6596548233207963 -0.6607961251007607 -0.668045077395244 -0.6825105424741299 -0.7017476321690699 -0.7246912695143589 -0.7504438210617803 -0.7783097069858579 -0.8077713760880961 -0.8384496452783622
-1.1056411610582555 -1.1056411610582555 -1.1056411610582555 -1.1056411610582555 -1.1056411610582555 -1.1056411610582555 -1.1056411610582555 -1.1056411610582555 -1.1056411610582555 -1.1056411610582555 -1.1056411610582555 -1.1056411610582555 -1.1056411610582555 -1.1056411610582555 -1.1056411610582555 -1.1056411610582555 -1.1056411610582555 -1.1056411610582555 -1.1056411610582555 -1.1056411610582555 -1.0773327025527029 -1.0415119702153794 -1.0060836111813016 -0.9718242139265567 -0.9387585328715305 -0.9059459811364439 -0.876586613353616 -0.8462253619280835 -0.8139929111937378 -0.7813856320517946 -0.7486478371775934 -0.7233100148865363 -0.695438163232668 -0.6712839858230695 -0.6493557298756141 -0.6381795375540039 -0.6308969169389254 -0.6274763352347584 -0.6340725028400366 -0.6512163799413005 -0.6733865627301748 -0.6991463139934996 -0.7274339886311462 -0.7575129068868816 -0.7888818087860164 -0.8211984409168112
-1.1056411610582555 -1.1056411610582555 -1.1056411610582555 -1.1056411610582555 -1.1056411610582555 -1.1056411610582555 -1.1056411610582555 -1.1056411610582555 -1.1056411610582555 -1.1056411610582555 -1.1056411610582555 -1.1056411610582555 -1.1056411610582555 -1.1056411610582555 -1.1056411610582555 -1.1056411610582555 -1.1056411610582555 -1.1056411610582555 -1.1056411610582555 -1.1056411610582555 -1.070016317279054 -1.0336237455380304 -0.9983837473111448 -0.9628543893358322 -0.9310817196176544 -0.9016589764305949 -0.8699754724705674 -0.8371797105230394 -0.8043469419953274 -0.7706948461443206 -0.733224686101004 -0.6995105013980296 -0.6702856376139632 -0.6441686448024215 -0.6226996046290101 -0.6080126564035926 -0.6011895766842928 -0.5952422117383349 -0.6013285408295939 -0.6221264663189932 -0.6478911506160019 -0.6768000158799922 -0.7077244763797942 -0.7399812005763124 -0.7731498139948112 -0.8069637717061804
-1.1056411610582555 -1.1056411610582555 -1.1056411610582555 -1.1056411610582555 -1.1056411610582555 -1.1056411610582555 -1.1056411610582555 -1.1056411610582555 -1.1056411610582555 -1.1056411610582555 -1.1056411610582555 -1.1056411610582555 -1.1056411610582555 -1.1056411610582555 -1.1056411610582555 -1.1056411610582555 -1.1056411610582555 -1.1056411610582555 -1.1056411610582555 -1.1041146763098262 -1.0653921400177135 -1.029849081404208 -0.9934647275489377 -0.9621633607709373 -0.9307477687497145 -0.8983807245161489 -0.8625432643559674 -0.82835089925577 -0.7975341634032959 -0.7628623593286199 -0.7241528860522405 -0.6878351714530578 -0.6576549100962872 -0.6336704143117462 -0.5998123583316928 -0.5730614638142223 -0.5584369515238352 -0.5614573608531056 -0.5710048719890175 -0.5967284038340754 -0.6266375147274645 -0.658771908505654 -0.6921822949334592 -0.7263766779312816 -0.7610820102884913 -0.7961368631566021
-1.1056411610582555 -1.1056411610582555 -1.1056411610582555 -1.1056411610582555 -1.1056411610582555 -1.1056411610582555 -1.1056411610582555 -1.1056411610582555 -1.1056411610582555 -1.1056411610582555 -1.1056411610582555 -1.1056411610582555 -1.1056411610582555 -1.1056411610582555 -1.1056411610582555 -1.1056411610582555 -1.1056411610582555 -1.1056411610582555 -1.1056411610582555 -1.10405614103223 -1.0648693750439346 -1.0289388954320424 -0.994844409192263 -0.9628817543030597 -0.9314059249956504 -0.8976061156177882 -0.8622434199719397 -0.82668781034685 -0.7950733105429741 -0.7603729898440896 -0.7234691491335085 -0.6892161920120055 -0.6509093790233058 -0.6057487865755726 -0.5697940387301921 -0.5362464953795991 -0.5175546193186835 -0.5225181569788678 -0.5461700117178374 -0.5775880246717174 -0.6115052498184547 -0.646366420173529 -0.6817129420997274 -0.7173425046654209 -0.7531648685565803 -0.789388393003053
-1.1056411610582555 -1.1056411610582555 -1.1056411610582555 -1.1056411610582555 -1.1056411610582555 -1.1056411610582555 -1.1056411610582555 -1.1056411610582555 -1.1056411610582555 -1.1056411610582555 -1.1056411610582555 -1.1056411610582555 -1.1056411610582555 -1.1056411610582555 -1.1056411610582555 -1.1056411610582555 -1.1056411610582555 -1.1056411610582555 -1.1056411610582555 -1.105049578046043 -1.0668198256793857 -1.0324789981711522 -0.9965091515241244 -0.9648637519670332 -0.9310253154734345 -0.8964528382223601 -0.8638956678373587 -0.8330911075994833 -0.7986349401166049 -0.7601876136038181 -0.7252713075489267 -0.6748345964656896 -0.6297852822706727 -0.5896091013889593 -0.5507770682803568 -0.5143258523705307 -0.4787880164462432 -0.4968560990832459 -0.5322116803115828 -0.5683046096025514 -0.6045251742692431 -0.6407895317003007 -0.6770750390875203 -0.7134792794303864 -0.7506102111065227 -0.7884758941264791
-1.1056411610582555 -1.1056411610582555 -1.1056411610582555 -1.1056411610582555 -1.1056411610582555 -1.1056411610582555 -1.1056411610582555 -1.1056411610582555 -1.1056411610582555 -1.1056411610582555 -1.1056411610582555 -1.1056411610582555 -1.1056411610582555 -1.1056411610582555 -1.1056411610582555 -1.1056411610582555 -1.1056411610582555 -1.1056411610582555 -1.1056411610582555 -1.1056411610582555 -1.0730375258711335 -1.0363492077914707 -1.0067711889633633 -0.9729116917975718 -0.9378035618334737 -0.9042015651572897 -0.8710744372331596 -0.8349869131425296 -0.7996364781741144 -0.7536466596267916 -0.7068601869642694 -0.6666373029570717 -0.624614707346696 -0.5874281221344824 -0.5516643798999348 -0.5186560637034473 -0.4963154659216587 -0.5062916737946909 -0.5371092599323344 -0.5715297221181067 -0.6069407177581412 -0.6429577586399451 -0.6794281097893394 -0.7160178911068805 -0.7525890134985004 -0.7918318385319845
-1.1056411610582555 -1.1056411610582555 -1.1056411610582555 -1.1056411610582555 -1.1056411610582555 -1.1056411610582555 -1.1056411610582555 -1.1056411610582555 -1.1056411610582555 -1.1056411610582555 -1.1056411610582555 -1.1056411610582555 -1.1056411610582555 -1.1056411610582555 -1.1056411610582555 -1.1056411610582555 -1.1056411610582555 -1.1056411610582555 -1.1056411610582555 -1.1056411610582555 -1.084177176294981 -1.0510996359500162 -1.015705335280108 -0.9812819351007618 -0.9489077930364221 -0.9138171395269975 -0.8780151176306674 -0.8328938291666678 -0.7957824151765116 -0.7462479482011701 -0.7063715650574653 -0.668922113647796 -0.6327875024117556 -0.5996288830710463 -0.5693961222035978 -0.5444345983324508 -0.5308429028181969 -0.5366178486508656 -0.55787398230157 -0.5874507041710465 -0.6194782045710994 -0.6537476982799256 -0.6899130291927479 -0.7254160647491817 -0.7616817786573044 -0.8009620502109233
-1.1056411610582555 -1.1056411610582555 -1.1056411610582555 -1.1056411610582555 -1.1056411610582555 -1.1056411610582555 -1.1056411610582555 -1.1056411610582555 -1.1056411610582555 -1.1056411610582555 -1.1056411610582555 -1.1056411610582555 -1.1056411610582555 -1.1056411610582555 -1.1056411610582555 -1.1056411610582555 -1.1056411610582555 -1.1056411610582555 -1.1056411610582555 -1.1056411610582555 -1.0973387931159246 -1.064381513192547 -1.0287988582821324 -0.9938308747299908 -0.9577256671540162 -0.9142228399946806 -0.8706368840761602 -0.8297964376213601 -0.7925414513221269 -0.7514823983106598 -0.7150902666062153 -0.6815866077230638 -0.6498833621890764 -0.620665740734595 -0.5957877296151206 -0.5768969429612678 -0.5671355131433552 -0.5706655895815635 -0.5872498967158837 -0.6123950847316699 -0.6425276481569409 -0.674204259876918 -0.7074972731892204 -0.7424483980536181 -0.7771416205369159 -0.8138991495110297
-1.1056411610582555 -1.1056411610582555 -1.1056411610582555 -1.1056411610582555 -1.1056411610582555 -1.1056411610582555 -1.1056411610582555 -1.1056411610582555 -1.1056411610582555 -1.1056411610582555 -1.1056411610582555 -1.1056411610582555 -1.1056411610582555 -1.1056411610582555 -1.1056411610582555 -1.1056411610582555 -1.1056411610582555 -1.1056411610582555 -1.1056411610582555 -1.1056411610582555 -1.1056411610582555 -1.077900728588926 -1.045265820819559 -1.0041303189916193 -0.9544664478421495 -0.9129361127290961 -0.8724889878170211 -0.8341243178744641 -0.7978953420154457 -0.763702773767514 -0.7319338002489019 -0.7018018354717143 -0.6740217831321643 -0.6477516844212794 -0.6265852482626073 -0.6101104290300476 -0.6038469296406599 -0.6091941940065255 -0.6241492094395951 -0.6453591103567404 -0.6722539865784554 -0.701618436215216 -0.7319377078070086 -0.7641727686743982 -0.7974744505715988 -0.8342541697562207
