output/Mappa_Temperature_20070101_1800.asc
NCOLS 153
NROWS 173
XLLCORNER 628082.1585431173
YLLCORNER 5141515.270487413
CELLSIZE 30.005356186399773
NODATA_VALUE -9999
[rows 132 to 153 of 173, columns 50 to 99 of 153]
-2.1998324419191 -2.1998324419191 -2.1998324419191 -2.1998324419191 -2.1998324419191 -2.1998324419191 -2.1998324419191 -2.1998324419191 -2.1998324419191 -2.1998324419191 -2.1998324419191 -2.1998324419191 -2.1998324419191 -2.1998324419191 -2.1998324419191 -2.1998324419191 -2.1998324419191 -2.1998324419191 -2.1998325253901783 -2.199833729276875 -2.1998348832657295 -2.199835998381897 -2.1998370702692545 -2.1998380897913123 -2.1998390496607874 -2.199839940760891 -2.1998407458721876 -2.199841448315623 -2.1998420603781703 -2.1998425670585413 -2.1998429766602925 -2.1998432209157612 -2.199843323721834 -2.19984328229524 -2.199843097798285 -2.1998427752598895 -2.199842322924935 -2.1998417512943576 -2.199841072089834 -2.199840297336527 -2.1998394386699434 -2.1998385068885056 -2.1998375117189024 -2.1998364617391113 -2.19983536440419 -2.1998342261304655 -2.199833052406778 -2.1998324419191 -2.1998324419191 -2.1998324419191
-2.1998324419191 -2.1998324419191 -2.1998324419191 -2.1998324419191 -2.1998324419191 -2.1998324419191 -2.1998324419191 -2.1998324419191 -2.1998324419191 -2.1998324419191 -2.1998324419191 -2.1998324419191 -2.1998324419191 -2.1998324419191 -2.1998324419191 -2.1998324419191 -2.1998324419191 -2.1998324419191 -2.199833374720833 -2.199834609508903 -2.1998358062988994 -2.199836971050579 -2.1998380934402135 -2.199839165843752 -2.1998401735015354 -2.1998411012458137 -2.1998419635041238 -2.1998427327439343 -2.1998434031610627 -2.1998439530498892 -2.199844397364013 -2.1998446906346 -2.1998448058772753 -2.19984475998747 -2.1998445559521453 -2.1998442005302 -2.199843704613482 -2.1998430817358487 -2.1998423465600143 -2.1998415136441327 -2.1998405966097843 -2.1998396076898774 -2.199838557565366 -2.1998374553881908 -2.199836308906254 -2.199835124632263 -2.1998339080211933 -2.1998326636373995 -2.1998324419191 -2.1998324419191
-2.1998324419191 -2.1998324419191 -2.1998324419191 -2.1998324419191 -2.1998324419191 -2.1998324419191 -2.1998324419191 -2.1998324419191 -2.1998324419191 -2.1998324419191 -2.1998324419191 -2.1998324419191 -2.1998324419191 -2.1998324419191 -2.1998324419191 -2.1998324419191 -2.1998324419191 -2.199832784485924 -2.1998341501784986 -2.1998354274506475 -2.199836670280199 -2.1998378830311434 -2.199839052427929 -2.199840172241982 -2.199841199891526 -2.1998421888955413 -2.199843129341779 -2.199843962648243 -2.1998447335933915 -2.199845375966322 -2.1998458431735903 -2.1998461505858473 -2.1998462863500183 -2.1998462365183427 -2.1998460083796374 -2.1998456128978923 -2.1998450648217274 -2.1998443818872784 -2.1998435825810447 -2.1998426845158585 -2.1998417035072846 -2.1998406532131263 -2.1998395451355983 -2.199838388814455 -2.1998371920953006 -2.1998359614066967 -2.1998347020138795 -2.1998334182369943 -2.1998324419191 -2.1998324419191
-2.1998324419191 -2.1998324419191 -2.1998324419191 -2.1998324419191 -2.1998324419191 -2.1998324419191 -2.1998324419191 -2.1998324419191 -2.1998324419191 -2.1998324419191 -2.1998324419191 -2.1998324419191 -2.1998324419191 -2.1998324419191 -2.1998324419191 -2.1998324419191 -2.1998324419191 -2.1998334869097724 -2.199834834451654 -2.1998361554013384 -2.199837453621096 -2.1998387054704946 -2.1998398858655106 -2.1998410174358747 -2.1998421079301864 -2.199843167912126 -2.1998442081673417 -2.1998452063577734 -2.1998460477219535 -2.199846759286546 -2.1998472808291334 -2.1998476031118432 -2.199847750721371 -2.199847711298928 -2.199847452825838 -2.199847007612915 -2.199846396317172 -2.199845642570269 -2.1998447697797756 -2.199843799105534 -2.1998427486112386 -2.199841633187292 -2.1998404648639918 -2.1998392532626396 -2.199838006050389 -2.1998367293412633 -2.199835428027373 -2.199834106042967 -2.1998327665711392 -2.1998324419191
-2.1998324419191 -2.1998324419191 -2.1998324419191 -2.1998324419191 -2.1998324419191 -2.1998324419191 -2.1998324419191 -2.1998324419191 -2.1998324419191 -2.1998324419191 -2.1998324419191 -2.1998324419191 -2.1998324419191 -2.1998324419191 -2.1998324419191 -2.1998324419191 -2.199832705497472 -2.199834103926405 -2.1998354765729573 -2.1998368308655243 -2.1998381621212073 -2.1998394427189853 -2.19984064310702 -2.1998417859810697 -2.1998429360961542 -2.1998440648371558 -2.19984516678246 -2.199846261774617 -2.1998472624359033 -2.199848061654517 -2.1998486651632985 -2.199849079386126 -2.1998492495544326 -2.199849179186196 -2.1998488856999647 -2.199848377389847 -2.1998476885051077 -2.199846850984887 -2.199845894375486 -2.199844843644944 -2.199843718825572 -2.199842535551232 -2.1998413058725466 -2.1998400390504638 -2.199838742221371 -2.199837420917759 -2.199836079462551 -2.199834721263238 -2.199833349030235 -2.1998324419191
-2.1998324419191 -2.1998324419191 -2.1998324419191 -2.1998324419191 -2.1998324419191 -2.1998324419191 -2.1998324419191 -2.1998324419191 -2.1998324419191 -2.1998324419191 -2.1998324419191 -2.1998324419191 -2.1998324419191 -2.1998324419191 -2.1998324419191 -2.1998324419191 -2.1998331893278826 -2.1998346154842787 -2.1998360338066028 -2.1998374060867882 -2.1998387639771995 -2.19984003694223 -2.1998412961496117 -2.1998425413259546 -2.1998437690002057 -2.1998449669350775 -2.1998460913915845 -2.1998471199609977 -2.199848125266725 -2.1998490553860788 -2.1998499712334603 -2.199850473454011 -2.199850643367283 -2.1998505967888486 -2.1998503009469847 -2.199849710587168 -2.1998489254893703 -2.199847989121167 -2.199846938116476 -2.1998458008630766 -2.199844598483095 -2.199843346451633 -2.1998420560928365 -2.1998407357477436 -2.199839391625047 -2.1998380284033656 -2.1998366496539554 -2.1998352581377665 -2.199833854778404 -2.1998324419191
-2.1998324419191 -2.1998324419191 -2.1998324419191 -2.1998324419191 -2.1998324419191 -2.1998324419191 -2.1998324419191 -2.1998324419191 -2.1998324419191 -2.1998324419191 -2.1998324419191 -2.1998324419191 -2.1998324419191 -2.1998324419191 -2.1998324419191 -2.1998324419191 -2.1998335972346266 -2.1998350591386098 -2.1998365050291784 -2.1998379032124675 -2.1998392526782022 -2.1998405918133033 -2.1998417900181986 -2.1998430291116318 -2.199844344571846 -2.199845675329431 -2.199847011413581 -2.1998480454924763 -2.199849182989347 -2.199850168761716 -2.199851063690508 -2.199851519809606 -2.19985181702553 -2.1998519566251895 -2.19985168742456 -2.1998509877542687 -2.1998500829520387 -2.199849031653515 -2.19984787718621 -2.1998466496152616 -2.199845369397925 -2.1998440505021297 -2.199842702600693 -2.1998413325167157 -2.1998399451583 -2.19983854412447 -2.1998371293063212 -2.1998357020910975 -2.199834268240405 -2.199832802652372
-2.1998324419191 -2.1998324419191 -2.1998324419191 -2.1998324419191 -2.1998324419191 -2.1998324419191 -2.1998324419191 -2.1998324419191 -2.1998324419191 -2.1998324419191 -2.1998324419191 -2.1998324419191 -2.1998324419191 -2.1998324419191 -2.1998324419191 -2.1998324419191 -2.1998338958285433 -2.1998353810702467 -2.1998368192735023 -2.1998382692860092 -2.1998395659817853 -2.1998407667731374 -2.199842059829909 -2.1998433982797954 -2.199844738239978 -2.1998461116382795 -2.199847640858165 -2.1998490167904183 -2.1998502095059767 -2.199851275384124 -2.1998521515715517 -2.199852750970466 -2.1998530294317593 -2.199853272153668 -2.199853023760402 -2.1998521749622832 -2.199851123462437 -2.199849943643304 -2.1998486815643647 -2.199847365113513 -2.1998460114469385 -2.1998446314427813 -2.199843232232082 -2.1998418174722865 -2.1998403897261736 -2.199838953270947 -2.1998375109386883 -2.1998360575574227 -2.1998345850411076 -2.199833098058888
-2.1998324419191 -2.1998324419191 -2.1998324419191 -2.1998324419191 -2.1998324419191 -2.1998324419191 -2.1998324419191 -2.1998324419191 -2.1998324419191 -2.1998324419191 -2.1998324419191 -2.1998324419191 -2.1998324419191 -2.1998324419191 -2.1998324419191 -2.199832504217492 -2.1998340845489475 -2.199835535120603 -2.1998370200269233 -2.1998382974880393 -2.1998395796108814 -2.1998409005640793 -2.1998423631507524 -2.1998437585983455 -2.199845016280866 -2.1998464312951627 -2.1998480110934935 -2.1998494932801553 -2.1998507249870856 -2.199851703834464 -2.199853085638343 -2.1998541773870777 -2.199854774237879 -2.199854650969923 -2.199854261320032 -2.1998532114996823 -2.199851990858856 -2.1998506794005146 -2.199849315866773 -2.1998479203368304 -2.199846503954185 -2.1998450733070234 -2.19984363250732 -2.1998421815515417 -2.1998407247755427 -2.199839262929765 -2.19983779331772 -2.19983632385981 -2.1998348263308407 -2.1998333329046638
-2.1998324419191 -2.1998324419191 -2.1998324419191 -2.1998324419191 -2.1998324419191 -2.1998324419191 -2.1998324419191 -2.1998324419191 -2.1998324419191 -2.1998324419191 -2.1998324419191 -2.1998324419191 -2.1998324419191 -2.1998324419191 -2.1998324419191 -2.1998325066064206 -2.19983410588386 -2.1998355722668115 -2.199836963719808 -2.199838268169199 -2.199839552750425 -2.199840932177162 -2.199842375387898 -2.1998438264717834 -2.1998451167123823 -2.1998465328904913 -2.1998480389979433 -2.1998494369183974 -2.1998510002834886 -2.199852843362779 -2.199854310736161 -2.199855679867502 -2.1998564427142178 -2.199856240143946 -2.199855274872203 -2.199853992650561 -2.1998526084318883 -2.1998511856892358 -2.199849743138573 -2.1998482890365447 -2.199846827065977 -2.1998453487233753 -2.1998438487236274 -2.1998423737832553 -2.199840893209071 -2.19983942601015 -2.199837956495899 -2.199836473167461 -2.1998349462519737 -2.19983342179152
-2.1998324419191 -2.1998324419191 -2.1998324419191 -2.1998324419191 -2.1998324419191 -2.1998324419191 -2.1998324419191 -2.1998324419191 -2.1998324419191 -2.1998324419191 -2.1998324419191 -2.1998324419191 -2.1998324419191 -2.1998324419191 -2.1998324419191 -2.199832466062592 -2.199834026282711 -2.199835427789302 -2.199836895778888 -2.1998381872805597 -2.1998395682837373 -2.1998409792443407 -2.199842307956905 -2.199843565142516 -2.1998449713563284 -2.1998465404560106 -2.1998479654488428 -2.1998500238553604 -2.1998518623931997 -2.1998535020503214 -2.199855086850523 -2.199856574485595 -2.1998580248441035 -2.199857287455439 -2.199855844535049 -2.1998543715222523 -2.1998528933004446 -2.199851413291383 -2.19984993241915 -2.1998484467012287 -2.1998469313258195 -2.1998453859639824 -2.1998438579842925 -2.1998424018754927 -2.199840940796833 -2.199839484867615 -2.1998380079813287 -2.1998365225681495 -2.1998349924462923 -2.1998334236042307
-2.1998324419191 -2.1998324419191 -2.1998324419191 -2.1998324419191 -2.1998324419191 -2.1998324419191 -2.1998324419191 -2.1998324419191 -2.1998324419191 -2.1998324419191 -2.1998324419191 -2.1998324419191 -2.1998324419191 -2.1998324419191 -2.1998324419191 -2.1998324419191 -2.199833772527967 -2.199835269839575 -2.19983647696798 -2.199837858830679 -2.1998392916521663 -2.1998406630058427 -2.1998420149793207 -2.1998434877715214 -2.1998449304818832 -2.1998468074032775 -2.19984871683746 -2.1998503584006146 -2.199852073413008 -2.19985359105973 -2.1998550506378534 -2.19985639776243 -2.1998573095195852 -2.199856902373856 -2.1998556446566337 -2.1998542399000214 -2.1998527947180753 -2.1998513248024145 -2.1998498363863987 -2.199848343096241 -2.1998468505675843 -2.199845249002277 -2.1998437067151646 -2.199842260171929 -2.199840807541726 -2.199839350208321 -2.1998378766291866 -2.199836413669348 -2.199834901810611 -2.199833333574136
-2.1998324419191 -2.1998324419191 -2.1998324419191 -2.1998324419191 -2.1998324419191 -2.1998324419191 -2.1998324419191 -2.1998324419191 -2.1998324419191 -2.1998324419191 -2.1998324419191 -2.1998324419191 -2.1998324419191 -2.1998324419191 -2.1998324419191 -2.1998324419191 -2.1998333179002048 -2.1998346678499368 -2.1998361123505306 -2.199837517227055 -2.199838838469924 -2.199840270578169 -2.1998417317185495 -2.1998435731937795 -2.1998450877726365 -2.1998471093570657 -2.1998487367789368 -2.199850265153669 -2.1998517398675754 -2.1998530931262765 -2.1998543269757977 -2.199855345697329 -2.1998559003971496 -2.1998556647119507 -2.1998547972135953 -2.199853590138121 -2.1998522830422753 -2.1998508844469353 -2.199849408479308 -2.199847959541058 -2.199846479476635 -2.199844876383073 -2.1998433791618224 -2.1998418886115703 -2.199840458485515 -2.199839039321388 -2.1998375938575236 -2.1998361672869944 -2.199834658148333 -2.1998330700510267
-2.1998324419191 -2.1998324419191 -2.1998324419191 -2.1998324419191 -2.1998324419191 -2.1998324419191 -2.1998324419191 -2.1998324419191 -2.1998324419191 -2.1998324419191 -2.1998324419191 -2.1998324419191 -2.1998324419191 -2.1998324419191 -2.1998324419191 -2.1998324419191 -2.199832780752616 -2.1998341257943177 -2.1998355779819647 -2.1998370050838427 -2.1998384785977367 -2.199840254020855 -2.1998420328365977 -2.1998436996035067 -2.199845220041794 -2.1998468957304036 -2.199848380954149 -2.199849748294489 -2.199851042156952 -2.199852234576935 -2.1998532498901717 -2.1998540208547603 -2.1998544192350327 -2.1998542751667127 -2.199853598333405 -2.1998525721162405 -2.199851342355939 -2.199850049580448 -2.199848690836906 -2.199847264423058 -2.199845848534639 -2.199844348398418 -2.199842762513786 -2.199841360869529 -2.199839971390239 -2.199838545034942 -2.1998370992492813 -2.1998356367559637 -2.199834233481363 -2.199832700378599
-2.1998324419191 -2.1998324419191 -2.1998324419191 -2.1998324419191 -2.1998324419191 -2.1998324419191 -2.1998324419191 -2.1998324419191 -2.1998324419191 -2.1998324419191 -2.1998324419191 -2.1998324419191 -2.1998324419191 -2.1998324419191 -2.1998324419191 -2.1998324419191 -2.1998324419191 -2.1998335740525334 -2.199834905937689 -2.199836584746301 -2.199838611611928 -2.199840306534346 -2.199841957249149 -2.1998435229754785 -2.199845001540564 -2.1998463969964464 -2.1998476935413764 -2.1998489232772434 -2.1998500570276285 -2.1998511291542857 -2.1998519929919382 -2.199852665356858 -2.199852920980742 -2.1998527027499395 -2.1998520924107545 -2.199851226799235 -2.1998501291743646 -2.1998489307620694 -2.199847693381902 -2.199846377815164 -2.199845018717844 -2.1998435176760025 -2.199841939912896 -2.199840563308952 -2.1998392615984503 -2.199837820463261 -2.19983642684051 -2.1998350616914397 -2.1998336457107492 -2.1998324419191
-2.1998324419191 -2.1998324419191 -2.1998324419191 -2.1998324419191 -2.1998324419191 -2.1998324419191 -2.1998324419191 -2.1998324419191 -2.1998324419191 -2.1998324419191 -2.1998324419191 -2.1998324419191 -2.1998324419191 -2.1998324419191 -2.1998324419191 -2.1998324419191 -2.1998324419191 -2.1998330575573184 -2.199834784161697 -2.19983665961084 -2.199838447666907 -2.199840077899783 -2.199841558124831 -2.1998429453916013 -2.199844284735996 -2.199845554132753 -2.1998466520184707 -2.1998479027350895 -2.1998490097581507 -2.199849977948815 -2.1998507448256004 -2.199851241895438 -2.1998513678047935 -2.1998511830552316 -2.199850581768998 -2.1998497249404263 -2.1998487209892437 -2.1998476150481454 -2.1998464472139094 -2.199845223787853 -2.1998437525928867 -2.1998422153546815 -2.1998406854654085 -2.199839595250753 -2.1998382731166446 -2.199836980571318 -2.19983561645236 -2.1998342841875007 -2.199833007290322 -2.1998324419191
-2.1998324419191 -2.1998324419191 -2.1998324419191 -2.1998324419191 -2.1998324419191 -2.1998324419191 -2.1998324419191 -2.1998324419191 -2.1998324419191 -2.1998324419191 -2.1998324419191 -2.1998324419191 -2.1998324419191 -2.1998324419191 -2.1998324419191 -2.1998324419191 -2.1998324419191 -2.1998329533812218 -2.1998347003534655 -2.1998362523532995 -2.19983780616552 -2.1998392908126676 -2.19984073013005 -2.199841938942461 -2.199843222459385 -2.199844458243036 -2.19984573525689 -2.199846866013889 -2.199847887706404 -9999 -9999 -9999 -9999 -9999 -2.199849140885632 -2.199848113921879 -2.1998469760760826 -2.1998460545330443 -2.1998447766639 -2.1998437835686997 -2.1998427341083397 -9999 -9999 -9999 -9999 -9999 -9999 -9999 -9999 -9999
-2.1998324419191 -2.1998324419191 -2.1998324419191 -2.1998324419191 -2.1998324419191 -2.1998324419191 -2.1998324419191 -2.1998324419191 -2.1998324419191 -2.1998324419191 -2.1998324419191 -2.1998324419191 -2.1998324419191 -2.1998324419191 -2.1998324419191 -2.1998324419191 -2.1998324419191 -2.1998326827173234 -2.1998341302553905 -2.199835629942228 -2.199837024317372 -2.199838327042433 -2.1998396548393826 -2.1998410109721185 -2.1998423600098307 -2.1998436030591093 -2.1998447509474133 -9999 -9999 -9999 -9999 -9999 -9999 -9999 -9999 -9999 -2.1998453185137086 -2.199844158575512 -9999 -9999 -9999 -9999 -9999 -9999 -9999 -9999 -9999 -9999 -9999 -9999
-2.1998324419191 -2.1998324419191 -2.1998324419191 -2.1998324419191 -2.1998324419191 -2.1998324419191 -2.1998324419191 -2.1998324419191 -2.1998324419191 -2.1998324419191 -2.1998324419191 -2.1998324419191 -2.1998324419191 -2.1998324419191 -2.1998324419191 -2.1998324419191 -2.1998324419191 -2.1998324419191 -2.199833355243983 -2.199834792281869 -2.199836229058667 -2.199837616937986 -2.1998389154199196 -2.199840298024553 -2.19984143219905 -2.199842552472683 -2.1998435930129667 -9999 -9999 -9999 -9999 -9999 -9999 -9999 -9999 -9999 -9999 -9999 -9999 -9999 -9999 -9999 -9999 -9999 -9999 -9999 -9999 -9999 -9999 -9999
-2.1998324419191 -2.1998324419191 -2.1998324419191 -2.1998324419191 -2.1998324419191 -2.1998324419191 -2.1998324419191 -2.1998324419191 -2.1998324419191 -2.1998324419191 -2.1998324419191 -2.1998324419191 -2.1998324419191 -2.1998324419191 -2.1998324419191 -2.1998324419191 -2.1998324419191 -2.1998324419191 -2.1998327572231897 -2.1998340945071004 -2.199835530574258 -2.1998368373372674 -2.1998380452194897 -2.1998391957674817 -2.1998403128904647 -2.199841382353446 -9999 -9999 -9999 -9999 -9999 -9999 -9999 -9999 -9999 -9999 -9999 -9999 -9999 -9999 -9999 -9999 -9999 -9999 -9999 -9999 -9999 -9999 -9999 -9999
-2.1998324419191 -2.1998324419191 -2.1998324419191 -2.1998324419191 -2.1998324419191 -2.1998324419191 -2.1998324419191 -2.1998324419191 -2.1998324419191 -2.1998324419191 -2.1998324419191 -2.1998324419191 -2.1998324419191 -2.1998324419191 -2.1998324419191 -2.1998324419191 -2.1998324419191 -2.1998324419191 -2.1998324419191 -2.1998333648444737 -2.1998346386689005 -2.1998358509583227 -2.199837053374698 -9999 -9999 -9999 -9999 -9999 -9999 -9999 -9999 -9999 -9999 -9999 -9999 -9999 -9999 -9999 -9999 -9999 -9999 -9999 -9999 -9999 -9999 -9999 -9999 -9999 -9999 -9999
-2.1998324419191 -2.1998324419191 -2.1998324419191 -2.1998324419191 -2.1998324419191 -2.1998324419191 -2.1998324419191 -2.1998324419191 -2.1998324419191 -2.1998324419191 -2.1998324419191 -2.1998324419191 -2.1998324419191 -2.1998324419191 -2.1998324419191 -2.1998324419191 -2.1998324419191 -2.1998324419191 -2.1998324419191 -2.1998324419191 -2.1998334908420474 -2.1998347369794393 -9999 -9999 -9999 -9999 -9999 -9999 -9999 -9999 -9999 -9999 -9999 -9999 -9999 -9999 -9999 -9999 -9999 -9999 -9999 -9999 -9999 -9999 -9999 -9999 -9999 -9999 -9999 -9999
