output/Mappa_Temperature_20070701_1200.asc
NCOLS 153
NROWS 173
XLLCORNER 628082.1585431173
YLLCORNER 5141515.270487413
CELLSIZE 30.005356186399773
NODATA_VALUE -9999
[rows 42 to 62 of 173, columns 48 to 95 of 153]
9.083433421021066 9.089581416108928 9.094750527603313 9.099910573114697 9.105060921511862 9.1102009557838 9.115330073312435 9.12093342838036 9.126524865261183 9.132589880143671 9.138642160804226 9.144194695998006 9.150219675524141 9.15331111124157 9.157360658820396 9.155569286889747 9.152810672565243 9.158267900785942 9.167097024262382 9.181254760949813 9.192500815119551 9.201790699163736 9.211068441839316 9.222290972137227 9.233507399054535 9.239805695728986 9.245593846606553 9.250871224060674 9.256128387280139 9.261365128431013 9.266581259813229 9.271285619881848 9.27596908693683 9.280140742109337 9.285272886101444 9.289402364355478 9.293020353856688 9.290252034438483 9.286506987299482 9.290556881975023 9.291662842689064 9.295671749200727 9.302580886013072 9.308495588529617 9.314877083867772 9.318313451284048 9.320755956419964 9.325613154811565
9.09954385509067 9.10574695098999 9.110968659769492 9.116667740195018 9.121870247224505 9.126575398239495 9.131756106014143 9.137411910643552 9.14305552244762 9.149173552944427 9.155278558858248 9.161369980783522 9.167935117220402 9.173509918180972 9.176629969346523 9.180710128198035 9.182338556197267 9.182009520536504 9.189445386216052 9.196378869598322 9.20573188788514 9.216537814218121 9.226846889638887 9.240088598795573 9.249399741268423 9.255254660848413 9.260598112513057 9.266412829337654 9.27171543172814 9.276997264790309 9.282749899870982 9.287989670177373 9.292224629081456 9.29693001134109 9.301613932873627 9.306276315003766 9.310917099695557 9.312098684751943 9.310813642064286 9.310008986632758 9.311146188254162 9.313729892798639 9.316781505093436 9.321762234147982 9.326721638167019 9.33117240930069 9.335602207792602 9.340985785237477
9.115246183001574 9.121017091264704 9.126779317652192 9.132532190747762 9.137787189460221 9.143031354415433 9.147776200777951 9.153484740893054 9.159180807449568 9.165352044355016 9.171509960108006 9.174723599790765 9.180363806461216 9.187454210429214 9.192575125509869 9.200612859521026 9.204233796143708 9.20832693106101 9.21435751582108 9.219881422487957 9.228322296835 9.236748099986542 9.247612135298453 9.257483947372886 9.264881802074978 9.270784133299864 9.27666619194372 9.282035315471015 9.287383520736535 9.293203051265042 9.298508828075185 9.303300609407003 9.308070788883581 9.313311621220631 9.318038189803152 9.322742854709988 9.327425557957154 9.33159416617862 9.330825891667041 9.33053704903712 9.328278822239273 9.328456840316797 9.333011458852146 9.336080424881184 9.338154108334685 9.340696142241175 9.345652711741723 9.352049274510302
9.13004873092771 9.136362500665385 9.142179089240155 9.147986069451836 9.15329395111499 9.158590732765768 9.164364710186211 9.16963748371712 9.175386408281394 9.181121979082613 9.187332997725305 9.192061391236985 9.196285450470146 9.20245100913755 9.208600796184035 9.216693832158555 9.223301474011736 9.23283685477024 9.236956530193394 9.242530512301757 9.245141437465891 9.252639978815601 9.261103383528669 9.270534417477942 9.278965732438712 9.286393823411501 9.292323129063432 9.297738390289435 9.303625519156357 9.308998007700371 9.314348794270082 9.319184486297338 9.324491358732121 9.32928291062165 9.334545361001496 9.339292360750987 9.344017020151592 9.348719302490947 9.352906393882858 9.35313302277467 9.352853942703854 9.351581731068894 9.357645458161569 9.355851098484601 9.354538417080455 9.355166326675281 9.35918763620018 9.363187744263017
9.144434885087996 9.151293531206173 9.15716480611741 9.163026213017712 9.16838737233256 9.174226915512858 9.180054627688786 9.185869882718483 9.191672069945238 9.197460594511991 9.203234877674042 9.209484872790958 9.216210566304921 9.22193909079164 9.227160261171846 9.232855404820237 9.238533181036152 9.250092614898964 9.256719605402035 9.26234348012891 9.265486963812222 9.26959595264154 9.275652834181214 9.28513646439159 9.296085668870603 9.302083448932464 9.308060195604163 9.31352176916413 9.319455558564133 9.324873580273454 9.330269508599528 9.33564316942699 9.340500453485815 9.34582913490992 9.350641266057297 9.35543072402305 9.360691191507492 9.365435070885423 9.370156165257207 9.375348053466915 9.379530047636745 9.38023850865929 9.379946806017216 9.378660277990512 9.37687497703728 9.378016364717222 9.381095398177514 9.382200679950378
9.157422643663075 9.164827141498137 9.171243295328509 9.177649691621204 9.183555039489885 9.18944891446413 9.19533066835137 9.201199668214468 9.207546379442187 9.21338814398091 9.219215345487857 9.225027415340172 9.231315371425168 9.238079188554828 9.244826923548402 9.251558046153736 9.258272044854696 9.26546127243628 9.27213978773062 9.27830647014795 9.283467227477855 9.28712883983998 9.293235494540578 9.302776051397498 9.3118069194185 9.317852735081244 9.32338260457479 9.329385175062006 9.335365789378185 9.34082948882266 9.346270688953755 9.35168921374714 9.356590225336527 9.36196295410724 9.366818000508196 9.372144503512127 9.376953253976694 9.382233277294901 9.387490016271366 9.392229043099727 9.397439250688086 9.40163767571977 9.400383528721829 9.400104268776083 9.40177832906091 9.402942519512267 9.405561279157467 9.405709154166088
9.170476647852704 9.177938138998389 9.18539159594761 9.191853799448554 9.197813950336373 9.204253798405121 9.210681564555514 9.216112957504627 9.222022328244456 9.228409407252075 9.235274153426337 9.241139190329088 9.247480729314143 9.254298731065976 9.260607261155112 9.267391587563644 9.274158413580889 9.280907240530526 9.287637589313984 9.293854937058654 9.300546763730695 9.305735843310519 9.312387097038801 9.31802876692559 9.325132855619051 9.33320625302203 9.339278357616967 9.345328338601231 9.351355940869317 9.356865460947741 9.362847541931103 9.367815563091266 9.373255811199034 9.37817725494111 9.383075279897904 9.388445063359166 9.393295948014744 9.398618400127015 9.403917140300882 9.409192169479338 9.414443511233722 9.419671211759027 9.422400722512725 9.422144243134056 9.423846819365082 9.426515977347197 9.42867182273223 9.431299914889228
9.182615301597597 9.1911155344954 9.198626241006108 9.205636045342905 9.212143302816697 9.2186388564821 9.225122026553855 9.23159214884618 9.237555791848532 9.24399770323774 9.250424677187514 9.256836115423495 9.263231437050411 9.27010374052915 9.276465316564982 9.283303188952038 9.290123171493494 9.296430257988705 9.303212749815863 9.309975901622416 9.316719268520378 9.321956900133587 9.327668508386507 9.335339845853335 9.343982619258862 9.3496292277761 9.355749452217061 9.361350998099223 9.366929618945104 9.372485090159296 9.378513358386268 9.384021948921855 9.38950684596369 9.394471763858284 9.399412827752126 9.404825941962299 9.409718990664473 9.415083891161023 9.41992877002908 9.425245381985011 9.431033691838444 9.436302073184416 9.441546443126729 9.444784368773634 9.445525106315575 9.447237130142119 9.449423528830298 9.453563386864374
9.193835742737651 9.203867328363298 9.21192743678216 9.218994143567302 9.225557439604497 9.23210874021897 9.23914040966304 9.245665869219456 9.25267083302105 9.25916780325336 9.26614345422627 9.272609420360942 9.279058900882745 9.285985875067775 9.292895632911293 9.299292610258 9.306166079701658 9.313020744910137 9.319360526230685 9.325184565399459 9.330987895763924 9.337265846507965 9.344514379495939 9.35174194830474 9.360438175294153 9.36662953260242 9.371804355031227 9.37794977652707 9.383078073736714 9.388679649942151 9.394257423227032 9.399811211181744 9.405340854142581 9.410846215322195 9.415830375632442 9.421286867824994 9.426222107024648 9.431629471934 9.436515635535013 9.441873799471264 9.447703916376557 9.453012932036174 9.458297481761056 9.464054176143359 9.46929006608644 9.471524300454629 9.472251395800797 9.478902285489644
9.197271699217408 9.214224180521263 9.22430966010568 9.232418935666729 9.239531973356918 9.246633214139054 9.253228140871977 9.260303380123865 9.267364730306962 9.274411524719502 9.281443113813618 9.288458865590783 9.295458165995719 9.30194489864388 9.30841362210035 9.314863796060555 9.32179086423173 9.328698711335763 9.334097907165921 9.33997258457431 9.346322467186889 9.35265097774141 9.35895771703924 9.365739047107299 9.373492211584027 9.381721254389523 9.388933421906794 9.395126949879316 9.400301054146187 9.40545115228785 9.410577047765551 9.415678566634346 9.421253054306044 9.426802791540501 9.432327663192853 9.437330121465004 9.442805030304829 9.447757532412572 9.453182311864126 9.45858200850388 9.463956648387548 9.469306281194692 9.475128163784044 9.480427987064445 9.486200268326376 9.49244524092188 9.49717399215259 9.501381644704647
9.206651188836204 9.220710165008533 9.235769933586534 9.24541654610558 9.253080705318323 9.260239224971698 9.26787939009961 9.275011809595279 9.282625089237875 9.289728612482598 9.296320937820013 9.30339241067996 9.309951018286188 9.31698797789743 9.323014165534742 9.32852485424658 9.334512127012777 9.338990330448352 9.343944300265367 9.34986941687677 9.356269251708508 9.363143741672518 9.370989790597203 9.378814594470363 9.386617739889585 9.393901114081409 9.399668089918455 9.406904518544081 9.417107671773627 9.422303305270143 9.42747425672986 9.432620350198789 9.437741432818195 9.442837374951653 9.448406217739084 9.453451489672057 9.458969399253654 9.464461754009207 9.469928532894265 9.475369738868924 9.480785398897995 9.486175563931187 9.491540308863629 9.497377585277093 9.503189643377182 9.508976622772584 9.514738687219396 9.520974041464456
9.218539392410188 9.229222933742323 9.242857728429586 9.257985044866018 9.266695935936779 9.274407020054765 9.282105581861286 9.289295363607964 9.296966332531412 9.304126495703159 9.310278189541815 9.314924143060367 9.320048334643346 9.32565001255674 9.331232635422609 9.33629974966108 9.341346876863721 9.346869297696905 9.35286650248937 9.359834212801815 9.366284317309994 9.37370499219093 9.38110383998933 9.389971626359332 9.403300724982666 9.410136711359533 9.41694883076946 9.422739339156768 9.432995845803296 9.439235891407503 9.44445200643845 9.449642765900224 9.454808015199541 9.459947623344073 9.464562581675832 9.470149510851746 9.475211647134877 9.480746528821571 9.486255330686127 9.49173805612675 9.497194732924871 9.502625413220999 9.508528716101363 9.513907608521246 9.519759318759146 9.52558544611436 9.531884777109552 9.537660276113446
9.249184465058875 9.246150737206827 9.257395880734194 9.269628395846821 9.279882274423798 9.28814727631184 9.295904357086313 9.30364782307891 9.311873495176696 9.316607714198145 9.3208287195983 9.32503257857509 9.329218744096082 9.335369663264691 9.341997266687018 9.34810905155898 9.35469665492872 9.361263537580326 9.365327465603778 9.370362273440094 9.377855594114745 9.383837662517411 9.394764354021364 9.405177633239715 9.415074858086143 9.42645020860034 9.437309876342315 9.443648146687826 9.451461964033303 9.456748958145857 9.461009984811351 9.465745643925244 9.470955313327533 9.47613883129685 9.481296089348533 9.48642700319623 9.492030969358906 9.49710893203994 9.502160440385468 9.507684704936148 9.513182404688001 9.519152768341725 9.525096667713138 9.530514984441263 9.536905476423618 9.542770649785721 9.548609886676065 9.554423381156267
9.272590634897474 9.271554511588516 9.27447221266937 9.281333260891916 9.289171249176695 9.300465942594517 9.309273540072905 9.318068895430114 9.326353880337965 9.333628901267414 9.337404474736333 9.342157077510883 9.346394258322041 9.351606291424185 9.358289153250999 9.36594631651529 9.372588686676005 9.378712335186323 9.383321831768546 9.388406509212372 9.39496013536408 9.401490680810937 9.408992944872441 9.416969961663563 9.4284139243539 9.44084165801516 9.449753283429372 9.458642002393253 9.465503680715859 9.472339533726451 9.478147342732978 9.483427789896508 9.487680362312483 9.492907759724094 9.498108365604198 9.502781843277676 9.508428887243669 9.513548707000343 9.519141533418184 9.524707226586766 9.530245816006634 9.535757356333505 9.541241927322245 9.54719943040625 9.553130146284309 9.559534103258192 9.565411714247428 9.571763008045004
9.30859242346021 9.305564135080065 9.301552291321988 9.303012715289322 9.299015420005407 9.306897962474324 9.31823878950496 9.330071317395332 9.339409400630672 9.348236052611208 9.355053422515356 9.3613540065074 9.367635480662459 9.373897244056838 9.379141372056592 9.385361856789158 9.391560955102067 9.396740739752824 9.402396779748265 9.40902722065016 9.413141229616986 9.419225779053924 9.428278642221393 9.436311126847727 9.446818760254779 9.455305240982858 9.462766643862235 9.469201311753077 9.475609729104267 9.482492393733068 9.492355287146452 9.498182510781925 9.503481267910258 9.508251711669283 9.512494252763403 9.516710087473145 9.520398894807016 9.52506149771087 9.531196842817042 9.53880512731184 9.545885963610951 9.55344014627871 9.557963268816087 9.563960671422096 9.570431260317033 9.575873595260052 9.582289968465878 9.588679582231343
9.33731985951293 9.335804321214338 9.332289468212666 9.32629304552474 9.320821331097605 9.315373359508857 9.325776912739395 9.338158571161925 9.348546121142324 9.35742803415322 9.364799150660998 9.374147214800285 9.381981444792384 9.38979667562379 9.395094030628325 9.40186855984799 9.407122559582655 9.411854866531378 9.417563131440739 9.42374733454578 9.43090663786182 9.438541829418565 9.446653174994417 9.454740696715687 9.462803944014363 9.469339828372439 9.475849545992835 9.482332778769138 9.488789233539501 9.499229191784401 9.507136980140466 9.512508427337362 9.51835394566228 9.522666769510366 9.526451202250996 9.530709851215807 9.5354419285695 9.540646859556643 9.5483271449994 9.55447696371168 9.561099445353317 9.569197177808249 9.575262429593863 9.580297313734633 9.586306605630412 9.590284350485119 9.594736234768131 9.600662878069064
9.361667828006919 9.357660257966371 9.351659894017192 9.347688293066653 9.344728687456715 9.33978651767639 9.335855116587103 9.344817555519741 9.35625175467902 9.367677995940097 9.37709971096272 9.386006763122161 9.395396331691579 9.403268489537163 9.410120032952646 9.416449713803749 9.423257387049098 9.428541184507148 9.43330154163669 9.437038704010794 9.441752034991648 9.448439311065098 9.455601364361252 9.46573969263605 9.475856780819228 9.481941432007234 9.48900155552371 9.49553357260711 9.50304103405262 9.51001978349003 9.517472573277221 9.524897732355004 9.532295034617205 9.537655686273787 9.542987894608157 9.54829157088771 9.553065016191441 9.559314685999722 9.565535491814288 9.570724288553112 9.576385893619314 9.582018769436049 9.589127205282798 9.594702680595734 9.599247178295572 9.603263051394617 9.609756073266498 9.618225894958261
9.386646166450944 9.378608722975828 9.376155155976925 9.37320464611821 9.364750251195282 9.364326759835262 9.355430560299778 9.35352367521156 9.363025095965801 9.37549851084172 9.386968799744992 9.396431142916432 9.40687668347067 9.416306122239222 9.423714050915475 9.431100280333181 9.439466554410412 9.446807965958792 9.452119969607171 9.454401558425362 9.45716259483898 9.46240162216194 9.468615464235002 9.47530347854178 9.48496883945421 9.49260605397501 9.49871315241966 9.50780019215528 9.515356404688902 9.520878108460659 9.527876247659785 9.535347741191478 9.542790818956533 9.54869898029727 9.555079982880327 9.561431708253785 9.567252044470363 9.572541099188776 9.579808420998347 9.58654445523968 9.595762660452877 9.600430652687665 9.60758109955397 9.612190775748092 9.616270101516085 9.617814459084121 9.62484714623643 9.632353032494715
9.410222586790356 9.40574319662778 9.40026825521852 9.39279844262975 9.39089520222966 9.385983155242894 9.37659268176798 9.362288979876336 9.371350145762142 9.38487341867588 9.394904125179071 9.404420856437792 9.418419503214862 9.427906265712068 9.436873251955584 9.445318442061948 9.454243800671298 9.462143042401673 9.46800956420826 9.472345097104085 9.475652917931106 9.48094205722066 9.484701605118222 9.490940506736266 9.495649397227337 9.501332897075484 9.509493210503525 9.518629307234853 9.525230724220755 9.533810361960382 9.53985242714827 9.548375178419446 9.55385636813034 9.558806219935132 9.565232176958544 9.572130228701958 9.578496412522846 9.584330627135143 9.590134856993565 9.59691282912048 9.60566932321254 9.613894853137827 9.622091403567477 9.629253142052944 9.63537949428214 9.639465485663084 9.642518957225732 9.647553411224086
9.43135593362766 9.427922936816017 9.423484010276232 9.419060813298435 9.408091400403741 9.40522580408255 9.396852032260082 9.385031582187377 9.38023086052493 9.393809919437189 9.400908041379806 9.414467512130061 9.428523193042242 9.440570911804171 9.449595871720417 9.459102091417748 9.469592935161593 9.478052121786762 9.484475063816017 9.488860774456338 9.493221357056894 9.499063531948742 9.504376437425554 9.507653872563688 9.511909236581792 9.516639075326504 9.522845276001515 9.52952427179374 9.537679368446783 9.54681032177721 9.552899708935897 9.558457207376712 9.564486829398964 9.571992497791593 9.57896589509442 9.586411292451867 9.592821478061516 9.599201027123385 9.605047526273008 9.61036118375784 9.617653259045362 9.624914934351038 9.633654218794954 9.639850009997522 9.646015475119594 9.656174230491704 9.6637890519501 9.670870972487679
9.453609783919696 9.451228308353764 9.447830946626658 9.437324427070637 9.429913626512251 9.420017837248537 9.41118004996179 9.401888572356155 9.399611893238795 9.39982058693926 9.407472259814543 9.425572199660747 9.441690333476663 9.451794519547327 9.463888409447824 9.474962766272405 9.484005801795886 9.493026098201751 9.498999846762073 9.505451150104891 9.51036506346456 9.51676263488083 9.52162241777528 9.526454820032008 9.532265455016221 9.539053558549284 9.542794797981742 9.549524206236132 9.553207948151465 9.55837028412877 9.566516890202719 9.573628462123944 9.580206815987083 9.584744129118514 9.591763094194429 9.598248515414781 9.606210591055516 9.61414199324634 9.620533633963129 9.625888290376743 9.632217310875692 9.639017826813834 9.646290036632886 9.6510171505711 9.655714089065668 9.663395487551162 9.67305819443072 9.68269308834197
