output/Mappa_Temperature_20070102_0600.asc
NCOLS 153
NROWS 173
XLLCORNER 628082.1585431173
YLLCORNER 5141515.270487413
CELLSIZE 30.005356186399773
NODATA_VALUE -9999
[rows 126 to 146 of 173, columns 48 to 95 of 153]
-5.389870882058258 -5.389870882058258 -5.389870882058258 -5.389870882058258 -5.389870882058258 -5.389870882058258 -5.389870882058258 -5.389870882058258 -5.389870882058258 -5.389870882058258 -5.389870882058258 -5.389870882058258 -5.389870882058258 -5.389870882058258 -5.389870882058258 -5.389870882058258 -5.389870882058258 -5.389870882058258 -5.389870882058258 -5.389870882058258 -5.389870882058258 -5.389870882058258 -5.389870882058258 -5.389870882058258 -5.389870882058258 -5.389870882058258 -5.389870882058258 -5.389870882058258 -5.392244870829043 -5.396439378453204 -5.399913909918866 -5.402692388513222 -5.404746452931713 -5.4060541419700066 -5.406601011913702 -5.406380912376072 -5.405396326622489 -5.403658233442915 -5.401185508124253 -5.398003936660684 -5.3941449579682965 -5.389870882058258 -5.389870882058258 -5.389870882058258 -5.389870882058258 -5.389870882058258 -5.389870882058258 -5.389870882058258
-5.389870882058258 -5.389870882058258 -5.389870882058258 -5.389870882058258 -5.389870882058258 -5.389870882058258 -5.389870882058258 -5.389870882058258 -5.389870882058258 -5.389870882058258 -5.389870882058258 -5.389870882058258 -5.389870882058258 -5.389870882058258 -5.389870882058258 -5.389870882058258 -5.389870882058258 -5.389870882058258 -5.389870882058258 -5.389870882058258 -5.389870882058258 -5.389870882058258 -5.389870882058258 -5.389870882058258 -5.389870882058258 -5.389870882058258 -5.393251972219005 -5.398881832017977 -5.403907336448061 -5.408283160155291 -5.411966085904179 -5.414916731704832 -5.417101374143109 -5.418493704648487 -5.419076327494118 -5.418841812943324 -5.417793162413755 -5.415943619451143 -5.413315853633819 -5.4099406310696585 -5.4058551442733105 -5.40110119523356 -5.395723410064495 -5.389870882058258 -5.389870882058258 -5.389870882058258 -5.389870882058258 -5.389870882058258
-5.389870882058258 -5.389870882058258 -5.389870882058258 -5.389870882058258 -5.389870882058258 -5.389870882058258 -5.389870882058258 -5.389870882058258 -5.389870882058258 -5.389870882058258 -5.389870882058258 -5.389870882058258 -5.389870882058258 -5.389870882058258 -5.389870882058258 -5.389870882058258 -5.389870882058258 -5.389870882058258 -5.389870882058258 -5.389870882058258 -5.389870882058258 -5.389870882058258 -5.389870882058258 -5.389870882058258 -5.390617511771727 -5.397643784965265 -5.404150932020336 -5.41008851752902 -5.415404218701368 -5.42004563535848 -5.423962110937899 -5.42710689696267 -5.429439518009028 -5.430928114151257 -5.431551482466898 -5.4313005340551905 -5.430178942977438 -5.4282028821619965 -5.425399889377754 -5.42180704222039 -5.417468708241761 -5.412434158222928 -5.406755293832256 -5.400484668068397 -5.393673894214041 -5.389870882058258 -5.389870882058258 -5.389870882058258
-5.389870882058258 -5.389870882058258 -5.389870882058258 -5.389870882058258 -5.389870882058258 -5.389870882058258 -5.389870882058258 -5.389870882058258 -5.389870882058258 -5.389870882058258 -5.389870882058258 -5.389870882058258 -5.389870882058258 -5.389870882058258 -5.389870882058258 -5.389870882058258 -5.389870882058258 -5.389870882058258 -5.389870882058258 -5.389870882058258 -5.389870882058258 -5.389870882058258 -5.389870882058258 -5.392768795047506 -5.40062783781918 -5.40800659922544 -5.414860184296112 -5.421135343306101 -5.426772419346156 -5.4317106504228665 -5.435890333637054 -5.4392555350471525 -5.441757178652924 -5.443356212291461 -5.444026440470543 -5.443756583731284 -5.442551205281568 -5.440430333209005 -5.437427849003393 -5.433588932653223 -5.428966984570544 -5.423620459397338 -5.417609966165204 -5.410995859581622 -5.403836415376084 -5.39618657935266 -5.389870882058258 -5.389870882058258
-5.389870882058258 -5.389870882058258 -5.389870882058258 -5.389870882058258 -5.389870882058258 -5.389870882058258 -5.389870882058258 -5.389870882058258 -5.389870882058258 -5.389870882058258 -5.389870882058258 -5.389870882058258 -5.389870882058258 -5.389870882058258 -5.389870882058258 -5.389870882058258 -5.389870882058258 -5.389870882058258 -5.389870882058258 -5.389870882058258 -5.389870882058258 -5.389870882058258 -5.393513636582365 -5.4021545615168005 -5.410345356776216 -5.418114978216685 -5.425346599058245 -5.4319924328721685 -5.437986323674943 -5.4432576673286395 -5.447735738799629 -5.451353065287709 -5.454049481544644 -5.455776466617802 -5.456501153270726 -5.456209310029614 -5.45490670011405 -5.452618526159488 -5.449387081111264 -5.445268092318992 -5.440326440837948 -5.434631923534293 -5.428255555265301 -5.421266677954068 -5.413730935992121 -5.405709036012894 -5.39725613858398 -5.389870882058258
-5.389870882058258 -5.389870882058258 -5.389870882058258 -5.389870882058258 -5.389870882058258 -5.389870882058258 -5.389870882058258 -5.389870882058258 -5.389870882058258 -5.389870882058258 -5.389870882058258 -5.389870882058258 -5.389870882058258 -5.389870882058258 -5.389870882058258 -5.389870882058258 -5.389870882058258 -5.389870882058258 -5.389870882058258 -5.389870882058258 -5.389870882058258 -5.392818353464227 -5.402180044637218 -5.411177624626209 -5.419779763308881 -5.427931625653098 -5.435569827344315 -5.442622711837287 -5.449013011132684 -5.454659697411799 -5.4594763782331714 -5.46338677798589 -5.466309888266284 -5.468186806432729 -5.468975555488037 -5.4686578303729405 -5.4672410533628275 -5.4647575318237065 -5.461260932025539 -5.456820918269289 -5.451517097506916 -5.445433307737081 -5.438652933795738 -5.431255526665514 -5.423314685121044 -5.4148969803997655 -5.406061646619943 -5.396860777104541
-5.389870882058258 -5.389870882058258 -5.389870882058258 -5.389870882058258 -5.389870882058258 -5.389870882058258 -5.389870882058258 -5.389870882058258 -5.389870882058258 -5.389870882058258 -5.389870882058258 -5.389870882058258 -5.389870882058258 -5.389870882058258 -5.389870882058258 -5.389870882058258 -5.389870882058258 -5.389870882058258 -5.389870882058258 -5.389870882058258 -5.39057335487521 -5.400704980163901 -5.41041667699985 -5.419801230529444 -5.42882198062126 -5.437402036733426 -5.445480070861518 -5.452979358252298 -5.4597549842356 -5.465666581773604 -5.4708175551946585 -5.475081657177709 -5.478528768498435 -5.480584364636753 -5.48144955623317 -5.481100919824946 -5.479548237131979 -5.476833830399834 -5.473027086592088 -5.468216379047087 -5.462500354659743 -5.455980214357639 -5.448753879793777 -5.440912227949841 -5.432537116290838 -5.423700735070884 -5.414465824311154 -5.404886382279696
-5.389870882058258 -5.389870882058258 -5.389870882058258 -5.389870882058258 -5.389870882058258 -5.389870882058258 -5.389870882058258 -5.389870882058258 -5.389870882058258 -5.389870882058258 -5.389870882058258 -5.389870882058258 -5.389870882058258 -5.389870882058258 -5.389870882058258 -5.389870882058258 -5.389870882058258 -5.389870882058258 -5.389870882058258 -5.389870882058258 -5.3977211204912345 -5.408112804385675 -5.418184705506224 -5.427986979731498 -5.437432745026045 -5.446457839186319 -5.454938048419417 -5.462745724466276 -5.470002286190922 -5.47647602620188 -5.482118097945457 -5.486745832064659 -5.490485074479065 -5.492953170263722 -5.493923025326705 -5.493536827595084 -5.491819714630948 -5.488828567729734 -5.48465505009751 -5.479413059494315 -5.473225993795361 -5.466216371060755 -5.458498827215985 -5.450176311531965 -5.441338712388891 -5.4320630503584315 -5.422414529938258 -5.412447960581259
-5.389870882058258 -5.389870882058258 -5.389870882058258 -5.389870882058258 -5.389870882058258 -5.389870882058258 -5.389870882058258 -5.389870882058258 -5.389870882058258 -5.389870882058258 -5.389870882058258 -5.389870882058258 -5.389870882058258 -5.389870882058258 -5.389870882058258 -5.389870882058258 -5.389870882058258 -5.389870882058258 -5.389870882058258 -5.392753843324709 -5.4042471884938355 -5.414996408370491 -5.425455767478738 -5.435661992143122 -5.445503358488987 -5.454927448306842 -5.463575903424331 -5.471899126961827 -5.479813699709327 -5.486826609523312 -5.493314701270602 -5.498720759673531 -5.50265266537311 -5.5052397741278485 -5.506382333200733 -5.505962961648574 -5.504043000348597 -5.500714719671631 -5.496102240461978 -5.490354825915399 -5.483628054017838 -5.4760701501675175 -5.467814214386216 -5.458975187540475 -5.449649869509087 -5.439918544684851 -5.429847239776922 -5.419490055994777
-5.389870882058258 -5.389870882058258 -5.389870882058258 -5.389870882058258 -5.389870882058258 -5.389870882058258 -5.389870882058258 -5.389870882058258 -5.389870882058258 -5.389870882058258 -5.389870882058258 -5.389870882058258 -5.389870882058258 -5.389870882058258 -5.389870882058258 -5.389870882058258 -5.389870882058258 -5.389870882058258 -5.389870882058258 -5.3986652760276925 -5.410005869306736 -5.421122668945262 -5.43204817888739 -5.44258344692062 -5.452517371737781 -5.462040399884523 -5.471217741708957 -5.480138298605488 -5.488892840105221 -5.49729337430394 -5.504374095955255 -5.510362455019068 -5.514751633885518 -5.5174638888304415 -5.518706135666191 -5.518374365720354 -5.516199117416649 -5.512452310911771 -5.507307790751783 -5.500964435353808 -5.493619237320211 -5.48545027283231 -5.476609561688158 -5.4672224179764335 -5.4573900857966 -5.447193535843105 -5.436697292962379 -5.425952811400229
-5.389870882058258 -5.389870882058258 -5.389870882058258 -5.389870882058258 -5.389870882058258 -5.389870882058258 -5.389870882058258 -5.389870882058258 -5.389870882058258 -5.389870882058258 -5.389870882058258 -5.389870882058258 -5.389870882058258 -5.389870882058258 -5.389870882058258 -5.389870882058258 -5.389870882058258 -5.389870882058258 -5.392089095223387 -5.403857941854027 -5.415409810067042 -5.42680721556289 -5.438010748020711 -5.448787955555087 -5.458890136918338 -5.468508294212599 -5.478187390327396 -5.487686607223381 -5.496960317862401 -5.5061755124832485 -5.514596840821301 -5.521322875348076 -5.526401862335607 -5.529887863524034 -5.531319959658962 -5.530727757263389 -5.528257846663886 -5.523980029114709 -5.5181825383295235 -5.511134166539253 -5.503083568410854 -5.494240869072725 -5.484774655679302 -5.4748164991451995 -5.4644678146147205 -5.4538065400324305 -5.4428927335582165 -5.431772955365117
-5.389870882058258 -5.389870882058258 -5.389870882058258 -5.389870882058258 -5.389870882058258 -5.389870882058258 -5.389870882058258 -5.389870882058258 -5.389870882058258 -5.389870882058258 -5.389870882058258 -5.389870882058258 -5.389870882058258 -5.389870882058258 -5.389870882058258 -5.389870882058258 -5.389870882058258 -5.389870882058258 -5.396160897344414 -5.4081630917477 -5.420099356453902 -5.4316481414298865 -5.4430758254722695 -5.4537887976179285 -5.4643859886879 -5.474865097804111 -5.485196913510166 -5.495278449614751 -5.504741609232265 -5.51339780577583 -5.521858220639339 -5.529685884782093 -5.537393439403392 -5.541620008601449 -5.543049958450232 -5.542657965382854 -5.540168230331974 -5.5351999019486335 -5.528592704860737 -5.520712451856906 -5.511867445346652 -5.502296590126402 -5.492177645037316 -5.4816408448211735 -5.470781490821819 -5.459669779313316 -5.448357961075168 -5.436885410311064
-5.389870882058258 -5.389870882058258 -5.389870882058258 -5.389870882058258 -5.389870882058258 -5.389870882058258 -5.389870882058258 -5.389870882058258 -5.389870882058258 -5.389870882058258 -5.389870882058258 -5.389870882058258 -5.389870882058258 -5.389870882058258 -5.389870882058258 -5.389870882058258 -5.389870882058258 -5.389870882058258 -5.399593743861512 -5.411896781490316 -5.424065054048738 -5.43583183339864 -5.447188617353001 -5.458458461165578 -5.468542269703846 -5.478970186565736 -5.4900407880966835 -5.501240128704197 -5.512484296423279 -5.521186859456977 -5.530759763674923 -5.5390557904217985 -5.546587299144595 -5.550425889416418 -5.552927188234649 -5.554102025896326 -5.551836497165943 -5.545948237732993 -5.538333636486982 -5.5294861571524745 -5.51977043380486 -5.509439487478888 -5.498665481609748 -5.48756596702146 -5.476222347822639 -5.46469204559129 -5.45301636580691 -5.441225596987664
-5.389870882058258 -5.389870882058258 -5.389870882058258 -5.389870882058258 -5.389870882058258 -5.389870882058258 -5.389870882058258 -5.389870882058258 -5.389870882058258 -5.389870882058258 -5.389870882058258 -5.389870882058258 -5.389870882058258 -5.389870882058258 -5.389870882058258 -5.389870882058258 -5.389870882058258 -5.389870882058258 -5.402106639535474 -5.4146060819065065 -5.426709659804959 -5.438912621597616 -5.449825306113082 -5.459930881654205 -5.470812941176649 -5.4820770183458745 -5.493353805845644 -5.504912000626368 -5.517781552946765 -5.529361072849349 -5.539398684460581 -5.548368862464919 -5.55574264831107 -5.560787047598273 -5.563130511873108 -5.565173201956418 -5.563082783058062 -5.5559394991774385 -5.547090325536455 -5.537161247208305 -5.526539889788907 -5.515460951261508 -5.5040688140170735 -5.492455025940824 -5.480679600145696 -5.468773316827887 -5.456757743741805 -5.444668876824641
-5.389870882058258 -5.389870882058258 -5.389870882058258 -5.389870882058258 -5.389870882058258 -5.389870882058258 -5.389870882058258 -5.389870882058258 -5.389870882058258 -5.389870882058258 -5.389870882058258 -5.389870882058258 -5.389870882058258 -5.389870882058258 -5.389870882058258 -5.389870882058258 -5.389870882058258 -5.390395170593812 -5.403694865770288 -5.415902533202845 -5.428399153047624 -5.439149963211864 -5.449940005334075 -5.461056834532004 -5.4733656175216785 -5.4851093739162735 -5.495693732081246 -5.507602157240509 -5.520897365775768 -5.5333710976106785 -5.54373685137648 -5.551974599040774 -5.5636035331685845 -5.5727914319181995 -5.577814386873931 -5.576776992962422 -5.573497791754021 -5.5646627523903565 -5.554390128332866 -5.543353205577945 -5.531878028645675 -5.5201335791812145 -5.508213638352256 -5.496173650731482 -5.484048221718509 -5.471837321573589 -5.459577439861008 -5.447274892094093
-5.389870882058258 -5.389870882058258 -5.389870882058258 -5.389870882058258 -5.389870882058258 -5.389870882058258 -5.389870882058258 -5.389870882058258 -5.389870882058258 -5.389870882058258 -5.389870882058258 -5.389870882058258 -5.389870882058258 -5.389870882058258 -5.389870882058258 -5.389870882058258 -5.389870882058258 -5.390415275200171 -5.4038744153418286 -5.416215146919371 -5.4279252857069515 -5.438903222788615 -5.449713954091372 -5.46132288276168 -5.4734686024831385 -5.485680580703273 -5.496538939964051 -5.508457159481995 -5.521132202991274 -5.53289677040422 -5.546053680687388 -5.5615645994199 -5.573913666198051 -5.585435951234257 -5.591855888503116 -5.59015110508244 -5.582027606765754 -5.571236733146708 -5.5595874766961355 -5.547614011535693 -5.535473846862058 -5.523236468663993 -5.510932870659483 -5.498491489503007 -5.485867846929039 -5.4734550981689845 -5.460994936563975 -5.448647337969006
-5.389870882058258 -5.389870882058258 -5.389870882058258 -5.389870882058258 -5.389870882058258 -5.389870882058258 -5.389870882058258 -5.389870882058258 -5.389870882058258 -5.389870882058258 -5.389870882058258 -5.389870882058258 -5.389870882058258 -5.389870882058258 -5.389870882058258 -5.389870882058258 -5.389870882058258 -5.390074067967227 -5.403204510903947 -5.414999258399874 -5.427353511033045 -5.438222483165247 -5.449844678757461 -5.461718988990294 -5.472901119175746 -5.483481295487505 -5.495315657808582 -5.508520829058548 -5.520513231201718 -5.537836292843415 -5.553308991795343 -5.567107957726987 -5.58044526082953 -5.59296484520684 -5.605170718847429 -5.598965030519508 -5.586821754325592 -5.574425227559503 -5.5619848629730315 -5.5495294572639295 -5.537066787362006 -5.52456333727705 -5.5118102967947395 -5.498804897612844 -5.485945782502592 -5.4736915157563955 -5.461395423875053 -5.449142668446045
-5.389870882058258 -5.389870882058258 -5.389870882058258 -5.389870882058258 -5.389870882058258 -5.389870882058258 -5.389870882058258 -5.389870882058258 -5.389870882058258 -5.389870882058258 -5.389870882058258 -5.389870882058258 -5.389870882058258 -5.389870882058258 -5.389870882058258 -5.389870882058258 -5.389870882058258 -5.389870882058258 -5.401068971108073 -5.41366999092031 -5.423828897645072 -5.435458326764506 -5.447516613009397 -5.459057600659152 -5.470435489239054 -5.482830159527654 -5.494971668180109 -5.510767394040799 -5.526836739811433 -5.5406517464623155 -5.555084884517277 -5.567857039839062 -5.580140503569368 -5.591477584911103 -5.599150717123229 -5.595724275148256 -5.585139624943177 -5.573317526012192 -5.5611552171087855 -5.548784755079309 -5.536258598486495 -5.52369142224509 -5.511130654623852 -5.497652260366003 -5.484672737365397 -5.472498972143766 -5.460273980476774 -5.4480094077487236
-5.389870882058258 -5.389870882058258 -5.389870882058258 -5.389870882058258 -5.389870882058258 -5.389870882058258 -5.389870882058258 -5.389870882058258 -5.389870882058258 -5.389870882058258 -5.389870882058258 -5.389870882058258 -5.389870882058258 -5.389870882058258 -5.389870882058258 -5.389870882058258 -5.389870882058258 -5.389870882058258 -5.397242931566339 -5.408603788728614 -5.420760363554787 -5.4325834715730625 -5.4437027386016315 -5.455755022359545 -5.468051633674745 -5.4835490530073505 -5.496295389918592 -5.513308565567304 -5.527004562558582 -5.539867002263398 -5.552277845167243 -5.563666549832076 -5.574050335151483 -5.582623654216182 -5.587291876512041 -5.585308405732754 -5.57800774505154 -5.56784928378196 -5.556849074772615 -5.545078827680812 -5.532657433754844 -5.520463512696104 -5.5080076410895344 -5.494516385398761 -5.481916126037557 -5.469372008179881 -5.457336406099521 -5.445393056940599
-5.389870882058258 -5.389870882058258 -5.389870882058258 -5.389870882058258 -5.389870882058258 -5.389870882058258 -5.389870882058258 -5.389870882058258 -5.389870882058258 -5.389870882058258 -5.389870882058258 -5.389870882058258 -5.389870882058258 -5.389870882058258 -5.389870882058258 -5.389870882058258 -5.389870882058258 -5.389870882058258 -5.392722424685603 -5.404041977039305 -5.416263244270054 -5.4282733956369755 -5.440674139519592 -5.45561567992308 -5.470585771843676 -5.4846128873358655 -5.4974085357883835 -5.511510734186953 -5.524010025422422 -5.535517237839529 -5.546406077829923 -5.556441201980745 -5.564985837641753 -5.571474093014401 -5.574826767025355 -5.573614322152851 -5.5679182533846365 -5.559281852782098 -5.548932481412959 -5.538052789108686 -5.526617925306905 -5.514613564247887 -5.502697782692756 -5.490072991612223 -5.476726562213619 -5.46493065617861 -5.453237127605555 -5.441233259284254
-5.389870882058258 -5.389870882058258 -5.389870882058258 -5.389870882058258 -5.389870882058258 -5.389870882058258 -5.389870882058258 -5.389870882058258 -5.389870882058258 -5.389870882058258 -5.389870882058258 -5.389870882058258 -5.389870882058258 -5.389870882058258 -5.389870882058258 -5.389870882058258 -5.389870882058258 -5.389870882058258 -5.389870882058258 -5.399398648863678 -5.410607478837279 -5.424735934450721 -5.441793555433731 -5.456057621026277 -5.4699496457644665 -5.483126427675986 -5.49556968118206 -5.507313507350048 -5.518224922363766 -5.528574088120415 -5.538115462820546 -5.547138226786084 -5.55440807984424 -5.560066543748245 -5.562217813799061 -5.560381235080207 -5.555244765063915 -5.547959983540484 -5.53872263263817 -5.528637078679413 -5.5182235802685256 -5.5071520822577185 -5.495714241131933 -5.4830818285714065 -5.4698037479682515 -5.458218575283034 -5.4472636880424234 -5.4351354356755355
