output/Mappa_Temperature_20070102_1100.asc
NCOLS 153
NROWS 173
XLLCORNER 628082.1585431173
YLLCORNER 5141515.270487413
CELLSIZE 30.005356186399773
NODATA_VALUE -9999
[rows 126 to 146 of 173, columns 48 to 95 of 153]
-4.941551403090622 -4.941551403090622 -4.941551403090622 -4.941551403090622 -4.941551403090622 -4.941551403090622 -4.941551403090622 -4.941551403090622 -4.941551403090622 -4.941551403090622 -4.941551403090622 -4.941551403090622 -4.941551403090622 -4.941551403090622 -4.941551403090622 -4.941551403090622 -4.941551403090622 -4.941551403090622 -4.941551403090622 -4.941551403090622 -4.941551403090622 -4.941551403090622 -4.941551403090622 -4.941551403090622 -4.941551403090622 -4.941551403090622 -4.941551403090622 -4.941551403090622 -4.950740842206592 -4.966977301665872 -4.980426815729772 -4.991181988707868 -4.999133037232721 -5.004194951993182 -5.006311823022145 -5.005459842875727 -5.001648623990303 -4.994920664006618 -4.985349027002281 -4.973033527612666 -4.958095862287574 -4.941551403090622 -4.941551403090622 -4.941551403090622 -4.941551403090622 -4.941551403090622 -4.941551403090622 -4.941551403090622
-4.941551403090622 -4.941551403090622 -4.941551403090622 -4.941551403090622 -4.941551403090622 -4.941551403090622 -4.941551403090622 -4.941551403090622 -4.941551403090622 -4.941551403090622 -4.941551403090622 -4.941551403090622 -4.941551403090622 -4.941551403090622 -4.941551403090622 -4.941551403090622 -4.941551403090622 -4.941551403090622 -4.941551403090622 -4.941551403090622 -4.941551403090622 -4.941551403090622 -4.941551403090622 -4.941551403090622 -4.941551403090622 -4.941551403090622 -4.954639216546246 -4.9764317601718515 -4.995884913259843 -5.012823226547006 -5.027079411055768 -5.038501023605714 -5.046957524716326 -5.052347076918895 -5.054602343343643 -5.053694564329345 -5.049635358020537 -5.042475988668644 -5.032304207619605 -5.019239106959555 -5.003424654660485 -4.985022661441813 -4.964205869889127 -4.941551403090622 -4.941551403090622 -4.941551403090622 -4.941551403090622 -4.941551403090622
-4.941551403090622 -4.941551403090622 -4.941551403090622 -4.941551403090622 -4.941551403090622 -4.941551403090622 -4.941551403090622 -4.941551403090622 -4.941551403090622 -4.941551403090622 -4.941551403090622 -4.941551403090622 -4.941551403090622 -4.941551403090622 -4.941551403090622 -4.941551403090622 -4.941551403090622 -4.941551403090622 -4.941551403090622 -4.941551403090622 -4.941551403090622 -4.941551403090622 -4.941551403090622 -4.941551403090622 -4.944441521350041 -4.971639421575481 -4.996827843870082 -5.019811558536036 -5.040388030035401 -5.0583544232665965 -5.073514652467821 -5.085687759629485 -5.094717069013725 -5.100479254490593 -5.102892241971368 -5.101920849360325 -5.09757929852873 -5.0899301930331955 -5.079080128428737 -5.065172627849182 -5.048379433015259 -5.028891265487393 -5.006909030689964 -4.982636155272396 -4.956272428351108 -4.941551403090622 -4.941551403090622 -4.941551403090622
-4.941551403090622 -4.941551403090622 -4.941551403090622 -4.941551403090622 -4.941551403090622 -4.941551403090622 -4.941551403090622 -4.941551403090622 -4.941551403090622 -4.941551403090622 -4.941551403090622 -4.941551403090622 -4.941551403090622 -4.941551403090622 -4.941551403090622 -4.941551403090622 -4.941551403090622 -4.941551403090622 -4.941551403090622 -4.941551403090622 -4.941551403090622 -4.941551403090622 -4.941551403090622 -4.952768892956528 -4.983190349009227 -5.011752690806504 -5.038282135051584 -5.062572558146638 -5.084393035016457 -5.103508362931414 -5.119687438794561 -5.1327137487129475 -5.1423973251004975 -5.148587001499366 -5.151181378154074 -5.150136793568857 -5.145470911399719 -5.137261258084004 -5.125638984995071 -5.110778978703 -5.092887946097627 -5.072192158414984 -5.048926226287044 -5.023323775886138 -4.995610385898562 -4.96599874524995 -4.941551403090622 -4.941551403090622
-4.941551403090622 -4.941551403090622 -4.941551403090622 -4.941551403090622 -4.941551403090622 -4.941551403090622 -4.941551403090622 -4.941551403090622 -4.941551403090622 -4.941551403090622 -4.941551403090622 -4.941551403090622 -4.941551403090622 -4.941551403090622 -4.941551403090622 -4.941551403090622 -4.941551403090622 -4.941551403090622 -4.941551403090622 -4.941551403090622 -4.941551403090622 -4.941551403090622 -4.955652089380991 -4.989100121893926 -5.020805753897756 -5.050881070200805 -5.078873847694551 -5.104599110576748 -5.127800776598788 -5.148205545214823 -5.165539647905624 -5.1795419051756815 -5.189979424227718 -5.196664386001465 -5.19946956518223 -5.198339873362018 -5.193297619304965 -5.184440359531473 -5.171931805197663 -5.15598767050262 -5.136859102593552 -5.114816277159525 -5.09013408459403 -5.063080939553546 -5.033910943972646 -5.002859086288818 -4.970138886752758 -4.941551403090622
-4.941551403090622 -4.941551403090622 -4.941551403090622 -4.941551403090622 -4.941551403090622 -4.941551403090622 -4.941551403090622 -4.941551403090622 -4.941551403090622 -4.941551403090622 -4.941551403090622 -4.941551403090622 -4.941551403090622 -4.941551403090622 -4.941551403090622 -4.941551403090622 -4.941551403090622 -4.941551403090622 -4.941551403090622 -4.941551403090622 -4.941551403090622 -4.9529607279217 -4.9891987641396005 -5.024027367592725 -5.057325262959489 -5.088880190099725 -5.118446795578526 -5.145747705101623 -5.1704838230776256 -5.1923415000841135 -5.210986320857375 -5.226123031228074 -5.23743805692723 -5.244703392563384 -5.247756549979593 -5.246526672384235 -5.241042490556789 -5.231429062617357 -5.217894124561393 -5.200707338933258 -5.180176855142598 -5.156627200497125 -5.13038114816352 -5.1017466309005455 -5.071008541150324 -5.038424568561967 -5.004224001635089 -4.968608487667119
-4.941551403090622 -4.941551403090622 -4.941551403090622 -4.941551403090622 -4.941551403090622 -4.941551403090622 -4.941551403090622 -4.941551403090622 -4.941551403090622 -4.941551403090622 -4.941551403090622 -4.941551403090622 -4.941551403090622 -4.941551403090622 -4.941551403090622 -4.941551403090622 -4.941551403090622 -4.941551403090622 -4.941551403090622 -4.941551403090622 -4.944270595052026 -4.983488958206038 -5.021081826329472 -5.057408360115959 -5.092326652388108 -5.125539068649114 -5.156808215205438 -5.185837099309166 -5.2120647728400336 -5.234947891042643 -5.254886720249944 -5.271392571515836 -5.284735945333605 -5.29269292297079 -5.296041980724051 -5.29469244904706 -5.288682191859232 -5.278175033734486 -5.263439563675897 -5.244817864772545 -5.222691787876449 -5.1974530702080886 -5.169480755290943 -5.139126617531234 -5.10670751781732 -5.072502896369439 -5.036755612636592 -4.9996746877407805
-4.941551403090622 -4.941551403090622 -4.941551403090622 -4.941551403090622 -4.941551403090622 -4.941551403090622 -4.941551403090622 -4.941551403090622 -4.941551403090622 -4.941551403090622 -4.941551403090622 -4.941551403090622 -4.941551403090622 -4.941551403090622 -4.941551403090622 -4.941551403090622 -4.941551403090622 -4.941551403090622 -4.941551403090622 -4.941551403090622 -4.97193877855481 -5.01216379883943 -5.0511509765667535 -5.089094459408646 -5.125657936938987 -5.160593044603488 -5.193418965011017 -5.223641586344658 -5.251730907145369 -5.276790014591608 -5.29862982925861 -5.316543258949854 -5.331017438832189 -5.340571155439695 -5.344325353505955 -5.342830426240442 -5.3361836782720715 -5.324605290592284 -5.308450080992021 -5.28815893467856 -5.2642095107188895 -5.237076062516363 -5.207202332632282 -5.174986825924273 -5.140777490035258 -5.104872462792448 -5.067524143351582 -5.028944692838498
-4.941551403090622 -4.941551403090622 -4.941551403090622 -4.941551403090622 -4.941551403090622 -4.941551403090622 -4.941551403090622 -4.941551403090622 -4.941551403090622 -4.941551403090622 -4.941551403090622 -4.941551403090622 -4.941551403090622 -4.941551403090622 -4.941551403090622 -4.941551403090622 -4.941551403090622 -4.941551403090622 -4.941551403090622 -4.952711016547 -4.997200441674089 -5.038809442869136 -5.079296426169162 -5.118803554977592 -5.156898358948929 -5.193377933187139 -5.226855114177769 -5.259073360905643 -5.289709767146076 -5.316855939257093 -5.3419706006338545 -5.362896834642366 -5.378116792074613 -5.388131194282667 -5.392553909826165 -5.39093057049409 -5.3834986198091235 -5.370615225827582 -5.352760846147106 -5.3305132615334205 -5.304474696583036 -5.275218914865997 -5.243261131349406 -5.209046268986585 -5.1729490290413 -5.135280183219251 -5.096295313362834 -5.056203839068539
-4.941551403090622 -4.941551403090622 -4.941551403090622 -4.941551403090622 -4.941551403090622 -4.941551403090622 -4.941551403090622 -4.941551403090622 -4.941551403090622 -4.941551403090622 -4.941551403090622 -4.941551403090622 -4.941551403090622 -4.941551403090622 -4.941551403090622 -4.941551403090622 -4.941551403090622 -4.941551403090622 -4.941551403090622 -4.975593496692089 -5.0194916367166496 -5.062523497144871 -5.10481489702828 -5.145595715098329 -5.1840488023299285 -5.220911355527748 -5.256435796493878 -5.290966252362049 -5.3248540816095975 -5.357371589068208 -5.384780253048668 -5.407960506341633 -5.424950515923252 -5.435449344725671 -5.440257940202036 -5.438973696672616 -5.430553559182932 -5.416050099571165 -5.396136250199667 -5.371581846683533 -5.343149424864592 -5.31152829728141 -5.277306915192013 -5.240970355106614 -5.202910521359124 -5.163440842250445 -5.12281108608404 -5.081220426362725
-4.941551403090622 -4.941551403090622 -4.941551403090622 -4.941551403090622 -4.941551403090622 -4.941551403090622 -4.941551403090622 -4.941551403090622 -4.941551403090622 -4.941551403090622 -4.941551403090622 -4.941551403090622 -4.941551403090622 -4.941551403090622 -4.941551403090622 -4.941551403090622 -4.941551403090622 -4.941551403090622 -4.950137852646762 -4.99569371243357 -5.0404096735726815 -5.0845277271932305 -5.127895320448852 -5.169612658667122 -5.208717047752037 -5.245947835003882 -5.283414509462942 -5.320184892031393 -5.356082365661028 -5.391753330474404 -5.424351329669003 -5.450387040341392 -5.470047218294665 -5.48354113034405 -5.489084610752242 -5.486792262984883 -5.477231521436601 -5.460672578782308 -5.438231154774148 -5.41094771340727 -5.37978476846901 -5.345555690308031 -5.308913060524743 -5.270366175087248 -5.230307600424455 -5.189039025409211 -5.14679292831203 -5.103749538239601
-4.941551403090622 -4.941551403090622 -4.941551403090622 -4.941551403090622 -4.941551403090622 -4.941551403090622 -4.941551403090622 -4.941551403090622 -4.941551403090622 -4.941551403090622 -4.941551403090622 -4.941551403090622 -4.941551403090622 -4.941551403090622 -4.941551403090622 -4.941551403090622 -4.941551403090622 -4.941551403090622 -4.965899333132218 -5.012358455468528 -5.058562371485108 -5.10326639776618 -5.14750165617862 -5.188970346551136 -5.229990861616805 -5.2705542949396555 -5.310547572311713 -5.3495720459606755 -5.386202854926551 -5.419710002092455 -5.452459300758383 -5.482759293726017 -5.512594356468099 -5.52895492261438 -5.534490094994297 -5.532972734646642 -5.523335254913592 -5.504103423765659 -5.478527719232603 -5.448024160796169 -5.413786151835675 -5.376738465504339 -5.337569185953303 -5.296782436978377 -5.254747119185876 -5.211734954327268 -5.16794819919619 -5.123539266833528
-4.941551403090622 -4.941551403090622 -4.941551403090622 -4.941551403090622 -4.941551403090622 -4.941551403090622 -4.941551403090622 -4.941551403090622 -4.941551403090622 -4.941551403090622 -4.941551403090622 -4.941551403090622 -4.941551403090622 -4.941551403090622 -4.941551403090622 -4.941551403090622 -4.941551403090622 -4.941551403090622 -4.9791874895260175 -5.026811141593196 -5.0739131334805005 -5.1194609910599285 -5.1634218033375765 -5.207046080266161 -5.246079350246103 -5.286444624205251 -5.329297657040812 -5.372649024123147 -5.416173911829341 -5.449860538377506 -5.486916156144674 -5.519029127205436 -5.54818273640157 -5.563041480481622 -5.572723722236024 -5.577271384506369 -5.568501781806677 -5.545709002740502 -5.516233751886879 -5.4819861709064215 -5.444377716616685 -5.404387804515543 -5.362682859577352 -5.31971790760242 -5.275808054588353 -5.231175572898648 -5.185980351322036 -5.140339633249475
-4.941551403090622 -4.941551403090622 -4.941551403090622 -4.941551403090622 -4.941551403090622 -4.941551403090622 -4.941551403090622 -4.941551403090622 -4.941551403090622 -4.941551403090622 -4.941551403090622 -4.941551403090622 -4.941551403090622 -4.941551403090622 -4.941551403090622 -4.941551403090622 -4.941551403090622 -4.941551403090622 -4.98891462138308 -5.037298533752686 -5.084150100007706 -5.131386369954747 -5.173628124077879 -5.212745651637269 -5.254868859913749 -5.298470814825207 -5.342121969973053 -5.386862420532457 -5.436678986201747 -5.4815019838697845 -5.520356430826832 -5.555078964330198 -5.583622046303136 -5.60314833922281 -5.612219621504775 -5.620126641278568 -5.61203486871851 -5.584384033501093 -5.5501298940539545 -5.511695567027231 -5.470581506785837 -5.4276962023901625 -5.383598541568546 -5.338642895718088 -5.293061568737737 -5.246973707247887 -5.200462797560046 -5.153668175831699
-4.941551403090622 -4.941551403090622 -4.941551403090622 -4.941551403090622 -4.941551403090622 -4.941551403090622 -4.941551403090622 -4.941551403090622 -4.941551403090622 -4.941551403090622 -4.941551403090622 -4.941551403090622 -4.941551403090622 -4.941551403090622 -4.941551403090622 -4.941551403090622 -4.941551403090622 -4.943580864070381 -4.995062463557751 -5.042316948498844 -5.090689935192003 -5.132305092208472 -5.174072111648894 -5.217104086498176 -5.264749978200436 -5.310208716552056 -5.351179556909645 -5.3972757092229 -5.448739941435071 -5.497024331258798 -5.537148978980022 -5.569036358375098 -5.614050632859519 -5.64961593847607 -5.669059222840309 -5.665043589613069 -5.652350176643111 -5.618150749367535 -5.578386596099758 -5.535663929955725 -5.491244831996352 -5.445783410850498 -5.399642682696443 -5.353037267136091 -5.306101117714981 -5.258834119313922 -5.211377518864464 -5.163755762996645
-4.941551403090622 -4.941551403090622 -4.941551403090622 -4.941551403090622 -4.941551403090622 -4.941551403090622 -4.941551403090622 -4.941551403090622 -4.941551403090622 -4.941551403090622 -4.941551403090622 -4.941551403090622 -4.941551403090622 -4.941551403090622 -4.941551403090622 -4.941551403090622 -4.941551403090622 -4.943658686703039 -4.995757479421462 -5.043527040454709 -5.088855648893039 -5.131349988239661 -5.173197093132602 -5.21813392877823 -5.265148621212094 -5.3124197927190435 -5.354451259992224 -5.400585325148149 -5.449648969447584 -5.495188264871948 -5.546117160361769 -5.606158153427604 -5.653959979069442 -5.69856142711334 -5.723412270296135 -5.716813248580864 -5.685368115348376 -5.64359787727877 -5.598504937406365 -5.552157022684509 -5.505163833205684 -5.457794341288109 -5.4101685200706315 -5.362009356024499 -5.313144678869016 -5.265096347555932 -5.2168644865406755 -5.1690683440680685
-4.941551403090622 -4.941551403090622 -4.941551403090622 -4.941551403090622 -4.941551403090622 -4.941551403090622 -4.941551403090622 -4.941551403090622 -4.941551403090622 -4.941551403090622 -4.941551403090622 -4.941551403090622 -4.941551403090622 -4.941551403090622 -4.941551403090622 -4.941551403090622 -4.941551403090622 -4.942337912514196 -4.993164355931911 -5.038820475007037 -5.086642374500778 -5.12871492298588 -5.173703113369401 -5.219667210702774 -5.262951958208951 -5.303906611090862 -5.349716074625015 -5.400831782799698 -5.4472530004166435 -5.514308591503439 -5.5742016401682495 -5.627615859667754 -5.679243035137259 -5.727704914910344 -5.77495245628781 -5.750930946260525 -5.703925712442429 -5.655940174613337 -5.607784945593466 -5.559571494107532 -5.511329923761698 -5.4629304979897055 -5.41356493632496 -5.363222522986039 -5.3134463585639455 -5.266011493007409 -5.218414727134545 -5.170985711714049
-4.941551403090622 -4.941551403090622 -4.941551403090622 -4.941551403090622 -4.941551403090622 -4.941551403090622 -4.941551403090622 -4.941551403090622 -4.941551403090622 -4.941551403090622 -4.941551403090622 -4.941551403090622 -4.941551403090622 -4.941551403090622 -4.941551403090622 -4.941551403090622 -4.941551403090622 -4.941551403090622 -4.984897925536198 -5.033675032567459 -5.0729989990414355 -5.118015189581831 -5.164691437024079 -5.20936528074676 -5.253407786617012 -5.301386138234001 -5.348384530101191 -5.409527978998472 -5.471730579284483 -5.525206890574229 -5.581075917858828 -5.630515470881802 -5.678063354625761 -5.721947900342518 -5.751649717874159 -5.738386352730718 -5.697414381919264 -5.6516523885660925 -5.6045734813055486 -5.556688837091921 -5.5082015170240135 -5.459555414586148 -5.410934119184262 -5.358760795983373 -5.308518546383835 -5.261395293025231 -5.214073747953315 -5.166598989119278
-4.941551403090622 -4.941551403090622 -4.941551403090622 -4.941551403090622 -4.941551403090622 -4.941551403090622 -4.941551403090622 -4.941551403090622 -4.941551403090622 -4.941551403090622 -4.941551403090622 -4.941551403090622 -4.941551403090622 -4.941551403090622 -4.941551403090622 -4.941551403090622 -4.941551403090622 -4.941551403090622 -4.970087763897411 -5.014064343097201 -5.061121054400351 -5.106886953815049 -5.149928365228037 -5.19658137772945 -5.244180154271376 -5.304168892703542 -5.353508505611082 -5.419364563447989 -5.472380201951682 -5.522169235499232 -5.57021018946083 -5.614294563159262 -5.654489008962962 -5.6876753468834655 -5.705745501677576 -5.698067713059183 -5.669807690239389 -5.630485448071494 -5.587904896639148 -5.542343615827283 -5.494261820065335 -5.447060545765676 -5.398845290843917 -5.346622182506609 -5.2978480190943715 -5.249291173023676 -5.202702733388892 -5.156471394265778
-4.941551403090622 -4.941551403090622 -4.941551403090622 -4.941551403090622 -4.941551403090622 -4.941551403090622 -4.941551403090622 -4.941551403090622 -4.941551403090622 -4.941551403090622 -4.941551403090622 -4.941551403090622 -4.941551403090622 -4.941551403090622 -4.941551403090622 -4.941551403090622 -4.941551403090622 -4.941551403090622 -4.9525893985870795 -4.996406091595226 -5.043713219800267 -5.090203142633107 -5.1382050044381495 -5.196041999088762 -5.253989513397854 -5.308286873762121 -5.357817366008192 -5.412405363718905 -5.460788691060024 -5.50533179471863 -5.547481249411322 -5.586326067693521 -5.619401375437665 -5.644516670189492 -5.657494487978048 -5.652801252494182 -5.630752421518235 -5.597321902176796 -5.557260668840081 -5.515146623794512 -5.47088357335428 -5.424416064141346 -5.378291436060747 -5.329422313167674 -5.277759810849507 -5.232099207202063 -5.186834895005117 -5.140369293123555
-4.941551403090622 -4.941551403090622 -4.941551403090622 -4.941551403090622 -4.941551403090622 -4.941551403090622 -4.941551403090622 -4.941551403090622 -4.941551403090622 -4.941551403090622 -4.941551403090622 -4.941551403090622 -4.941551403090622 -4.941551403090622 -4.941551403090622 -4.941551403090622 -4.941551403090622 -4.941551403090622 -4.941551403090622 -4.978432299094412 -5.021820398427977 -5.07651003481549 -5.142538135460078 -5.1977527025725605 -5.25152714207288 -5.3025329583641545 -5.35069937006151 -5.396158378497971 -5.438395218524977 -5.478455655959254 -5.515389226567696 -5.550315314314767 -5.578456084347896 -5.600359351193827 -5.608686671607996 -5.601577485361517 -5.581694797175893 -5.553496240760425 -5.517739511514604 -5.4786994852114965 -5.438390023427738 -5.395533520421137 -5.351258945100085 -5.302360320329313 -5.250962388384077 -5.206117509440741 -5.163712393393571 -5.116765315092231
