output/Mappa_Temperature_20070101_1500.asc
NCOLS 153
NROWS 173
XLLCORNER 628082.1585431173
YLLCORNER 5141515.270487413
CELLSIZE 30.005356186399773
NODATA_VALUE -9999
[rows 126 to 146 of 173, columns 46 to 91 of 153]
-0.5549331414417515 -0.5549331414417515 -0.5549331414417515 -0.5549331414417515 -0.5549331414417515 -0.5549331414417515 -0.5549331414417515 -0.5549331414417515 -0.5549331414417515 -0.5549331414417515 -0.5549331414417515 -0.5549331414417515 -0.5549331414417515 -0.5549331414417515 -0.5549331414417515 -0.5549331414417515 -0.5549331414417515 -0.5549331414417515 -0.5549331414417515 -0.5549331414417515 -0.5549331414417515 -0.5549331414417515 -0.5549331414417515 -0.5549331414417515 -0.5549331414417515 -0.5549331414417515 -0.5549331414417515 -0.5549331414417515 -0.5549331414417515 -0.5549331414417515 -0.5533254868477198 -0.5504849850160978 -0.548132047823801 -0.5462504745275821 -0.54485947127624 -0.5439739100992685 -0.5436035722155572 -0.5437526226395422 -0.5444193797149943 -0.545596408654384 -0.547270927197703 -0.5494254731848568 -0.5520387563222601 -0.5549331414417515 -0.5549331414417515 -0.5549331414417515
-0.5549331414417515 -0.5549331414417515 -0.5549331414417515 -0.5549331414417515 -0.5549331414417515 -0.5549331414417515 -0.5549331414417515 -0.5549331414417515 -0.5549331414417515 -0.5549331414417515 -0.5549331414417515 -0.5549331414417515 -0.5549331414417515 -0.5549331414417515 -0.5549331414417515 -0.5549331414417515 -0.5549331414417515 -0.5549331414417515 -0.5549331414417515 -0.5549331414417515 -0.5549331414417515 -0.5549331414417515 -0.5549331414417515 -0.5549331414417515 -0.5549331414417515 -0.5549331414417515 -0.5549331414417515 -0.5549331414417515 -0.552643482283859 -0.5488309663693249 -0.5454277172117187 -0.5424644289383467 -0.5399703680680771 -0.5379722039086078 -0.536492773805383 -0.5355498938048875 -0.5351553442156537 -0.5353141564221698 -0.5360242978778289 -0.5372768001125884 -0.5390563113892373 -0.5413419970369155 -0.5441086704508027 -0.5473280235107644 -0.5509698356116244 -0.5549331414417515
-0.5549331414417515 -0.5549331414417515 -0.5549331414417515 -0.5549331414417515 -0.5549331414417515 -0.5549331414417515 -0.5549331414417515 -0.5549331414417515 -0.5549331414417515 -0.5549331414417515 -0.5549331414417515 -0.5549331414417515 -0.5549331414417515 -0.5549331414417515 -0.5549331414417515 -0.5549331414417515 -0.5549331414417515 -0.5549331414417515 -0.5549331414417515 -0.5549331414417515 -0.5549331414417515 -0.5549331414417515 -0.5549331414417515 -0.5549331414417515 -0.5549331414417515 -0.5549331414417515 -0.5544275271340222 -0.5496693663046596 -0.5452627553780013 -0.5412418489870523 -0.5376420798915332 -0.5344989332585537 -0.5318467134860175 -0.5297170784337462 -0.5281374378779617 -0.5271293672180835 -0.5267072249785132 -0.52687716612226 -0.5276367025914095 -0.528974882151115 -0.5308730563472475 -0.5333061163976006 -0.5362440167941874 -0.5396533915840986 -0.5434990931892922 -0.5477455329537806
-0.5549331414417515 -0.5549331414417515 -0.5549331414417515 -0.5549331414417515 -0.5549331414417515 -0.5549331414417515 -0.5549331414417515 -0.5549331414417515 -0.5549331414417515 -0.5549331414417515 -0.5549331414417515 -0.5549331414417515 -0.5549331414417515 -0.5549331414417515 -0.5549331414417515 -0.5549331414417515 -0.5549331414417515 -0.5549331414417515 -0.5549331414417515 -0.5549331414417515 -0.5549331414417515 -0.5549331414417515 -0.5549331414417515 -0.5549331414417515 -0.5549331414417515 -0.552970687706672 -0.5476485790379055 -0.5426517147649927 -0.5380104975612624 -0.5337609879027423 -0.5299435851819667 -0.5265994371495265 -0.5237689743421344 -0.5214900749752365 -0.519795973097024 -0.5187131146578254 -0.5182592391279992 -0.5184419849067221 -0.519258261809993 -0.5206945069063347 -0.5227277758021468 -0.5253274728109985 -0.5284574354123043 -0.5320780783835684 -0.5361483575592457 -0.5406274010009641
-0.5549331414417515 -0.5549331414417515 -0.5549331414417515 -0.5549331414417515 -0.5549331414417515 -0.5549331414417515 -0.5549331414417515 -0.5549331414417515 -0.5549331414417515 -0.5549331414417515 -0.5549331414417515 -0.5549331414417515 -0.5549331414417515 -0.5549331414417515 -0.5549331414417515 -0.5549331414417515 -0.5549331414417515 -0.5549331414417515 -0.5549331414417515 -0.5549331414417515 -0.5549331414417515 -0.5549331414417515 -0.5549331414417515 -0.5549331414417515 -0.5524662843455088 -0.5466146885677838 -0.5410679185958239 -0.5358063656532185 -0.5309091443136409 -0.5264086153332226 -0.5223495792485656 -0.5187798488665778 -0.515747318864194 -0.5132976815203981 -0.5114716804726189 -0.5103021738932857 -0.5098114193281675 -0.510009054267766 -0.5108911758855003 -0.512440717069213 -0.5146290372251697 -0.5174183980410847 -0.520764862356059 -0.5246211640440327 -0.5289392121607758 -0.5336720486656469
-0.5549331414417515 -0.5549331414417515 -0.5549331414417515 -0.5549331414417515 -0.5549331414417515 -0.5549331414417515 -0.5549331414417515 -0.5549331414417515 -0.5549331414417515 -0.5549331414417515 -0.5549331414417515 -0.5549331414417515 -0.5549331414417515 -0.5549331414417515 -0.5549331414417515 -0.5549331414417515 -0.5549331414417515 -0.5549331414417515 -0.5549331414417515 -0.5549331414417515 -0.5549331414417515 -0.5549331414417515 -0.5549331414417515 -0.5529371269681798 -0.5465974315124366 -0.5405043105244773 -0.5346789806232327 -0.52915857584759 -0.5239860197722914 -0.5192098378897944 -0.5148823557441758 -0.5110584450124255 -0.507796610270095 -0.5051485050202698 -0.5031689877921484 -0.5018979471915995 -0.5013638098536713 -0.5015789718827525 -0.5025384069470803 -0.5042202366426899 -0.5065881184112035 -0.509594875899119 -0.5131865996340707 -0.5173065148977597 -0.521898153851649 -0.5269076449255553
-0.5549331414417515 -0.5549331414417515 -0.5549331414417515 -0.5549331414417515 -0.5549331414417515 -0.5549331414417515 -0.5549331414417515 -0.5549331414417515 -0.5549331414417515 -0.5549331414417515 -0.5549331414417515 -0.5549331414417515 -0.5549331414417515 -0.5549331414417515 -0.5549331414417515 -0.5549331414417515 -0.5549331414417515 -0.5549331414417515 -0.5549331414417515 -0.5549331414417515 -0.5549331414417515 -0.5549331414417515 -0.554457429987155 -0.5475963385865535 -0.5410196208588753 -0.5346644431173346 -0.5285556314392137 -0.5227452557561043 -0.5172748471187242 -0.5121963631873331 -0.5076079395294225 -0.5036046320761727 -0.5001164158781877 -0.49722878505751283 -0.49489441666491607 -0.4935023761397496 -0.4929164722543432 -0.49315256727308476 -0.4942040370589327 -0.4960422211761874 -0.49862013108297226 -0.5018779207492234 -0.5057487869382241 -0.5101641968337491 -0.5150578383296773 -0.5203681699398414
-0.5549331414417515 -0.5549331414417515 -0.5549331414417515 -0.5549331414417515 -0.5549331414417515 -0.5549331414417515 -0.5549331414417515 -0.5549331414417515 -0.5549331414417515 -0.5549331414417515 -0.5549331414417515 -0.5549331414417515 -0.5549331414417515 -0.5549331414417515 -0.5549331414417515 -0.5549331414417515 -0.5549331414417515 -0.5549331414417515 -0.5549331414417515 -0.5549331414417515 -0.5549331414417515 -0.5549331414417515 -0.5496169950318326 -0.5425797931047686 -0.5357591466441273 -0.5291210903128909 -0.5227244602374777 -0.5166127067755946 -0.5108699469530986 -0.5055826236009898 -0.5006685124067597 -0.4962845245811895 -0.4924637387922986 -0.4893298579128949 -0.4867976596482344 -0.4851262762046661 -0.4844694946871043 -0.484731026066311 -0.4858938472974941 -0.48791943862140125 -0.49074572612422185 -0.4942955787514932 -0.49848543201318507 -0.5032323172261086 -0.5084586034534695 -0.5140945739087446
-0.5549331414417515 -0.5549331414417515 -0.5549331414417515 -0.5549331414417515 -0.5549331414417515 -0.5549331414417515 -0.5549331414417515 -0.5549331414417515 -0.5549331414417515 -0.5549331414417515 -0.5549331414417515 -0.5549331414417515 -0.5549331414417515 -0.5549331414417515 -0.5549331414417515 -0.5549331414417515 -0.5549331414417515 -0.5549331414417515 -0.5549331414417515 -0.5549331414417515 -0.5549331414417515 -0.5529808129465779 -0.5451975709240044 -0.5379182472264326 -0.5308352159467968 -0.5239236061821209 -0.5172590768413944 -0.5108771253019998 -0.5050204301179333 -0.499383980307447 -0.49402426698703095 -0.4892751557786247 -0.4848814490212991 -0.48122049041272996 -0.4785578214317285 -0.4768058429362951 -0.47603210703448207 -0.47631610357680765 -0.4776162927951611 -0.4798701896064609 -0.482993739929248 -0.4868858633939017 -0.4914412032831082 -0.4965593820191309 -0.5021502648616084 -0.5081360143690116
-0.5549331414417515 -0.5549331414417515 -0.5549331414417515 -0.5549331414417515 -0.5549331414417515 -0.5549331414417515 -0.5549331414417515 -0.5549331414417515 -0.5549331414417515 -0.5549331414417515 -0.5549331414417515 -0.5549331414417515 -0.5549331414417515 -0.5549331414417515 -0.5549331414417515 -0.5549331414417515 -0.5549331414417515 -0.5549331414417515 -0.5549331414417515 -0.5549331414417515 -0.5549331414417515 -0.5489776171188682 -0.5412978179941053 -0.5337695709233033 -0.5263708643806625 -0.5192364279160121 -0.5125092183918656 -0.5060602662579763 -0.49984541135782123 -0.4938044500641167 -0.4878759136557431 -0.4821871094107282 -0.47739207632890923 -0.4733367863131702 -0.4703644539856152 -0.4685277270490583 -0.4676864830394005 -0.4679111561651342 -0.4693842246023736 -0.4719215452353229 -0.47540539131372916 -0.4797010832616522 -0.48467521856847345 -0.4902072048394506 -0.4961940949462103 -0.502551026747526
-0.5549331414417515 -0.5549331414417515 -0.5549331414417515 -0.5549331414417515 -0.5549331414417515 -0.5549331414417515 -0.5549331414417515 -0.5549331414417515 -0.5549331414417515 -0.5549331414417515 -0.5549331414417515 -0.5549331414417515 -0.5549331414417515 -0.5549331414417515 -0.5549331414417515 -0.5549331414417515 -0.5549331414417515 -0.5549331414417515 -0.5549331414417515 -0.5549331414417515 -0.5534309773922221 -0.545461167010217 -0.5376382934436646 -0.5299200213393783 -0.5223330391906792 -0.5150347623762923 -0.508193610270515 -0.5016802371027456 -0.4951255964378441 -0.4886927691766353 -0.4824126537456011 -0.47617216510075366 -0.47046927915744163 -0.4659144386124322 -0.46247497130575527 -0.46011426686842727 -0.45914445776118373 -0.4595454945788598 -0.4612181070069365 -0.4641150259477477 -0.4680410608175587 -0.47281418671794034 -0.47826601581885547 -0.4842542523216999 -0.4906647297583584 -0.49740834889300534
-0.5549331414417515 -0.5549331414417515 -0.5549331414417515 -0.5549331414417515 -0.5549331414417515 -0.5549331414417515 -0.5549331414417515 -0.5549331414417515 -0.5549331414417515 -0.5549331414417515 -0.5549331414417515 -0.5549331414417515 -0.5549331414417515 -0.5549331414417515 -0.5549331414417515 -0.5549331414417515 -0.5549331414417515 -0.5549331414417515 -0.5549331414417515 -0.5549331414417515 -0.5506735711793523 -0.5425457387277731 -0.5344625535726353 -0.526641767960428 -0.5189029913596553 -0.5116482144636508 -0.5044718439950501 -0.4973754380982242 -0.49037877864097545 -0.4835516074121747 -0.47714319797892574 -0.4712812603356896 -0.465551905171884 -0.46025104597049554 -0.4550315244006587 -0.4521693106143673 -0.4512009549625114 -0.45146641091721473 -0.4531524483752353 -0.4565169781693181 -0.46099134253141216 -0.46632781467468004 -0.4723176135841828 -0.47879895399866684 -0.4856514584247139 -0.49278693247678873
-0.5549331414417515 -0.5549331414417515 -0.5549331414417515 -0.5549331414417515 -0.5549331414417515 -0.5549331414417515 -0.5549331414417515 -0.5549331414417515 -0.5549331414417515 -0.5549331414417515 -0.5549331414417515 -0.5549331414417515 -0.5549331414417515 -0.5549331414417515 -0.5549331414417515 -0.5549331414417515 -0.5549331414417515 -0.5549331414417515 -0.5549331414417515 -0.5549331414417515 -0.5483488628480739 -0.5400173007076529 -0.5317770008710677 -0.5238085904423441 -0.5161178270645619 -0.5084859391625427 -0.5016572290518019 -0.49459549032098166 -0.48709852840232887 -0.479514384955935 -0.4718998847897688 -0.46600654796647534 -0.45952381997989994 -0.45390578771457146 -0.44880548364103057 -0.44620600745098776 -0.4445121390613566 -0.4437165442433537 -0.4452507501823753 -0.4492382531751058 -0.4543948271343027 -0.46038630062934705 -0.46696574509274 -0.4739618158096748 -0.4812579244706663 -0.488774466182637
-0.5549331414417515 -0.5549331414417515 -0.5549331414417515 -0.5549331414417515 -0.5549331414417515 -0.5549331414417515 -0.5549331414417515 -0.5549331414417515 -0.5549331414417515 -0.5549331414417515 -0.5549331414417515 -0.5549331414417515 -0.5549331414417515 -0.5549331414417515 -0.5549331414417515 -0.5549331414417515 -0.5549331414417515 -0.5549331414417515 -0.5549331414417515 -0.5549331414417515 -0.5466471411195322 -0.5381825745647568 -0.5299860856630048 -0.5217222944319084 -0.5143322732109215 -0.5074888225830545 -0.5001195404705765 -0.49249155771368874 -0.4848549675777108 -0.4770278096877552 -0.46831260632807603 -0.46047100716083295 -0.45367358140277375 -0.44759901691645454 -0.4426055220706322 -0.4391894774001637 -0.43760249385848066 -0.4362191932561262 -0.4376348155988907 -0.44247221554300487 -0.44846483641483403 -0.4551887639182643 -0.4623814997307785 -0.46988410742620107 -0.477598811894146 -0.4854636173155657
-0.5549331414417515 -0.5549331414417515 -0.5549331414417515 -0.5549331414417515 -0.5549331414417515 -0.5549331414417515 -0.5549331414417515 -0.5549331414417515 -0.5549331414417515 -0.5549331414417515 -0.5549331414417515 -0.5549331414417515 -0.5549331414417515 -0.5549331414417515 -0.5549331414417515 -0.5549331414417515 -0.5549331414417515 -0.5549331414417515 -0.5549331414417515 -0.5545780955867912 -0.5455716014058727 -0.5373046235364538 -0.5288419683838573 -0.5215615677506382 -0.5142545994106811 -0.5067263323223873 -0.4983908794492395 -0.49043806006303636 -0.4832703799803977 -0.47520604764211805 -0.4662025917945936 -0.45775543630006904 -0.45073579414032305 -0.44515722820946 -0.4372821659495597 -0.4310601619468123 -0.4276586392818582 -0.42836115780602846 -0.4305818182203989 -0.43656486742274114 -0.4435214425599098 -0.45099559736184147 -0.4587665359355519 -0.4667198246655789 -0.4747919553639439 -0.4829453812136343
-0.5549331414417515 -0.5549331414417515 -0.5549331414417515 -0.5549331414417515 -0.5549331414417515 -0.5549331414417515 -0.5549331414417515 -0.5549331414417515 -0.5549331414417515 -0.5549331414417515 -0.5549331414417515 -0.5549331414417515 -0.5549331414417515 -0.5549331414417515 -0.5549331414417515 -0.5549331414417515 -0.5549331414417515 -0.5549331414417515 -0.5549331414417515 -0.5545644808371555 -0.5454500112378409 -0.5370929229236607 -0.5291628692308057 -0.5217286592633914 -0.5144076803027603 -0.5065461656493422 -0.49832113849323123 -0.4900512413777227 -0.48269800897661125 -0.4746270439423741 -0.46604356108097206 -0.45807664856607555 -0.44916684767726855 -0.4386629227788794 -0.43030018990407587 -0.42249734993274907 -0.4181497970838549 -0.41930426880326976 -0.4248054655861315 -0.4321129970120337 -0.44000182145815525 -0.4481101985947789 -0.45633146389730445 -0.4646185617644447 -0.47295050338879274 -0.4813757511483528
-0.5549331414417515 -0.5549331414417515 -0.5549331414417515 -0.5549331414417515 -0.5549331414417515 -0.5549331414417515 -0.5549331414417515 -0.5549331414417515 -0.5549331414417515 -0.5549331414417515 -0.5549331414417515 -0.5549331414417515 -0.5549331414417515 -0.5549331414417515 -0.5549331414417515 -0.5549331414417515 -0.5549331414417515 -0.5549331414417515 -0.5549331414417515 -0.5547955448515687 -0.5459036675315798 -0.5379163171992626 -0.5295500724865916 -0.5221896530963488 -0.5143191541426673 -0.5062779242802188 -0.49870543565479153 -0.4915405875044708 -0.48352641018947534 -0.4745839271894686 -0.4664627260127085 -0.45473162602873196 -0.44425358339507953 -0.43490898528835753 -0.42587702318784837 -0.41739881655637234 -0.40913305343486456 -0.41333551785772615 -0.4215588902678884 -0.429953762834582 -0.4383783221774755 -0.4468130673014479 -0.45525273170435104 -0.4637200122650935 -0.47235631432832914 -0.4811635125759648
-0.5549331414417515 -0.5549331414417515 -0.5549331414417515 -0.5549331414417515 -0.5549331414417515 -0.5549331414417515 -0.5549331414417515 -0.5549331414417515 -0.5549331414417515 -0.5549331414417515 -0.5549331414417515 -0.5549331414417515 -0.5549331414417515 -0.5549331414417515 -0.5549331414417515 -0.5549331414417515 -0.5549331414417515 -0.5549331414417515 -0.5549331414417515 -0.5549331414417515 -0.5473498455446407 -0.5388164912002988 -0.5319369249330235 -0.524061527467009 -0.5158957098707831 -0.508080204573086 -0.5003751492371277 -0.491981533868697 -0.4837593584297161 -0.4730625634159956 -0.4621804742211665 -0.4528250134110114 -0.44305095677440814 -0.43440171022724033 -0.42608340344347256 -0.41840598258697226 -0.4132097717189136 -0.41553014292286095 -0.4226980207737543 -0.43070389337575227 -0.43894015465178593 -0.44731737629524615 -0.45580003360170973 -0.46431046923101804 -0.4728165649713666 -0.48194407337217887
-0.5549331414417515 -0.5549331414417515 -0.5549331414417515 -0.5549331414417515 -0.5549331414417515 -0.5549331414417515 -0.5549331414417515 -0.5549331414417515 -0.5549331414417515 -0.5549331414417515 -0.5549331414417515 -0.5549331414417515 -0.5549331414417515 -0.5549331414417515 -0.5549331414417515 -0.5549331414417515 -0.5549331414417515 -0.5549331414417515 -0.5549331414417515 -0.5549331414417515 -0.5499408224363138 -0.5422473007003231 -0.534014922515782 -0.5260083665643884 -0.5184784485880637 -0.5103166958492146 -0.5019894855796709 -0.49149470241461635 -0.48286293997977275 -0.47134169340638743 -0.4620668254062462 -0.4533564386780764 -0.44495187128682623 -0.4372394913464587 -0.43020763829913194 -0.4244018249144836 -0.4212405256226563 -0.42258372317677934 -0.42752769798746315 -0.434406962594477 -0.44185625501185627 -0.4498270137799104 -0.4582387262762264 -0.46649639516267877 -0.474931455790334 -0.4840676738960866
-0.5549331414417515 -0.5549331414417515 -0.5549331414417515 -0.5549331414417515 -0.5549331414417515 -0.5549331414417515 -0.5549331414417515 -0.5549331414417515 -0.5549331414417515 -0.5549331414417515 -0.5549331414417515 -0.5549331414417515 -0.5549331414417515 -0.5549331414417515 -0.5549331414417515 -0.5549331414417515 -0.5549331414417515 -0.5549331414417515 -0.5549331414417515 -0.5549331414417515 -0.5530020895086752 -0.5453365392045916 -0.5370603516125724 -0.5289271307407499 -0.5205294023615736 -0.5104110579249268 -0.5002733785283954 -0.4907742785581205 -0.48210912256774097 -0.4725591767885643 -0.4640947125821189 -0.45630207972113135 -0.44892820590604465 -0.44213246464506256 -0.43634607553330396 -0.4319522579696119 -0.4296818421014652 -0.4305029043547 -0.43436025668753875 -0.44020878860791673 -0.4472173366817969 -0.45458501572469523 -0.46232865442647314 -0.47045795412763747 -0.4785272681843429 -0.48707672032541616
-0.5549331414417515 -0.5549331414417515 -0.5549331414417515 -0.5549331414417515 -0.5549331414417515 -0.5549331414417515 -0.5549331414417515 -0.5549331414417515 -0.5549331414417515 -0.5549331414417515 -0.5549331414417515 -0.5549331414417515 -0.5549331414417515 -0.5549331414417515 -0.5549331414417515 -0.5549331414417515 -0.5549331414417515 -0.5549331414417515 -0.5549331414417515 -0.5549331414417515 -0.5549331414417515 -0.5484809803093682 -0.5408904107066347 -0.5313226836588052 -0.5197713389035092 -0.5101117773834232 -0.5007041602684843 -0.49178090240169575 -0.48335438669535236 -0.4754015200589155 -0.4680123585388444 -0.4610039497048211 -0.45454257336690684 -0.4484323979024983 -0.44350928587657545 -0.4396773993898433 -0.4382205689183786 -0.4394642918251544 -0.4429426863822031 -0.44787590789814785 -0.4541314006778594 -0.46096129277956044 -0.46801326739974874 -0.47551083641055825 -0.4832564913428554 -0.4918111047161444
