output/Mappa_Temperature_20070101_0400.asc
NCOLS 153
NROWS 173
XLLCORNER 628082.1585431173
YLLCORNER 5141515.270487413
CELLSIZE 30.005356186399773
NODATA_VALUE -9999
[rows 126 to 146 of 173, columns 46 to 91 of 153]
-1.4021125609126237 -1.4021125609126237 -1.4021125609126237 -1.4021125609126237 -1.4021125609126237 -1.4021125609126237 -1.4021125609126237 -1.4021125609126237 -1.4021125609126237 -1.4021125609126237 -1.4021125609126237 -1.4021125609126237 -1.4021125609126237 -1.4021125609126237 -1.4021125609126237 -1.4021125609126237 -1.4021125609126237 -1.4021125609126237 -1.4021125609126237 -1.4021125609126237 -1.4021125609126237 -1.4021125609126237 -1.4021125609126237 -1.4021125609126237 -1.4021125609126237 -1.4021125609126237 -1.4021125609126237 -1.4021125609126237 -1.4021125609126237 -1.4021125609126237 -1.397731837246022 -1.3899917084615063 -1.3835801523457874 -1.3784530232349745 -1.3746626562705124 -1.3722495764829843 -1.3712404368718807 -1.3716465867515195 -1.3734634437500026 -1.3766707486960992 -1.3812336710054842 -1.3871046277593462 -1.394225604696846 -1.4021125609126237 -1.4021125609126237 -1.4021125609126237
-1.4021125609126237 -1.4021125609126237 -1.4021125609126237 -1.4021125609126237 -1.4021125609126237 -1.4021125609126237 -1.4021125609126237 -1.4021125609126237 -1.4021125609126237 -1.4021125609126237 -1.4021125609126237 -1.4021125609126237 -1.4021125609126237 -1.4021125609126237 -1.4021125609126237 -1.4021125609126237 -1.4021125609126237 -1.4021125609126237 -1.4021125609126237 -1.4021125609126237 -1.4021125609126237 -1.4021125609126237 -1.4021125609126237 -1.4021125609126237 -1.4021125609126237 -1.4021125609126237 -1.4021125609126237 -1.4021125609126237 -1.3958734321229782 -1.3854846466474666 -1.3762110786911266 -1.3681363671714206 -1.3613402608928078 -1.3558954314775555 -1.3518641087728298 -1.3492948400080866 -1.3482197255341022 -1.3486524754507996 -1.3505875512394563 -1.3540005145729062 -1.3588495332573622 -1.365077834565602 -1.3726167871160893 -1.381389253660384 -1.3913128855890269 -1.4021125609126237
-1.4021125609126237 -1.4021125609126237 -1.4021125609126237 -1.4021125609126237 -1.4021125609126237 -1.4021125609126237 -1.4021125609126237 -1.4021125609126237 -1.4021125609126237 -1.4021125609126237 -1.4021125609126237 -1.4021125609126237 -1.4021125609126237 -1.4021125609126237 -1.4021125609126237 -1.4021125609126237 -1.4021125609126237 -1.4021125609126237 -1.4021125609126237 -1.4021125609126237 -1.4021125609126237 -1.4021125609126237 -1.4021125609126237 -1.4021125609126237 -1.4021125609126237 -1.4021125609126237 -1.400734804414265 -1.3877692160148158 -1.3757615715571108 -1.3648049395458475 -1.3549958712735863 -1.3464310608386787 -1.3392039848425517 -1.3334009082928084 -1.3290965205262182 -1.326349612693073 -1.3251993105657236 -1.3256623859011245 -1.3277320589505537 -1.3313784857944302 -1.3365508509624295 -1.3431807351330818 -1.351186266822058 -1.3604765266116519 -1.3709557403053907 -1.3825269318064513
-1.4021125609126237 -1.4021125609126237 -1.4021125609126237 -1.4021125609126237 -1.4021125609126237 -1.4021125609126237 -1.4021125609126237 -1.4021125609126237 -1.4021125609126237 -1.4021125609126237 -1.4021125609126237 -1.4021125609126237 -1.4021125609126237 -1.4021125609126237 -1.4021125609126237 -1.4021125609126237 -1.4021125609126237 -1.4021125609126237 -1.4021125609126237 -1.4021125609126237 -1.4021125609126237 -1.4021125609126237 -1.4021125609126237 -1.4021125609126237 -1.4021125609126237 -1.3967650394028466 -1.3822627405333847 -1.3686467053101403 -1.35599977846297 -1.344420221758653 -1.3340181201468126 -1.3249055977898818 -1.3171928245027478 -1.3109830152393316 -1.3063667299880857 -1.3034160317412231 -1.3021792590646855 -1.3026772259543367 -1.304901511918467 -1.3088151591085622 -1.3143556459802663 -1.321439601859186 -1.3299684869157389 -1.3398344347452156 -1.3509256034457386 -1.363130620419987
-1.4021125609126237 -1.4021125609126237 -1.4021125609126237 -1.4021125609126237 -1.4021125609126237 -1.4021125609126237 -1.4021125609126237 -1.4021125609126237 -1.4021125609126237 -1.4021125609126237 -1.4021125609126237 -1.4021125609126237 -1.4021125609126237 -1.4021125609126237 -1.4021125609126237 -1.4021125609126237 -1.4021125609126237 -1.4021125609126237 -1.4021125609126237 -1.4021125609126237 -1.4021125609126237 -1.4021125609126237 -1.4021125609126237 -1.4021125609126237 -1.3953905826321193 -1.3794454758871408 -1.3643309938462962 -1.3499937042417205 -1.3366491876381308 -1.3243856243765033 -1.3133250921541744 -1.3035978768519416 -1.2953344874395316 -1.2886594315373516 -1.2836837321334158 -1.2804969249863156 -1.2791596600378088 -1.279698198639603 -1.282101905917268 -1.2863242754244089 -1.292287263949993 -1.2998880377644326 -1.3090068717966197 -1.3195149698251285 -1.331281288068354 -1.3441778698117306
-1.4021125609126237 -1.4021125609126237 -1.4021125609126237 -1.4021125609126237 -1.4021125609126237 -1.4021125609126237 -1.4021125609126237 -1.4021125609126237 -1.4021125609126237 -1.4021125609126237 -1.4021125609126237 -1.4021125609126237 -1.4021125609126237 -1.4021125609126237 -1.4021125609126237 -1.4021125609126237 -1.4021125609126237 -1.4021125609126237 -1.4021125609126237 -1.4021125609126237 -1.4021125609126237 -1.4021125609126237 -1.4021125609126237 -1.396673589210793 -1.3793984518615494 -1.362795209215691 -1.3469216747768278 -1.3318790356802945 -1.3177842550601186 -1.3047695608053078 -1.2929775356262088 -1.2825577002313737 -1.2736694746726456 -1.2664536104051338 -1.2610595923107788 -1.2575961134884623 -1.2561406341297938 -1.2567269325775068 -1.2593413124999613 -1.2639241570849231 -1.2703764359149416 -1.2785695973912643 -1.2883567427320741 -1.2995831656011723 -1.312094995883921 -1.3257454380787663
-1.4021125609126237 -1.4021125609126237 -1.4021125609126237 -1.4021125609126237 -1.4021125609126237 -1.4021125609126237 -1.4021125609126237 -1.4021125609126237 -1.4021125609126237 -1.4021125609126237 -1.4021125609126237 -1.4021125609126237 -1.4021125609126237 -1.4021125609126237 -1.4021125609126237 -1.4021125609126237 -1.4021125609126237 -1.4021125609126237 -1.4021125609126237 -1.4021125609126237 -1.4021125609126237 -1.4021125609126237 -1.4008162871761096 -1.3821203896935736 -1.3641993865718984 -1.3468820612949406 -1.330236062836987 -1.3144032773858325 -1.2994968735645536 -1.285658431631006 -1.2731553627595984 -1.2622466863745965 -1.2527415903735837 -1.2448730390544704 -1.238512081357473 -1.234718887909004 -1.2331223490587622 -1.2337656881441654 -1.2366308549484522 -1.2416397521928773 -1.2486643400495987 -1.2575415431159407 -1.2680893281857961 -1.2801209490942278 -1.2934557109247087 -1.3079259182991854
-1.4021125609126237 -1.4021125609126237 -1.4021125609126237 -1.4021125609126237 -1.4021125609126237 -1.4021125609126237 -1.4021125609126237 -1.4021125609126237 -1.4021125609126237 -1.4021125609126237 -1.4021125609126237 -1.4021125609126237 -1.4021125609126237 -1.4021125609126237 -1.4021125609126237 -1.4021125609126237 -1.4021125609126237 -1.4021125609126237 -1.4021125609126237 -1.4021125609126237 -1.4021125609126237 -1.4021125609126237 -1.3876265086974762 -1.3684507248300894 -1.3498650364100786 -1.331776890748404 -1.3143466113451654 -1.2976925967736785 -1.2820440588604842 -1.2676365470556672 -1.2542460070175265 -1.2423000086091094 -1.2318886884209552 -1.2233491263858718 -1.216449098912486 -1.2118947194864622 -1.2101050450449182 -1.210817696074999 -1.2139862862102095 -1.219505852343662 -1.227207248276717 -1.236880298367811 -1.2482972964040988 -1.2612321596963225 -1.2754733504655615 -1.290830896327319
-1.4021125609126237 -1.4021125609126237 -1.4021125609126237 -1.4021125609126237 -1.4021125609126237 -1.4021125609126237 -1.4021125609126237 -1.4021125609126237 -1.4021125609126237 -1.4021125609126237 -1.4021125609126237 -1.4021125609126237 -1.4021125609126237 -1.4021125609126237 -1.4021125609126237 -1.4021125609126237 -1.4021125609126237 -1.4021125609126237 -1.4021125609126237 -1.4021125609126237 -1.4021125609126237 -1.3967926298306992 -1.3755839493978566 -1.3557484040529788 -1.3364477390511846 -1.3176141832719452 -1.299453900884117 -1.2820636192579906 -1.266104617059274 -1.2507457649948504 -1.2361409966098227 -1.2232000676669759 -1.211227585986278 -1.2012517814331347 -1.1939962322220599 -1.1892222380526576 -1.187113872742492 -1.1878877394541771 -1.1914306458104604 -1.1975723252110004 -1.2060837373474458 -1.2166894467070641 -1.2291023650890152 -1.2430489720293683 -1.2582836579352716 -1.2745943223197662
-1.4021125609126237 -1.4021125609126237 -1.4021125609126237 -1.4021125609126237 -1.4021125609126237 -1.4021125609126237 -1.4021125609126237 -1.4021125609126237 -1.4021125609126237 -1.4021125609126237 -1.4021125609126237 -1.4021125609126237 -1.4021125609126237 -1.4021125609126237 -1.4021125609126237 -1.4021125609126237 -1.4021125609126237 -1.4021125609126237 -1.4021125609126237 -1.4021125609126237 -1.4021125609126237 -1.3858842576159138 -1.3649574503866055 -1.3444436097683927 -1.3242827562032422 -1.304842016392215 -1.2865109357720077 -1.2689380831564008 -1.2520031258299344 -1.2355420139675874 -1.2193872504699415 -1.2038857369711216 -1.1908196747823565 -1.1797693502830262 -1.1716699944757043 -1.1666650679262234 -1.1643727486953543 -1.1649849640821703 -1.1689989517817037 -1.1759129372782107 -1.185406125070625 -1.1971115246325494 -1.2106656253332726 -1.2257398230313157 -1.2420535954532115 -1.2593757003956503
-1.4021125609126237 -1.4021125609126237 -1.4021125609126237 -1.4021125609126237 -1.4021125609126237 -1.4021125609126237 -1.4021125609126237 -1.4021125609126237 -1.4021125609126237 -1.4021125609126237 -1.4021125609126237 -1.4021125609126237 -1.4021125609126237 -1.4021125609126237 -1.4021125609126237 -1.4021125609126237 -1.4021125609126237 -1.4021125609126237 -1.4021125609126237 -1.4021125609126237 -1.3980192901147044 -1.3763022265810212 -1.354985553521348 -1.3339539106559934 -1.313280021886412 -1.2933928308909615 -1.274751266311185 -1.2570028717919888 -1.2391420268110995 -1.2216131131184607 -1.2045003263296323 -1.187495519203058 -1.1719556342597608 -1.15954407654879 -1.1501718171798958 -1.1437390959741984 -1.1410964476566003 -1.1421892392829234 -1.1467469675884536 -1.1546408282543903 -1.165338943343256 -1.1783453103036179 -1.1932010864493894 -1.209518527687467 -1.2269865399864133 -1.2453623354162238
-1.4021125609126237 -1.4021125609126237 -1.4021125609126237 -1.4021125609126237 -1.4021125609126237 -1.4021125609126237 -1.4021125609126237 -1.4021125609126237 -1.4021125609126237 -1.4021125609126237 -1.4021125609126237 -1.4021125609126237 -1.4021125609126237 -1.4021125609126237 -1.4021125609126237 -1.4021125609126237 -1.4021125609126237 -1.4021125609126237 -1.4021125609126237 -1.4021125609126237 -1.3905055899082004 -1.3683579295145973 -1.3463319292517815 -1.3250209456922386 -1.303933429797081 -1.2841647724236271 -1.264609765975837 -1.2452726562661522 -1.2262073472219603 -1.2076038793570338 -1.1901415021935902 -1.1741682147341972 -1.1585562033894456 -1.1441118075328514 -1.1298890498868888 -1.122089757850505 -1.1194510700767002 -1.1201744152451971 -1.124768725629125 -1.133936786573718 -1.1461290534492048 -1.1606704915796164 -1.1769921902445397 -1.1946532982029634 -1.213325796901468 -1.2327693640510309
-1.4021125609126237 -1.4021125609126237 -1.4021125609126237 -1.4021125609126237 -1.4021125609126237 -1.4021125609126237 -1.4021125609126237 -1.4021125609126237 -1.4021125609126237 -1.4021125609126237 -1.4021125609126237 -1.4021125609126237 -1.4021125609126237 -1.4021125609126237 -1.4021125609126237 -1.4021125609126237 -1.4021125609126237 -1.4021125609126237 -1.4021125609126237 -1.4021125609126237 -1.38417095506649 -1.3614681483915847 -1.3390140238252448 -1.3173007750466075 -1.2963440911492166 -1.2755478379755814 -1.2569401767866875 -1.2376975321910664 -1.2172689409833475 -1.1966027874389966 -1.1758539143843476 -1.1597950667979848 -1.1421301778222208 -1.1268215120205978 -1.1129236120333825 -1.1058402578671502 -1.1012246088526683 -1.099056679832845 -1.1032372620869335 -1.114102872645174 -1.1281541033420601 -1.1444803651118545 -1.1624087983592106 -1.1814725031355287 -1.2013537860951757 -1.2218357305942553
-1.4021125609126237 -1.4021125609126237 -1.4021125609126237 -1.4021125609126237 -1.4021125609126237 -1.4021125609126237 -1.4021125609126237 -1.4021125609126237 -1.4021125609126237 -1.4021125609126237 -1.4021125609126237 -1.4021125609126237 -1.4021125609126237 -1.4021125609126237 -1.4021125609126237 -1.4021125609126237 -1.4021125609126237 -1.4021125609126237 -1.4021125609126237 -1.4021125609126237 -1.3795339063634482 -1.3564686738366922 -1.3341339303860291 -1.311615793743787 -1.2914786069502657 -1.2728307790909452 -1.2527501046252651 -1.2319644926439275 -1.2111554262779147 -1.189827078797014 -1.166078882039607 -1.14471118329169 -1.1261887693348216 -1.1096360915965024 -1.0960292377789191 -1.086720803125321 -1.0823964063392368 -1.0786270284459625 -1.0824844803656353 -1.095665988693788 -1.1119953769688975 -1.1303175143584612 -1.1499171149931253 -1.1703610904680843 -1.1913830118242312 -1.2128139456645983
-1.4021125609126237 -1.4021125609126237 -1.4021125609126237 -1.4021125609126237 -1.4021125609126237 -1.4021125609126237 -1.4021125609126237 -1.4021125609126237 -1.4021125609126237 -1.4021125609126237 -1.4021125609126237 -1.4021125609126237 -1.4021125609126237 -1.4021125609126237 -1.4021125609126237 -1.4021125609126237 -1.4021125609126237 -1.4021125609126237 -1.4021125609126237 -1.4011450907947762 -1.3766031510286303 -1.3540763310647503 -1.3310163069483005 -1.3111778270442818 -1.2912669523720637 -1.270753057207863 -1.2480396486132406 -1.226368884115254 -1.2068375582388897 -1.1848629303176899 -1.1603292697547156 -1.1373114809039684 -1.1181835459268565 -1.1029824225700298 -1.0815235397067573 -1.0645691016765189 -1.0553002382675625 -1.057214542208526 -1.0632656552205084 -1.0795689615006425 -1.0985250441411807 -1.1188914878724658 -1.1400666424410963 -1.1617386858615573 -1.1837345636586478 -1.2059519639113159
-1.4021125609126237 -1.4021125609126237 -1.4021125609126237 -1.4021125609126237 -1.4021125609126237 -1.4021125609126237 -1.4021125609126237 -1.4021125609126237 -1.4021125609126237 -1.4021125609126237 -1.4021125609126237 -1.4021125609126237 -1.4021125609126237 -1.4021125609126237 -1.4021125609126237 -1.4021125609126237 -1.4021125609126237 -1.4021125609126237 -1.4021125609126237 -1.4011079917461466 -1.3762718280387936 -1.353499464685535 -1.3318907347887585 -1.3116331373746983 -1.2916840849385518 -1.270262118164447 -1.2478496103689365 -1.2253148357047743 -1.2052778953538 -1.1832851938935025 -1.1598959244245224 -1.1381867573351878 -1.1139082986642568 -1.0852859860322843 -1.0624982417256694 -1.0412361585294263 -1.029389442370581 -1.0325352807878867 -1.047525579718271 -1.0674379887523655 -1.0889343724165623 -1.1110290187118734 -1.133431275772505 -1.1560129210393586 -1.1787167617760743 -1.2016748538900952
-1.4021125609126237 -1.4021125609126237 -1.4021125609126237 -1.4021125609126237 -1.4021125609126237 -1.4021125609126237 -1.4021125609126237 -1.4021125609126237 -1.4021125609126237 -1.4021125609126237 -1.4021125609126237 -1.4021125609126237 -1.4021125609126237 -1.4021125609126237 -1.4021125609126237 -1.4021125609126237 -1.4021125609126237 -1.4021125609126237 -1.4021125609126237 -1.4017376217675521 -1.3775080033154077 -1.3557431448911332 -1.3329458311214595 -1.3128893068290683 -1.2914428585917503 -1.2695311829757314 -1.248896787839077 -1.2293731787402964 -1.20753521904267 -1.183167704365221 -1.16103811363823 -1.129071852025882 -1.100520066390252 -1.075056821839465 -1.0504454841326833 -1.0273430835431856 -1.0048195736652785 -1.0162709360559539 -1.038678934807825 -1.0615542570739211 -1.0845104733103774 -1.1074944449442876 -1.130491821199897 -1.1535644491648402 -1.1770976465200513 -1.2010965216161806
-1.4021125609126237 -1.4021125609126237 -1.4021125609126237 -1.4021125609126237 -1.4021125609126237 -1.4021125609126237 -1.4021125609126237 -1.4021125609126237 -1.4021125609126237 -1.4021125609126237 -1.4021125609126237 -1.4021125609126237 -1.4021125609126237 -1.4021125609126237 -1.4021125609126237 -1.4021125609126237 -1.4021125609126237 -1.4021125609126237 -1.4021125609126237 -1.4021125609126237 -1.3814487168688465 -1.3581960433962228 -1.3394498034545685 -1.3179900071828026 -1.2957388404621857 -1.2744422453159348 -1.2534466170335739 -1.2305747205270947 -1.2081699834211055 -1.179022115933038 -1.1493693373729754 -1.1238764928681995 -1.097243009913804 -1.0736745399276917 -1.0510078529857259 -1.030087526337569 -1.0159282883949858 -1.0222511049292007 -1.0417829697074419 -1.0635982997600384 -1.0860414195882717 -1.1088686445718814 -1.1319831728767056 -1.1551733947768776 -1.178351790844345 -1.2032234841900462
-1.4021125609126237 -1.4021125609126237 -1.4021125609126237 -1.4021125609126237 -1.4021125609126237 -1.4021125609126237 -1.4021125609126237 -1.4021125609126237 -1.4021125609126237 -1.4021125609126237 -1.4021125609126237 -1.4021125609126237 -1.4021125609126237 -1.4021125609126237 -1.4021125609126237 -1.4021125609126237 -1.4021125609126237 -1.4021125609126237 -1.4021125609126237 -1.4021125609126237 -1.3885089111612763 -1.3675447109695718 -1.3451121722393364 -1.3232949801170446 -1.3027765864217038 -1.2805364960958434 -1.2578455479033577 -1.2292481457264774 -1.2057273184771415 -1.1743328897732404 -1.1490596539029985 -1.1253245820616813 -1.1024228422133888 -1.0814072549995415 -1.0622460463799421 -1.0464256928086886 -1.0378114179039075 -1.041471518360886 -1.0549434342442212 -1.073688852187017 -1.0939875480097494 -1.1157071958157128 -1.1386284054748552 -1.161129859242459 -1.1841146905973898 -1.2090101171571201
-1.4021125609126237 -1.4021125609126237 -1.4021125609126237 -1.4021125609126237 -1.4021125609126237 -1.4021125609126237 -1.4021125609126237 -1.4021125609126237 -1.4021125609126237 -1.4021125609126237 -1.4021125609126237 -1.4021125609126237 -1.4021125609126237 -1.4021125609126237 -1.4021125609126237 -1.4021125609126237 -1.4021125609126237 -1.4021125609126237 -1.4021125609126237 -1.4021125609126237 -1.3968506066744004 -1.3759626262840168 -1.3534107106000015 -1.331248367214063 -1.3083652630989482 -1.2807936248222747 -1.253169300404762 -1.2272850512596367 -1.2036732293777466 -1.1776504296762795 -1.1545854760401193 -1.1333512063617857 -1.1132580198923616 -1.0947401960484724 -1.0789727719884936 -1.0669999883697618 -1.0608132959275247 -1.0630506215681497 -1.0735615825156293 -1.0894983405068022 -1.1085960450322476 -1.1286723512680465 -1.1497731159798465 -1.1719247745052668 -1.193912977190535 -1.2172095158064415
-1.4021125609126237 -1.4021125609126237 -1.4021125609126237 -1.4021125609126237 -1.4021125609126237 -1.4021125609126237 -1.4021125609126237 -1.4021125609126237 -1.4021125609126237 -1.4021125609126237 -1.4021125609126237 -1.4021125609126237 -1.4021125609126237 -1.4021125609126237 -1.4021125609126237 -1.4021125609126237 -1.4021125609126237 -1.4021125609126237 -1.4021125609126237 -1.4021125609126237 -1.4021125609126237 -1.384530964045794 -1.3638472997654487 -1.3377760476011862 -1.3062996038809394 -1.2799781104972514 -1.2543431444449862 -1.2300280166399387 -1.2070664694774849 -1.1853955762265818 -1.1652607320458084 -1.146163406937277 -1.1285566994097922 -1.1119069847488094 -1.0984919182007042 -1.0880503495437983 -1.0840806089364157 -1.0874696493389027 -1.096947982193741 -1.1103905962525864 -1.1274362883857665 -1.146047170400698 -1.1652632086153945 -1.1856934540982207 -1.206799712868748 -1.2301103154087116
