output/Mappa_Temperature_20070102_0500.asc
NCOLS 153
NROWS 173
XLLCORNER 628082.1585431173
YLLCORNER 5141515.270487413
CELLSIZE 30.005356186399773
NODATA_VALUE -9999
[rows 126 to 146 of 173, columns 48 to 95 of 153]
-5.635322142008097 -5.635322142008097 -5.635322142008097 -5.635322142008097 -5.635322142008097 -5.635322142008097 -5.635322142008097 -5.635322142008097 -5.635322142008097 -5.635322142008097 -5.635322142008097 -5.635322142008097 -5.635322142008097 -5.635322142008097 -5.635322142008097 -5.635322142008097 -5.635322142008097 -5.635322142008097 -5.635322142008097 -5.635322142008097 -5.635322142008097 -5.635322142008097 -5.635322142008097 -5.635322142008097 -5.635322142008097 -5.635322142008097 -5.635322142008097 -5.635322142008097 -5.636777849502608 -5.639349881965199 -5.641480431846789 -5.643184168681149 -5.644443701584173 -5.645245564152758 -5.645580899637644 -5.645445936679766 -5.644842197994009 -5.643776415670688 -5.642260163857474 -5.640309254282484 -5.637942964992151 -5.635322142008097 -5.635322142008097 -5.635322142008097 -5.635322142008097 -5.635322142008097 -5.635322142008097 -5.635322142008097
-5.635322142008097 -5.635322142008097 -5.635322142008097 -5.635322142008097 -5.635322142008097 -5.635322142008097 -5.635322142008097 -5.635322142008097 -5.635322142008097 -5.635322142008097 -5.635322142008097 -5.635322142008097 -5.635322142008097 -5.635322142008097 -5.635322142008097 -5.635322142008097 -5.635322142008097 -5.635322142008097 -5.635322142008097 -5.635322142008097 -5.635322142008097 -5.635322142008097 -5.635322142008097 -5.635322142008097 -5.635322142008097 -5.635322142008097 -5.637395394563961 -5.640847571424811 -5.643929163280936 -5.646612377053334 -5.648870712341338 -5.650680020480672 -5.652019622592259 -5.652873386509116 -5.65323064533582 -5.653086843228005 -5.652443820626632 -5.651309698348876 -5.64969837716607 -5.6476287225650195 -5.645123540644459 -5.642208463989143 -5.638910856910784 -5.635322142008097 -5.635322142008097 -5.635322142008097 -5.635322142008097 -5.635322142008097
-5.635322142008097 -5.635322142008097 -5.635322142008097 -5.635322142008097 -5.635322142008097 -5.635322142008097 -5.635322142008097 -5.635322142008097 -5.635322142008097 -5.635322142008097 -5.635322142008097 -5.635322142008097 -5.635322142008097 -5.635322142008097 -5.635322142008097 -5.635322142008097 -5.635322142008097 -5.635322142008097 -5.635322142008097 -5.635322142008097 -5.635322142008097 -5.635322142008097 -5.635322142008097 -5.635322142008097 -5.635779968297293 -5.640088412664091 -5.64407853378536 -5.647719405145272 -5.650978942903165 -5.65382501576419 -5.656226561602657 -5.6581549146939745 -5.6595852558905415 -5.660498048986791 -5.6608802925509085 -5.660726413354784 -5.660038664298108 -5.658826962467816 -5.657108193763726 -5.654905093817351 -5.652244868392482 -5.649157729866765 -5.645675503853075 -5.641830415353892 -5.637654113146724 -5.635322142008097 -5.635322142008097 -5.635322142008097
-5.635322142008097 -5.635322142008097 -5.635322142008097 -5.635322142008097 -5.635322142008097 -5.635322142008097 -5.635322142008097 -5.635322142008097 -5.635322142008097 -5.635322142008097 -5.635322142008097 -5.635322142008097 -5.635322142008097 -5.635322142008097 -5.635322142008097 -5.635322142008097 -5.635322142008097 -5.635322142008097 -5.635322142008097 -5.635322142008097 -5.635322142008097 -5.635322142008097 -5.635322142008097 -5.637099114885479 -5.641918205692991 -5.646442792502963 -5.65064534614367 -5.65449321438657 -5.657949816178305 -5.660977892838339 -5.6635408351127365 -5.665604344836756 -5.667138329070522 -5.668118841396547 -5.668529818986387 -5.668364345382376 -5.667625218700491 -5.666324719974917 -5.6644836250152215 -5.6621296377636705 -5.659295502848626 -5.656017064104509 -5.652331486417112 -5.6482757787230735 -5.643885675149372 -5.639194867944158 -5.635322142008097 -5.635322142008097
-5.635322142008097 -5.635322142008097 -5.635322142008097 -5.635322142008097 -5.635322142008097 -5.635322142008097 -5.635322142008097 -5.635322142008097 -5.635322142008097 -5.635322142008097 -5.635322142008097 -5.635322142008097 -5.635322142008097 -5.635322142008097 -5.635322142008097 -5.635322142008097 -5.635322142008097 -5.635322142008097 -5.635322142008097 -5.635322142008097 -5.635322142008097 -5.635322142008097 -5.637555844680438 -5.642854378246133 -5.647876896546087 -5.652641155037791 -5.657075516643073 -5.661150679175124 -5.664826076409634 -5.668058414555993 -5.670804325691511 -5.6730224361323 -5.674675853116345 -5.675734824053717 -5.676179195065416 -5.676000239546107 -5.675201491447609 -5.673798404787978 -5.671816913201878 -5.669291188173809 -5.666261014154135 -5.662769189922034 -5.658859261117323 -5.65457374755239 -5.6499529017481835 -5.645033948439005 -5.639850711563981 -5.635322142008097
-5.635322142008097 -5.635322142008097 -5.635322142008097 -5.635322142008097 -5.635322142008097 -5.635322142008097 -5.635322142008097 -5.635322142008097 -5.635322142008097 -5.635322142008097 -5.635322142008097 -5.635322142008097 -5.635322142008097 -5.635322142008097 -5.635322142008097 -5.635322142008097 -5.635322142008097 -5.635322142008097 -5.635322142008097 -5.635322142008097 -5.635322142008097 -5.637129503638588 -5.642870004254911 -5.648387235331842 -5.653661985534247 -5.658660630538283 -5.663344303680861 -5.667669065845159 -5.671587537023696 -5.675050031723261 -5.678003574914637 -5.680401395113548 -5.682193818731898 -5.6833447272261175 -5.68382838069796 -5.68363355465795 -5.68276480037526 -5.681241928421623 -5.679097846446951 -5.676375271942703 -5.673123019140011 -5.669392496707901 -5.665234835440297 -5.660698815248479 -5.6558295662059885 -5.65066790916693 -5.645250165933227 -5.639608279638548
-5.635322142008097 -5.635322142008097 -5.635322142008097 -5.635322142008097 -5.635322142008097 -5.635322142008097 -5.635322142008097 -5.635322142008097 -5.635322142008097 -5.635322142008097 -5.635322142008097 -5.635322142008097 -5.635322142008097 -5.635322142008097 -5.635322142008097 -5.635322142008097 -5.635322142008097 -5.635322142008097 -5.635322142008097 -5.635322142008097 -5.635752891705364 -5.641965508650248 -5.647920629433679 -5.653675149031163 -5.659206587796329 -5.664467797175046 -5.66942117141418 -5.674019663619624 -5.678174413484196 -5.681799349265916 -5.684957877522384 -5.687572584588603 -5.689686320696268 -5.690946792835427 -5.691477320151558 -5.691263539598524 -5.690311449234593 -5.688647000661047 -5.686312741308676 -5.683362860873962 -5.6798578487012525 -5.67585976024361 -5.6714286401338905 -5.666620213279029 -5.661484673903515 -5.65606628838941 -5.650403528325195 -5.644529504938874
-5.635322142008097 -5.635322142008097 -5.635322142008097 -5.635322142008097 -5.635322142008097 -5.635322142008097 -5.635322142008097 -5.635322142008097 -5.635322142008097 -5.635322142008097 -5.635322142008097 -5.635322142008097 -5.635322142008097 -5.635322142008097 -5.635322142008097 -5.635322142008097 -5.635322142008097 -5.635322142008097 -5.635322142008097 -5.635322142008097 -5.640135834078266 -5.64650791650423 -5.652683911153238 -5.658694573136399 -5.664486627210073 -5.670020729716993 -5.6752207139324105 -5.68000830714937 -5.684457962268618 -5.688427598505932 -5.691887263615887 -5.694724946473883 -5.697017814609335 -5.698531227636019 -5.699125933601418 -5.6988891207996 -5.6978362033462515 -5.6960020603145445 -5.693442898716781 -5.6902285595837805 -5.686434709327262 -5.682136474864636 -5.677404149862799 -5.672300861842432 -5.666881729509375 -5.661193981150797 -5.655277599548889 -5.649166193342543
-5.635322142008097 -5.635322142008097 -5.635322142008097 -5.635322142008097 -5.635322142008097 -5.635322142008097 -5.635322142008097 -5.635322142008097 -5.635322142008097 -5.635322142008097 -5.635322142008097 -5.635322142008097 -5.635322142008097 -5.635322142008097 -5.635322142008097 -5.635322142008097 -5.635322142008097 -5.635322142008097 -5.635322142008097 -5.63708994663026 -5.644137557345875 -5.650728877459593 -5.657142457687543 -5.663400818265092 -5.669435451167418 -5.6752142140434865 -5.680517365046315 -5.685621087115747 -5.690474228380017 -5.694774478448674 -5.698752915035172 -5.7020678589935265 -5.704478866435954 -5.706065257091941 -5.706765863525212 -5.706508708849935 -5.705331406712725 -5.703290536433587 -5.700462207742061 -5.696937947420154 -5.692813154419583 -5.688178719154717 -5.68311625730192 -5.677696249515071 -5.6719780525656756 -5.666010896085187 -5.659835267028127 -5.653484339745209
-5.635322142008097 -5.635322142008097 -5.635322142008097 -5.635322142008097 -5.635322142008097 -5.635322142008097 -5.635322142008097 -5.635322142008097 -5.635322142008097 -5.635322142008097 -5.635322142008097 -5.635322142008097 -5.635322142008097 -5.635322142008097 -5.635322142008097 -5.635322142008097 -5.635322142008097 -5.635322142008097 -5.635322142008097 -5.640714781336704 -5.647668726035891 -5.654485442588202 -5.661184862105199 -5.66764498896907 -5.673736377851882 -5.67957580877686 -5.685203268113629 -5.690673269357659 -5.696041471528208 -5.70119259976499 -5.70553443141189 -5.709206436636308 -5.711897839666214 -5.7135609687841535 -5.714322702812171 -5.714119264614586 -5.712785422897601 -5.710487916533308 -5.707333345355578 -5.7034436597316045 -5.69893965366478 -5.693930521787751 -5.68850948120502 -5.682753373332314 -5.676724280095287 -5.670471851959084 -5.664035654950178 -5.657447240326163
-5.635322142008097 -5.635322142008097 -5.635322142008097 -5.635322142008097 -5.635322142008097 -5.635322142008097 -5.635322142008097 -5.635322142008097 -5.635322142008097 -5.635322142008097 -5.635322142008097 -5.635322142008097 -5.635322142008097 -5.635322142008097 -5.635322142008097 -5.635322142008097 -5.635322142008097 -5.635322142008097 -5.63668232937235 -5.643898874982352 -5.650982371475791 -5.657971152889791 -5.664841053187795 -5.671449535068918 -5.677644097276789 -5.683541860496635 -5.689476990825731 -5.695301820916618 -5.700988372700392 -5.706639043014443 -5.7118029220210875 -5.715927262872853 -5.719041649728117 -5.721179232735387 -5.722057380560741 -5.721694247644479 -5.720179721790474 -5.717556604468634 -5.71400163787013 -5.709679642852512 -5.704743092109289 -5.699320832384786 -5.693516239729992 -5.687409992187195 -5.681064276565132 -5.674526883675372 -5.667834640614373 -5.661016097640529
-5.635322142008097 -5.635322142008097 -5.635322142008097 -5.635322142008097 -5.635322142008097 -5.635322142008097 -5.635322142008097 -5.635322142008097 -5.635322142008097 -5.635322142008097 -5.635322142008097 -5.635322142008097 -5.635322142008097 -5.635322142008097 -5.635322142008097 -5.635322142008097 -5.635322142008097 -5.635322142008097 -5.63917911997924 -5.646538752239712 -5.653857957032568 -5.6609395629141765 -5.667946910846965 -5.674516004194357 -5.681014101679563 -5.687439792425882 -5.693775164244114 -5.699957066974342 -5.705759787082591 -5.711067685054781 -5.7162555315497015 -5.721055381278297 -5.725781580982641 -5.728373273299558 -5.7292501050425155 -5.729009738595545 -5.727483056575175 -5.724436524530949 -5.720385053674414 -5.71555295695285 -5.710129282492191 -5.704260524457414 -5.698055682891174 -5.69159461650721 -5.68493576318955 -5.678122166630516 -5.671185866514659 -5.66415100673183
-5.635322142008097 -5.635322142008097 -5.635322142008097 -5.635322142008097 -5.635322142008097 -5.635322142008097 -5.635322142008097 -5.635322142008097 -5.635322142008097 -5.635322142008097 -5.635322142008097 -5.635322142008097 -5.635322142008097 -5.635322142008097 -5.635322142008097 -5.635322142008097 -5.635322142008097 -5.635322142008097 -5.641284109044038 -5.648828215529261 -5.656289685346036 -5.663504963319011 -5.670468835987399 -5.677379397781902 -5.683562693947007 -5.689956994086424 -5.696745382395458 -5.703612712290442 -5.710507529746897 -5.71584385921295 -5.7217138736737665 -5.726800918928037 -5.731419168949977 -5.7337729562533655 -5.735306729066669 -5.73602712842575 -5.734637927603725 -5.731027302527621 -5.726358100955161 -5.720932910182026 -5.714975320379667 -5.708640481657089 -5.702033963006856 -5.695227845484115 -5.688272045319495 -5.681201772882352 -5.674042356302617 -5.666812368213593
-5.635322142008097 -5.635322142008097 -5.635322142008097 -5.635322142008097 -5.635322142008097 -5.635322142008097 -5.635322142008097 -5.635322142008097 -5.635322142008097 -5.635322142008097 -5.635322142008097 -5.635322142008097 -5.635322142008097 -5.635322142008097 -5.635322142008097 -5.635322142008097 -5.635322142008097 -5.635322142008097 -5.6428249929397545 -5.650489532958083 -5.657911332620337 -5.665394073547943 -5.672085628634433 -5.678282272120125 -5.684955048250114 -5.691862073993375 -5.698776893591287 -5.7058642694762955 -5.713755757420291 -5.720856209668633 -5.72701117831436 -5.732511606753079 -5.7370331425965855 -5.740126320600653 -5.741563310762518 -5.742815869030626 -5.741534043903879 -5.737153849688798 -5.731727619982931 -5.725639202921414 -5.719126286858966 -5.7123327863824445 -5.705347235410454 -5.6982257702416454 -5.691005190350112 -5.683704369861478 -5.676336533919063 -5.66892375489161
-5.635322142008097 -5.635322142008097 -5.635322142008097 -5.635322142008097 -5.635322142008097 -5.635322142008097 -5.635322142008097 -5.635322142008097 -5.635322142008097 -5.635322142008097 -5.635322142008097 -5.635322142008097 -5.635322142008097 -5.635322142008097 -5.635322142008097 -5.635322142008097 -5.635322142008097 -5.635643630786765 -5.64379887826788 -5.651284504649434 -5.6589473139213196 -5.665539609184367 -5.672155961113541 -5.678972695791396 -5.686520325277647 -5.693721485791853 -5.700211714260909 -5.707513848106494 -5.715666344421584 -5.723315118981973 -5.729671301297936 -5.734722610369148 -5.741853362953735 -5.747487295697326 -5.750567324239856 -5.749931204090371 -5.7479204288778565 -5.7425028661773565 -5.736203790119023 -5.729436053317391 -5.722399583193041 -5.715197997694935 -5.707888802549446 -5.700505995844925 -5.6930707972856105 -5.685583188635366 -5.678065544950408 -5.670521738843866
-5.635322142008097 -5.635322142008097 -5.635322142008097 -5.635322142008097 -5.635322142008097 -5.635322142008097 -5.635322142008097 -5.635322142008097 -5.635322142008097 -5.635322142008097 -5.635322142008097 -5.635322142008097 -5.635322142008097 -5.635322142008097 -5.635322142008097 -5.635322142008097 -5.635322142008097 -5.635655958741519 -5.643908976369499 -5.65147619642811 -5.658656742943178 -5.6653883102870255 -5.672017348626321 -5.679135834053296 -5.686583474683433 -5.694071744399219 -5.700729987752578 -5.708038127406408 -5.715810344384354 -5.723024266018476 -5.7310919591514615 -5.740603108034544 -5.748175439159455 -5.755240795528254 -5.759177440432219 -5.758132083338479 -5.75315083088826 -5.746533969093081 -5.739390755052099 -5.732048739292021 -5.724604504964749 -5.717100660222373 -5.709556210120056 -5.7019272726901695 -5.694186574280335 -5.686575193965527 -5.678934740541958 -5.671363309693111
-5.635322142008097 -5.635322142008097 -5.635322142008097 -5.635322142008097 -5.635322142008097 -5.635322142008097 -5.635322142008097 -5.635322142008097 -5.635322142008097 -5.635322142008097 -5.635322142008097 -5.635322142008097 -5.635322142008097 -5.635322142008097 -5.635322142008097 -5.635322142008097 -5.635322142008097 -5.635446733688608 -5.643498197294705 -5.650730625070695 -5.658306136112925 -5.66497088717882 -5.672097507757016 -5.679378722651893 -5.6862354992786015 -5.692723163474758 -5.699979882687412 -5.708077168989465 -5.71543079672851 -5.726053134529796 -5.735540847404369 -5.744002242997484 -5.752180551303698 -5.759857442210059 -5.767341968655318 -5.763536699178587 -5.7560905568964635 -5.7484891237551565 -5.740860809676395 -5.733223272523285 -5.725581281035735 -5.717914283525075 -5.710094239539865 -5.702119451583324 -5.69423436363802 -5.686720162997424 -5.679180315578945 -5.671667041663775
-5.635322142008097 -5.635322142008097 -5.635322142008097 -5.635322142008097 -5.635322142008097 -5.635322142008097 -5.635322142008097 -5.635322142008097 -5.635322142008097 -5.635322142008097 -5.635322142008097 -5.635322142008097 -5.635322142008097 -5.635322142008097 -5.635322142008097 -5.635322142008097 -5.635322142008097 -5.635322142008097 -5.642188704459718 -5.649915530805705 -5.656144876469546 -5.663275932578323 -5.670669959826342 -5.677746784461147 -5.684723598286604 -5.692323893053446 -5.6997689514958365 -5.709454741420225 -5.719308312489354 -5.727779544100018 -5.736629808050088 -5.7444615730743465 -5.751993677029866 -5.758945468242261 -5.763650560450383 -5.761549498590331 -5.75505909104504 -5.74780989162738 -5.74035207866754 -5.732766628176573 -5.7250857072497325 -5.717379633461759 -5.709677489379152 -5.701412665308961 -5.693453744382412 -5.68598890651643 -5.678492657077929 -5.6709721369065855
-5.635322142008097 -5.635322142008097 -5.635322142008097 -5.635322142008097 -5.635322142008097 -5.635322142008097 -5.635322142008097 -5.635322142008097 -5.635322142008097 -5.635322142008097 -5.635322142008097 -5.635322142008097 -5.635322142008097 -5.635322142008097 -5.635322142008097 -5.635322142008097 -5.635322142008097 -5.635322142008097 -5.639842613145493 -5.6468089834665065 -5.654263280344339 -5.661513098524801 -5.66833132805738 -5.675721674637072 -5.683261840567482 -5.692764711746032 -5.700580645164767 -5.711012963801689 -5.7194112198130025 -5.727298346368293 -5.734908558030071 -5.741892004176666 -5.7482592432710105 -5.753516321555845 -5.756378831381403 -5.755162585831259 -5.750685889648308 -5.744456817133379 -5.737711592853811 -5.730494188494254 -5.722877507045354 -5.715400309810405 -5.707762486973365 -5.699489776393964 -5.691763416349366 -5.684071481744536 -5.6766913642119805 -5.669367815299622
-5.635322142008097 -5.635322142008097 -5.635322142008097 -5.635322142008097 -5.635322142008097 -5.635322142008097 -5.635322142008097 -5.635322142008097 -5.635322142008097 -5.635322142008097 -5.635322142008097 -5.635322142008097 -5.635322142008097 -5.635322142008097 -5.635322142008097 -5.635322142008097 -5.635322142008097 -5.635322142008097 -5.637070681017477 -5.644011723619952 -5.651505689269321 -5.658870200664753 -5.666474219702087 -5.675636231170967 -5.684815750160502 -5.693417044909523 -5.701263215699676 -5.7099105505778125 -5.717574997921242 -5.7246311119023545 -5.731308045751257 -5.737461489109752 -5.742700979002326 -5.746679515922346 -5.748735343963516 -5.747991884217915 -5.744499108642396 -5.739203349354296 -5.732857212569254 -5.726185887995088 -5.719174137501638 -5.7118131766683335 -5.704506531950276 -5.69676512928706 -5.688581224822291 -5.681348086641077 -5.674177725352693 -5.6668170666615
-5.635322142008097 -5.635322142008097 -5.635322142008097 -5.635322142008097 -5.635322142008097 -5.635322142008097 -5.635322142008097 -5.635322142008097 -5.635322142008097 -5.635322142008097 -5.635322142008097 -5.635322142008097 -5.635322142008097 -5.635322142008097 -5.635322142008097 -5.635322142008097 -5.635322142008097 -5.635322142008097 -5.635322142008097 -5.641164478633823 -5.648037627318477 -5.6567010628728 -5.667160634968974 -5.675907225281796 -5.684425683656248 -5.692505561884073 -5.700135647421053 -5.707336850719647 -5.714027627359656 -5.720373638065062 -5.726224318923316 -5.731756992576827 -5.736214797816266 -5.739684514444187 -5.741003652922951 -5.739877480197028 -5.73672784529139 -5.732260886058032 -5.726596629721427 -5.720412263280961 -5.714026804399529 -5.707237866377513 -5.700224290217103 -5.6924782141343355 -5.684336220505457 -5.677232302024187 -5.670514868625196 -5.66307793881192
