output/Mappa_Temperature_20070701_1500.asc
NCOLS 153
NROWS 173
XLLCORNER 628082.1585431173
YLLCORNER 5141515.270487413
CELLSIZE 30.0
NODATA_VALUE -9999
[rows 105 to 125 of 173, columns 96 to 143 of 153]
10.872586773409365 10.891047600682901 10.907788520765823 10.924170487624679 10.94110376053874 10.96595414007884 10.985846893102662 11.008625466958005 11.025429720977073 11.040901737108005 11.0559716782783 11.070636874457383 11.085359038060684 11.099208143019833 11.112648195277972 11.125679011434801 11.140593006522192 11.156000918455316 11.17143934185925 11.185991165234318 11.200114074868878 11.214716603432413 11.229339015498127 11.243525755061604 11.257728315738868 11.270594044162525 11.28168624606347 11.292807949044773 11.29908637045233 11.30282093775378 11.307547608005256 11.31366690100253 11.32071594538463 11.326975985868865 11.320743182323532 11.312005243177625 11.324351438322594 11.335067071937047 11.34174659105907 11.35248570134701 11.364027261443029 11.378361983013159 11.394277872173362 11.402986670368604 -9999 -9999 -9999 -9999
10.876049589388867 10.892734054941803 10.91089375965834 10.931451888036237 10.952588865717471 10.971988317762113 10.995203165427473 11.016198924357072 11.031661642303709 11.047192730543744 11.06232072735901 11.07657736194211 11.08950036805417 11.102484871281781 11.115526186940881 11.126326871480508 11.14267664710384 11.159973277896063 11.175923562856903 11.190984460430984 11.205612814396359 11.219808070721642 11.234477138967566 11.24870867556447 11.262954262246668 11.275411017935399 11.285648880772376 11.295478374935952 11.30490352936398 11.3143681968263 11.311683229710145 11.320422407030705 11.32322017553399 11.327414750025213 11.322119467203558 11.317563733641991 11.327483315865834 11.337009120172398 11.349373877854594 11.358508830262 11.37126311599098 11.383603368597063 11.397927701256043 11.412230733434937 -9999 -9999 -9999 -9999
10.881410218737104 10.899061075820603 10.919570700631677 10.940206496444155 10.959573553166706 10.981364754925327 11.00561190367882 11.022469429448227 11.037993753128115 11.053586370438149 11.065975098705751 11.078437902006133 11.089583141182018 11.101723750104393 11.113010986856436 11.128013182204299 11.143052646950501 11.159948153960759 11.176413493251776 11.194268475296102 11.21031778856114 11.224108851367104 11.238373928372738 11.253106447916716 11.268300529358743 11.279000338497081 11.28794667718944 11.297830195091489 11.309074151058566 11.318578909098294 11.32201580167964 11.325577889159915 11.324576783228252 11.311272271291676 11.329856416450044 11.322016105023987 11.332366103544537 11.341506958011019 11.352678258904868 11.365857101915925 11.376210251310892 11.39016188158425 11.40209469361412 11.416405101734412 -9999 -9999 -9999 -9999
10.890042691440978 10.908675657363942 10.92604906171335 10.949528149517697 10.975968155810168 10.996479932377536 11.013796270208065 11.029310725931698 11.043960487971324 11.060086252417943 11.07113310291293 11.079949590736959 11.088415521189592 11.098815432404157 11.110202234480015 11.128002536861846 11.146292103640976 11.16370032337854 11.178856561230058 11.196308985750933 11.212868126554358 11.22807777662612 11.242847096358037 11.256723762206649 11.270612852378193 11.2809216805445 11.291265874847301 11.303416504291386 11.313370267391628 11.319845881187128 11.327698891294299 11.334306101187066 11.322686952087498 11.313713629926735 11.325276296183489 11.330271560376614 11.339406217533206 11.348151087845066 11.358525830778492 11.369704628271254 11.383282232122347 11.396438833800344 11.405981802536513 11.419502480107049 -9999 -9999 -9999 -9999
10.901067248131918 10.916097878017615 10.936767127307018 10.95663879939947 10.986930751468428 11.004704327103239 11.021149024011754 11.036729674983562 11.051442994372062 11.065757474603933 11.075001975337976 11.082044271309462 11.086026647906287 11.099258391960813 11.114356610912635 11.129040390152126 11.14693046028235 11.164848796866218 11.18415471459842 11.200297771440756 11.216002398146943 11.231266642238758 11.245637055952582 11.260018549234484 11.273958050834965 11.284320466145088 11.297834717201654 11.309130835322366 11.316472388200895 11.32256408078488 11.329166874694094 11.336696074321194 11.320128499549131 11.31546447131114 11.328297582281026 11.334971013451362 11.344128719004193 11.354514360913008 11.364093149980803 11.375283829521756 11.386465409712873 11.398834885249336 11.412781488225285 11.4263045265594 -9999 -9999 -9999 -9999
10.910828557238906 10.92869651787935 10.945753950623585 10.97837956218531 10.996137091404806 11.012568345246308 11.028139008816751 11.040959917249339 11.056215893811776 11.069663546094905 11.080848370441643 11.081504622837247 11.090625027130825 11.102562583563042 11.118181004022368 11.131121766265816 11.146359124309404 11.164782319930326 11.186400245341227 11.203962133936024 11.217910761719812 11.231877250336126 11.245407933992269 11.261197574990842 11.277886520353187 11.290089064731186 11.302751200186735 11.31364485037085 11.32147098112733 11.327601782069014 11.333374680547164 11.339654275602959 11.334542514503745 11.329350002258556 11.328990975550228 11.335720684860076 11.34857315944285 11.358979164352391 11.370592545000834 11.382595796895771 11.393780996267528 11.404954010734976 11.418904979094613 11.433227967391078 -9999 -9999 -9999 -9999
10.934279978205995 10.945195939414656 10.97226164267769 10.987151927798813 11.00356557109372 11.019597305679705 11.034293700712174 11.046241694746612 11.06016111942272 11.075560583746064 11.087747018054351 11.087988551500304 11.096258336180236 11.105091164362706 11.121682261229864 11.134694155387242 11.14999608993125 11.173447845827106 11.191957228006133 11.205046025702094 11.215459529997682 11.230844703298985 11.245340190597831 11.261630908006087 11.279262252398283 11.293310039126936 11.305131839689029 11.31563756228552 11.323087383896702 11.331901506847945 11.338583845525946 11.344897307554572 11.34151354532899 11.339659267785072 11.3409141912567 11.341499170574181 11.351527074135902 11.362766517372801 11.374800728245152 11.38923068046782 11.403231979870661 11.412797568135984 11.424353879782526 11.43748396694081 -9999 -9999 -9999 -9999
10.951016267293863 10.965274335281727 10.978223074264315 10.994138690725395 11.011105844005115 11.025788968901972 11.040087259429473 11.050224971731572 11.068457330945765 11.085341974512332 11.095239348860243 11.095519678392911 11.10658839701113 11.114092784183494 11.13029729420291 11.144269005861064 11.161437991063243 11.178628998444152 11.191318035691994 11.204935196469549 11.217674893156488 11.229543058567954 11.2449936938757 11.262671758653195 11.28168456718661 11.298012643232736 11.308103701370772 11.316898242193428 11.322669959626895 11.334599348649128 11.343930777683195 11.350706684084376 11.357961970857838 11.354725299300751 11.352997350929813 11.357215636529203 11.361919201473922 11.371132055785976 11.379946527283996 11.395994830039887 11.411611136602348 11.422775440652972 11.432323790308686 11.445052621996659 -9999 -9999 -9999 -9999
10.955972605787759 10.969830644394385 10.987148822819762 11.004099396199843 11.020195155963354 11.033522330722668 11.044102501367247 11.059513084537365 11.074996428577663 11.092432695315557 11.103803064366355 11.112922601479179 11.121222445208856 11.130091709833124 11.13860174523503 11.153995213441654 11.169414851111348 11.178984899776408 11.18951386881035 11.201872067461402 11.212479855260415 11.225332332740003 11.246597774528453 11.264319707200446 11.282480203626744 11.301522494389967 11.312110617373497 11.318318855585646 11.327216888630677 11.339619006940762 11.350716442995145 11.359233487086454 11.365642902570176 11.372529153009804 11.374423547180266 11.377690374277991 11.384342440508542 11.378824374773112 11.390867836958261 11.402085202425932 11.41730410592382 11.430079064251936 11.43922422094089 11.453947561695225 -9999 -9999 -9999 -9999
10.966784874869422 10.982633781044614 10.998120267998885 11.015641686659482 11.026540795746625 11.03899573189909 11.053453673279547 11.071319513161509 11.086877524403214 11.102025571368973 11.113924486121316 11.12542955016353 11.134211971019694 11.142636401915356 11.151163423437936 11.164334139464609 11.172101875923302 11.179964464032716 11.18702566206022 11.197708080798561 11.21150648936769 11.228393259256714 11.247925664808248 11.266574666354273 11.283004132820782 11.302521379042334 11.318923452768994 11.327361660793548 11.332783098843997 11.34391627098358 11.355915738893565 11.367476961466332 11.375177169922072 11.38248537512293 11.391094164241569 11.399298895472601 11.404606012254936 11.407495134695575 11.408441035895512 11.420439460839512 11.4259487357048 11.437112797680728 11.450260517697767 11.463777533654667 11.476461664325974 11.49151077798785 -9999 -9999
10.987495538917171 11.002445362023305 11.017516951784115 11.024441287967331 11.034446031282636 11.04650039924347 11.062472446407794 11.078998641571724 11.093688086768678 11.10891883709711 11.123732775297201 11.136709803034705 11.144589350213678 11.154906671555391 11.164375705853848 11.171639220843536 11.176302357196874 11.180675987626266 11.187850166765026 11.201259291026068 11.215997953518967 11.232935109149356 11.252510726617748 11.271202581320944 11.286352051656285 11.304577470444944 11.325000619519042 11.332158018424526 11.342863660212522 11.348365300522397 11.36083166039765 11.372424181285528 11.382722958118817 11.394726720239978 11.403318484716568 11.414455296767176 11.426841461665099 11.427501332731378 11.431598354267283 11.43780955517142 11.44405267234429 11.449113692854016 11.464266400458996 11.472944530656674 11.487222015589962 11.502664909044812 11.51606525421271 11.525835144616229
10.993746203707925 11.008786369006778 11.02394958957298 11.030951843817613 11.038640185166525 11.052226153564684 11.069245997777438 11.085863429897584 11.101593359178052 11.116907916940766 11.131327417300563 11.137783852007775 11.149984393035652 11.163636949695722 11.174547838279569 11.177273377874025 11.183366467037025 11.185571940302315 11.196355072752256 11.208053690455786 11.22152843430226 11.237637855460697 11.255496767273751 11.271149340822216 11.28942458684068 11.306365321716465 11.325047831303898 11.336671623201102 11.351354894338925 11.357736981914796 11.367195013097602 11.37924262840613 11.391704013972781 11.403718462463063 11.415714592636908 11.42769090639384 11.44049232625682 11.449472158954778 11.454690326781119 11.458715457314312 11.471450316789257 11.480040021959244 11.488219586520467 11.495587912631741 11.509844999223112 11.515174149648134 11.529361273568488 11.536289941176685
11.000109809269409 11.015245674857798 11.030505658183845 11.038075930117344 11.049696303137711 11.062879460841677 11.076160389839412 11.093351212960478 11.109171953387827 11.123620333671933 11.133858059879826 11.144188262883473 11.155535348105392 11.17066608064634 11.179797813323484 11.18901071435257 11.19511684226045 11.197314727491491 11.205024849967849 11.217213646538081 11.22853872353162 11.243382919223382 11.256470191006251 11.273920032096292 11.29135477693661 11.308771300070676 11.327043932243463 11.343977025429565 11.357376926649614 11.368141155093804 11.380204372845663 11.393117242439379 11.402991296583211 11.41200929994401 11.422736863738653 11.434300532966832 11.447536109891502 11.463700192476013 11.471384346047124 11.479917873407137 11.4934541678539 11.50487121061766 11.512533251288456 11.519790269957713 11.529101800518957 11.540846906667914 11.541609791836287 11.546484713622817
11.00659230144782 11.021829545971851 11.037191689827404 11.047773282767858 11.0585018054402 11.072738902040282 11.08706549436095 11.100512637612443 11.116428070050036 11.130012121233351 11.141758826909678 11.15216384921915 11.166864336423837 11.179726605766254 11.189841239767066 11.198639833729871 11.20478345096541 11.213300417248472 11.21653161116012 11.223455653935092 11.234400139776277 11.2453634317912 11.259383276936505 11.274261185415721 11.288254517028195 11.307872686129155 11.329659815818102 11.347936975961407 11.360065914320023 11.373919726083805 11.388181059378391 11.40197884361939 11.413586787083736 11.427328181618272 11.438461034808302 11.447868627824445 11.460672101380037 11.473443758089234 11.484913637253273 11.496779111331486 11.511138168454565 11.525035372824599 11.53721473900627 11.5406122226293 11.553161611118275 11.555376204830281 11.558078045323771 11.56772126055296
11.013200290744331 11.028544919094553 11.044014883340683 11.055184052493805 11.06697894548871 11.081314102287177 11.093807118915423 11.107833212495043 11.125286205000151 11.13847742554522 11.152682786552164 11.165036886594457 11.17462195264036 11.188028553364614 11.19357399221745 11.204767122314662 11.214631560571434 11.22183401281769 11.227784811870803 11.22899128243631 11.238249123519958 11.24797649456931 11.262485086936588 11.278710164868453 11.295347431994086 11.314131876933704 11.334202603354035 11.356445045947154 11.370782476230506 11.38247349475467 11.39545118831873 11.409268798784321 11.419598791261318 11.432496979642982 11.448370059113511 11.461625826636382 11.474418672787923 11.485472633568776 11.501604360114648 11.514288503592946 11.528632066667695 11.54208514624808 11.554230366805774 11.56297747953655 11.572551086209609 11.575048983473957 11.577621324802141 11.580670544061553
11.019941142661416 11.035399485982959 11.05098318193948 11.066679623201344 11.077083582055254 11.08811404871348 11.102159745574138 11.11676506319208 11.1328773273336 11.149039187589542 11.158551192650862 11.170526530232186 11.181147283851823 11.190435447124598 11.198417475990768 11.211074333145026 11.219647699957457 11.229193148694192 11.236993288433933 11.241760958544084 11.244031624664117 11.25338511731659 11.268373921756764 11.284639847683748 11.301314359063317 11.319262533210114 11.34197253894028 11.362932590003949 11.37992473404463 11.394253335483297 11.402452069609852 11.414989333655095 11.42663542406531 11.441699470423966 11.45758280504588 11.472131447144744 11.485350079606176 11.499814775741253 11.514663210065297 11.528611448040063 11.543795308392808 11.558079046687666 11.568493327103518 11.578460112131552 11.587984107776236 11.594561416563458 11.598660924244857 11.59705731508104
11.026823080605041 11.042401788340753 11.058105358973433 11.07392038365078 11.085410637909378 11.100929073327222 11.112144316798485 11.12733131965113 11.142577073987331 11.156428436551787 11.166030263010862 11.171016034872416 11.180838405921236 11.195370202662167 11.20806608458913 11.218486693528687 11.224401123884405 11.234031360497728 11.245046204029965 11.252966775888929 11.258745839139864 11.266355632222977 11.280947388016893 11.297689115709288 11.312663630296328 11.328912013359881 11.349918174007312 11.370470377579586 11.387926519900212 11.402714374213007 11.414844050876084 11.426078456237839 11.432974772505142 11.45020580609949 11.466960477246436 11.481513046554262 11.496881291931057 11.512201965415926 11.52661530721108 11.541839565335781 11.556585848865577 11.57171114523681 11.582942578449998 11.592866562710638 11.600654575568877 11.610119382295903 11.61956272270474 11.620674370902444
11.033855302621655 11.049561323637409 11.065391111725539 11.078861102845847 11.090972498844016 11.107590883853721 11.122326667149723 11.137616516768327 11.151506966172773 11.164970464728706 11.173700593605458 11.175953062656532 11.187743870730278 11.202824990603796 11.217915216213415 11.22839241594576 11.238452468131658 11.244476449328879 11.252395428510626 11.260818330207693 11.27237388074051 11.28129438826597 11.290241768595497 11.305716854738751 11.32116108873322 11.339182515206337 11.359791738284985 11.378186257365655 11.393913668693763 11.410474771249214 11.423930961377359 11.43560846348219 11.443364536616231 11.458447966416692 11.476506175782786 11.490629322896675 11.507292862432875 11.521749890505486 11.535728380134255 11.55051813758705 11.56568641187336 11.579945650472574 11.59501065931268 11.605753322184961 11.615614699506624 11.624182872189529 11.631476353813527 11.637933070209435
11.04104811308297 11.056888662102086 11.072851162884039 11.088920550001045 11.101626992839547 11.114929535721153 11.129294891510355 11.144699655334207 11.159184057100928 11.167459298579478 11.17966379603985 11.188610650688059 11.201865091854533 11.214208916649913 11.227043242692828 11.236660958536499 11.246785186811419 11.253770823979997 11.261286801982598 11.269755291687119 11.279587876967232 11.293390781469995 11.306291477186244 11.321798393439677 11.337270641272957 11.353582151854404 11.368540158672868 11.383021340142204 11.39877194065155 11.417975361681293 11.434946692689358 11.447060224544467 11.458270980436438 11.474223305620411 11.485357449085491 11.501209919587698 11.517010441588361 11.531031331521012 11.545864678018242 11.559785197321636 11.572368132160843 11.587047508351807 11.602529966138894 11.616246787135646 11.627355229251789 11.635458377010528 11.642707529578805 11.649116154760652
11.048413070063278 11.064395574651654 11.080497368695132 11.096702559997684 11.112996378636979 11.127881837953032 11.141362351089578 11.15589222059486 11.163195798709202 11.176882997510495 11.189175064842882 11.199142382255612 11.211530477002714 11.22582071105815 11.239181119445265 11.246985407337608 11.253954236272913 11.262367988112027 11.268143581392218 11.277562726613944 11.291868018300802 11.307474116698872 11.323046410780371 11.337256410262647 11.350110217660932 11.36293440628227 11.376602086431411 11.389794873729755 11.406001556465343 11.425219958449789 11.4443960279755 11.458701689404212 11.470776288914053 11.485425121463962 11.4982843045499 11.512399851320948 11.525599368983281 11.541343548907824 11.554010403997378 11.565771501572174 11.580493474074029 11.594303382741087 11.608060942309793 11.623047626187914 11.63541862168151 11.646043242319388 11.653672936712752 11.660033788083874
11.055963148483892 11.07209517068268 11.088342831919581 11.104689441691352 11.121119624517666 11.137619280822292 11.154175528034994 11.160466943809661 11.171779288968281 11.185087448128838 11.196043794890508 11.210380671309625 11.224256362920444 11.236728108285286 11.244548091412888 11.254296107744668 11.260426693413528 11.269368501463736 11.275660825838235 11.284692010151607 11.30037438258163 11.314250789221767 11.328977886688262 11.344990633877014 11.358316026580063 11.372483697738717 11.385294652149764 11.39981656642047 11.41647726488561 11.435716018087481 11.454030809980685 11.470097417969429 11.483916920919174 11.495502696455892 11.509662955390118 11.526383072898224 11.539998525407054 11.551827847042656 11.561456925149047 11.57406824844552 11.58834817920565 11.60171516563775 11.615029583770651 11.629572521473948 11.641500579195906 11.652957652956431 11.662678577273141 11.669002534104653
