output/Mappa_Temperature_20070701_1500.asc
NCOLS 153
NROWS 173
XLLCORNER 628082.1585431173
YLLCORNER 5141515.270487413
CELLSIZE 30.0
NODATA_VALUE -9999
[rows 105 to 125 of 173, columns 48 to 95 of 153]
10.372865317194563 10.378830802089006 10.378821385185685 10.380437328638058 10.37183224592191 10.373759700500473 10.362857511253564 10.367987462373684 10.364756469052523 10.361330379040863 10.370538297566952 10.377072527057368 10.38553041940173 10.394531625128806 10.404528788618531 10.414162646055829 10.42479345155807 10.432372960408848 10.435176669279679 10.445683118259522 10.457625090661228 10.471445809152124 10.489825576606707 10.502098770945985 10.517613589656344 10.530129748132698 10.543219956932912 10.553766547123464 10.561795761930162 10.57794437947482 10.590685353712804 10.603123900403578 10.615262941014311 10.631530077811458 10.645283246884384 10.66273669507345 10.678561912146955 10.695430115066396 10.71469974131024 10.729620906975661 10.741529170923899 10.757625567761327 10.78292910232429 10.801141394381448 10.814001161524187 10.821539303089205 10.834211263167054 10.85242805686199
10.389742900092001 10.38849095046237 10.390908457266962 10.390416809235226 10.388585068429038 10.378638684852596 10.383050317544942 10.379419428092568 10.375108494193139 10.373410824460281 10.37838446690339 10.38806138268231 10.398732651229066 10.408564297790306 10.416654446117763 10.42620943961114 10.433143034368658 10.442451191123718 10.449623620428765 10.45648312098015 10.470591285115109 10.490636414801509 10.504533167823167 10.520806852804114 10.529090071012597 10.538866787590056 10.551915314183017 10.565546324384687 10.58201017558479 10.594572916725893 10.605036688888422 10.617890518502119 10.632234803919863 10.644935699474438 10.657339284303394 10.669001677455507 10.685277220398815 10.705302087246578 10.72099469484629 10.733678713343885 10.751015456863795 10.774873272124138 10.79207420804118 10.804837654247045 10.812735694927934 10.822615146603196 10.837591946020021 10.858114597104379
10.39963802288848 10.400328893848155 10.401635136169078 10.401036837726773 10.4015785620825 10.398800570408197 10.391859163447487 10.390517160839739 10.390799282360453 10.38844495184049 10.387728539789773 10.39779622296334 10.408398618827436 10.42045941361146 10.429837919927039 10.44114296430981 10.4475051647019 10.45263869531473 10.461978307623186 10.47323139865936 10.489103572290803 10.505100230856486 10.520771777071303 10.5338387195254 10.543394411817935 10.554903587963283 10.567908337674233 10.5810519929032 10.592526700863296 10.606410513910012 10.620896393001201 10.627400964187721 10.640830996692156 10.6553142129767 10.66905182994688 10.685650005665387 10.704681639614456 10.720704173386519 10.73233035982814 10.748655914062036 10.76331169299095 10.78085199131659 10.795798333141658 10.804957368450019 10.813834561598933 10.826476310994028 10.845108125136123 10.862062712195813
10.406069143534518 10.408741347177388 10.40996822213677 10.410795463978456 10.411240113313298 10.410825056110731 10.407626002943314 10.403689300549233 10.39953908180566 10.398491020262744 10.400449751129779 10.409974679028949 10.419574884004023 10.430642741870427 10.441328113262708 10.450254938779976 10.459740780537974 10.46567199119087 10.473560003907886 10.48655606855843 10.505131602523432 10.518356043115253 10.529871075207348 10.541969028314798 10.55556777458098 10.56610420398904 10.577240425624055 10.589432011604812 10.5999559667955 10.614260912858391 10.628266233461618 10.643338104692328 10.65447532751728 10.666684018909507 10.681320943794534 10.699762988510237 10.718851436999332 10.734443602950414 10.750197556403561 10.758752916502504 10.770233761760881 10.7846089348808 10.795488867488558 10.806980702741999 10.817721718356792 10.832211841238841 10.849989543389768 10.868808161045312
10.4131447315526 10.417803634731166 10.420476294860222 10.421203951401928 10.420039518884836 10.421021185449073 10.41917499963426 10.416549632729378 10.411752369096833 10.410088633715784 10.413332030684794 10.415782032693565 10.42670550828326 10.437703368625531 10.4492437013719 10.456710879467742 10.467965921707226 10.479316178494164 10.490767134377352 10.503243031141896 10.514452150288978 10.525779582521208 10.537688650514298 10.549725863341292 10.561896431949348 10.571922248290576 10.587114588780842 10.597431585506829 10.609272500967423 10.624002295847124 10.642099796646452 10.65762359480006 10.671013924375085 10.68964728816145 10.703370717324391 10.72237182789923 10.746747708782626 10.759090484420717 10.7669149620075 10.76480278836488 10.776763651198516 10.787066154858728 10.799353656444424 10.809536387973116 10.823484233177995 10.84118191227377 10.860384999723072 10.881107576795063
10.422423085430506 10.427525341089298 10.42960179605496 10.429224164717834 10.430992404775173 10.433866196714241 10.433855864740593 10.428605651695289 10.429925665542047 10.425650131905998 10.425437669692847 10.429163634327468 10.435346195212427 10.444413243448665 10.45727233057869 10.466969388932764 10.479073002752546 10.487114576993674 10.498952690519912 10.512741131979809 10.523876114589724 10.533292778527251 10.54651285821513 10.556650235294585 10.56876039109625 10.57964040217553 10.594785393209733 10.607336028972233 10.623715525563306 10.643511992589422 10.669635651230685 10.686613943190721 10.702830485250065 10.717325591679113 10.727246461279352 10.746366662367876 10.760434864794462 10.77229516238588 10.776775965348847 10.777362997946666 10.781985950205177 10.79323228441952 10.804648404500073 10.816229166116882 10.832935287934621 10.851606580978062 10.874554797350148 10.894469238394128
10.432370617523858 10.437399623456097 10.440931662216538 10.443506600456633 10.44768981334986 10.450425431845888 10.44974461897837 10.448231189326888 10.444460187545861 10.445774775956798 10.442461845554813 10.439896966116468 10.444112396436234 10.453562520371063 10.46541838973092 10.477357084567313 10.488919767389214 10.497331690818754 10.50770579974635 10.52049917718334 10.532482454565612 10.543663011789048 10.55405086774487 10.56549583628907 10.578000523280616 10.5901910819917 10.605754778814815 10.632203046823875 10.65097929679183 10.669492406151782 10.686781136947669 10.702347523757291 10.717618790390112 10.733075475493136 10.747270383929633 10.76116507359162 10.77235033436138 10.78276596949117 10.78719884600477 10.786325868992757 10.7895598515154 10.799010223360373 10.810466250122511 10.827987290328196 10.853935963560838 10.874589382553278 10.903407746429066 10.922563126382991
10.439872549018027 10.447431521055785 10.453466284481575 10.457480292212932 10.463608287556594 10.465190519245834 10.465866216410854 10.463667964215764 10.463643003032544 10.464269621305306 10.463118898698024 10.460270687060762 10.452074374250964 10.463308541000755 10.473220682631258 10.484149246541257 10.497028361790623 10.509537500645214 10.518426440292753 10.528361279934737 10.537493841848693 10.549061660974344 10.563527768122885 10.574436618893625 10.58872139151435 10.603160224648786 10.623824392003215 10.645682423094676 10.664470186045994 10.682998552568288 10.700296115687287 10.715859047172538 10.732102172439966 10.746105995170419 10.759325176660099 10.771761102471348 10.782932927056361 10.786609250861527 10.798195969920572 10.807125577032876 10.801811672366865 10.810798823323509 10.825939580570564 10.8440067059453 10.87015731916297 10.897562762399204 10.917144928757796 10.934492224899335
10.452223223563724 10.461280590825133 10.468272530950635 10.474776551454369 10.478729056798489 10.479659990338346 10.479681756714829 10.478829016768431 10.478137799153695 10.477616912198705 10.476787680656706 10.466094081688382 10.465329363703558 10.469919319667172 10.481148454075184 10.490131170096257 10.503392349861928 10.517217137434281 10.53021339616695 10.537724736311622 10.544453395510008 10.555480077003573 10.56848330988677 10.582550441814442 10.596767986016761 10.615337058748569 10.640738388496752 10.658836682685573 10.677150879814342 10.69471826423231 10.712014487071734 10.72756777146817 10.740873352782454 10.75486416988308 10.76856283511326 10.778549179757167 10.790692910548472 10.799644169744107 10.805942767779015 10.815357827420529 10.82593511690122 10.837183697573163 10.850031609463809 10.86587382002548 10.89375229204598 10.910887509242139 10.926735410437656 10.94705236556587
10.46686837359078 10.47902671681327 10.486458063972005 10.490764886756422 10.492513736687599 10.492795469293835 10.492679288349013 10.490158691501033 10.490336809956935 10.487191767185905 10.484775036047928 10.476352744503918 10.474512502530361 10.478999290991343 10.48920710861793 10.50183307961705 10.513143707068247 10.52641992839562 10.538863493535244 10.550949016985767 10.558945206015212 10.566623373200892 10.580477701838255 10.592152634925764 10.607699584984644 10.630950646995077 10.654048744441733 10.672141835749134 10.68802934698347 10.70509588199119 10.720420569344908 10.735460792194754 10.748741141105365 10.76271729568362 10.778377982222906 10.79326292712692 10.801950170454644 10.811362344847007 10.817131807142479 10.827498667441285 10.840471770423317 10.849343233974754 10.86460262781555 10.888176221867848 10.912982816649807 10.934619542632618 10.950056020583 10.962702144077488
10.48120461767537 10.491199134692035 10.49855877891864 10.503828875151807 10.50546141433555 10.506133897515413 10.504330837307805 10.504216294111233 10.504744206702593 10.497920087589293 10.494379854015214 10.486289307582535 10.48906407080921 10.494346763631485 10.501154754158877 10.509472002805055 10.521627807338547 10.535754569581824 10.547638342975253 10.55963281865298 10.575515638626968 10.58634306445408 10.595427239294331 10.60936330526758 10.620630681855326 10.639619574310277 10.668002838952379 10.68414183139834 10.699021324116549 10.714595704893878 10.72792276387023 10.741456762232996 10.755694403901318 10.770641175347414 10.786302437982352 10.801689526678508 10.812829254938931 10.82222122846679 10.83185114540966 10.842200967281824 10.853257670738191 10.870332652006013 10.885657904422482 10.906041894896616 10.9290982696547 10.943468956322752 10.957998115626795 10.972676706971061
10.490431353175353 10.50090273450859 10.50819500400817 10.51550740644412 10.518087086950404 10.518112081349791 10.517726231845755 10.518493598843211 10.520906992543075 10.516850042438454 10.508090927315058 10.499769450195918 10.501913318896175 10.507063794337272 10.511856885035089 10.518656177777423 10.529779670603702 10.541465543338116 10.556072798427255 10.57032925094595 10.585662776594425 10.597813397736365 10.61153009575596 10.62397097438646 10.642313086338554 10.66330742577763 10.680665026272166 10.696771264019546 10.709146228631576 10.723696934403568 10.735498161543065 10.748501645468643 10.761231395658065 10.777645218714477 10.795295212894866 10.808697451814608 10.818845128736532 10.829727318590766 10.840842547057832 10.85218630881252 10.871600317403319 10.885810635458839 10.901203114157815 10.920737909855891 10.93501443821024 10.9494632219886 10.964074677803975 10.978838985840449
10.506251645255116 10.509717111589671 10.518542955207783 10.525783201954754 10.529858339526522 10.53186849202001 10.53290528235082 10.53351799234792 10.533727558586826 10.533556982017398 10.525507948577172 10.51981960839592 10.520282676695471 10.517579401025685 10.521301927282094 10.527990426215874 10.537603664399214 10.549659252883542 10.561815950949402 10.575496049184208 10.591194851280633 10.608000058379597 10.61971709053531 10.631109235020967 10.651776023143723 10.672238220929234 10.691014922085607 10.706081773528588 10.71937951214649 10.733884848022175 10.74513194526232 10.758591648171123 10.768806671800304 10.786706290927611 10.806885539177998 10.818276204057387 10.824921239507116 10.836313340815149 10.850417354487785 10.86722740725739 10.884763280834651 10.898527722673167 10.912498245404523 10.92666588789171 10.941021032324787 10.95555355986847 10.970253000336367 10.985108672075741
10.516391761540918 10.524609278651742 10.530150880828014 10.535712696701843 10.541298608909802 10.544790498383023 10.543596229883356 10.547220526061848 10.548314058843838 10.545923450581332 10.542712996307978 10.532785304490245 10.526751099444542 10.529228253405055 10.533286886400074 10.54079371301689 10.549344931758242 10.558939078530058 10.568168127598728 10.58173994714939 10.595437352132157 10.614500063148496 10.625159227886655 10.638834141126104 10.660387544713448 10.680787550184132 10.69900893269018 10.714999444430857 10.731225932269439 10.745687341967072 10.759378218690214 10.774821542381668 10.788491835721512 10.800385326116151 10.812528366164177 10.824921922643574 10.837565308856526 10.850456196018117 10.863590666122978 10.876963303231273 10.890567318042118 10.904394699054977 10.918436382675528 10.932682434332785 10.947122232984944 10.96174465219264 10.976538232074079 10.991491337776262
10.526182903341802 10.532185892964678 10.540886476435146 10.546369463808608 10.555085908279128 10.552079854189117 10.553956262743167 10.556952791383203 10.558453170064189 10.557471336250961 10.55156401340729 10.547460285727704 10.541183305357496 10.547372502317069 10.552683463312587 10.559065816275307 10.565078480169925 10.569320633061277 10.577486703730353 10.588124485028185 10.605490455374637 10.619698066704027 10.631199674721008 10.646196935591844 10.666688244993395 10.688462871030843 10.70611097000176 10.723520867650787 10.740190687168715 10.756111564035159 10.771276574553678 10.782628406179558 10.79423497984163 10.806101021685786 10.818229505700065 10.830621566252534 10.843276460198927 10.85619158094861 10.869362523588673 10.882783196980506 10.896445976008684 10.910341885156043 10.924460803453643 10.93879168063796 10.953322754939181 10.968041764148055 10.982936143233145 10.997993203584732
10.534544579445198 10.541025182622537 10.550204153429032 10.55668947955498 10.563722487480929 10.56327943227917 10.563986792030601 10.567932273058268 10.572451364412919 10.56974553546126 10.556040523388093 10.557365034849749 10.563294562649554 10.571283512998988 10.579835508016872 10.585502190846197 10.58834802272337 10.591363015096587 10.600790829874063 10.610811854848267 10.62239624358549 10.63075519775662 10.639749482091265 10.65559839899771 10.675041350013737 10.696739722360071 10.71331199735113 10.73013920158345 10.745723470540154 10.762077250013542 10.777181548754145 10.788477043850543 10.800040252811302 10.811876592470334 10.823989491775196 10.836380283285779 10.849048156069198 10.86199017322738 10.875201352836559 10.888674806772539 10.902401928253797 10.91637261635254 10.93057552440556 10.944998319208304 10.959627938923393 10.97445083948826 10.989453221627304 11.004621233038023
10.54418140888604 10.55222360715247 10.559178585246348 10.565594242934145 10.572015848192903 10.574156596767159 10.579010755450271 10.583362835138423 10.585114406273679 10.582243559736934 10.578525606407078 10.57604564320165 10.581814241014353 10.590167092383897 10.600592864305181 10.60606278703217 10.618133051315246 10.620797028449418 10.629560624769805 10.62861665383397 10.63813170655341 10.64439186839976 10.654201140434601 10.669490659388693 10.689884148616498 10.704639286928636 10.718627505833249 10.734347326161316 10.750332702276479 10.768120974640016 10.783158550919486 10.794392662644233 10.805908638029626 10.817712715099892 10.829808865224328 10.842198657223314 10.854881198225899 10.8678531557244 10.881108859148084 10.894640473380928 10.908438231744979 10.922490712632825 10.936785142471823 10.951307707992926 10.966043862556273 10.980978614084185 10.996096785461956 11.011383241624982
10.555108383671671 10.561463119353581 10.568896862280987 10.574160523332646 10.581049288222314 10.584712732549562 10.5894742726444 10.592129108479032 10.594306376641331 10.596024308421423 10.594705039405772 10.594051729279387 10.601196067016865 10.606354714846626 10.613112299377052 10.62095523260561 10.629885484879663 10.637389626565705 10.644997894314184 10.65172462073603 10.657103358769705 10.661672764711218 10.672307944839465 10.684580101013589 10.697528066415376 10.70575309164255 10.720092979491362 10.739154265917662 10.758559854688842 10.774755016435265 10.789209899048796 10.800376884113383 10.811841210088255 10.823610098878456 10.835688173887664 10.84807728803356 10.860776448681383 10.873781845693346 10.887086980251977 10.900682883922197 10.914558410736785 10.928700580762415 10.943094951979688 10.957725998242767 10.972577474032262 10.987632750932756 11.002875115478943 11.018288022572982
10.567890062200245 10.572543684219145 10.579914526034875 10.585645455894712 10.593001111540943 10.597648504591104 10.599084148805476 10.601639619513964 10.60371117140521 10.60584345291085 10.602833733119013 10.610324809885547 10.615784903708832 10.616692513466878 10.625868914579916 10.632047757380342 10.635786148901902 10.647698000022539 10.659199026424362 10.668780475643718 10.677470285882238 10.6847870105755 10.690766703827249 10.69496306773273 10.696481942948179 10.711429157156426 10.72859598794218 10.74957318638656 10.764864226382771 10.78045555567141 10.795338262766366 10.806431549992976 10.817839156411232 10.829569492601383 10.841627972826219 10.854016794877314 10.866734843655491 10.879777727267305 10.893137942315262 10.906805153494775 10.92076656339658 10.935007342799421 10.94951109016276 10.964260291125745 10.979236753644761 10.994422000743327 11.0097976095483 11.025345491428533
10.578164644490034 10.586037578198244 10.590611586714088 10.59845225006391 10.605189988730675 10.61083337539554 10.614312321298113 10.616737140951065 10.616532247455465 10.613250390974658 10.616397354649092 10.618564154561168 10.622877195731201 10.62982408605329 10.635283951325203 10.639799287761933 10.645929179842058 10.6607632768032 10.67623219724038 10.683100724208641 10.69315983278851 10.69876060597152 10.70201972669983 10.69859836845551 10.711257790723776 10.724127464549335 10.744224959236929 10.758113123172082 10.769748632616537 10.783190351248159 10.801546751435898 10.812558778393328 10.823903805857983 10.835591693605393 10.847628824614155 10.860017819705773 10.872757412061087 10.885842494282235 10.89926433320151 10.913010931029337 10.927067498557548 10.941416998876312 10.956040718925339 10.970918830382159 10.986030909225555 11.001356392841279 11.016874963018177 11.032566851379833
10.589761177888091 10.59703161914983 10.604828899286046 10.611508104439189 10.61817174870629 10.626464750784894 10.63310494191476 10.629416780601767 10.631223296402169 10.627225857961157 10.627600734183664 10.630154676001798 10.63641012242088 10.638569589163572 10.642875039974154 10.648788337899486 10.660376047974175 10.674603889343086 10.685329573801761 10.693578276652554 10.70194131554716 10.709923653163505 10.715002990961088 10.713771668146435 10.721316888337109 10.74004246017306 10.753531989167271 10.764249862201464 10.777269332175718 10.794684105852628 10.807839030286733 10.818761038547617 10.830036667038321 10.841677559950167 10.853691299739921 10.866081032114462 10.878845300328976 10.891978107442759 10.90546919945936 10.919304537968161 10.933466912663995 10.947936634832185 10.962692253020204 10.977711239995317 10.992970612759754 11.008447461685915 11.024119378160565 11.039964780879622
