output/Mappa_Temperature_20070102_0100.asc
NCOLS 153
NROWS 173
XLLCORNER 628082.1585431173
YLLCORNER 5141515.270487413
CELLSIZE 30.005356186399773
NODATA_VALUE -9999
[rows 126 to 146 of 173, columns 48 to 95 of 153]
-5.493951441676379 -5.493951441676379 -5.493951441676379 -5.493951441676379 -5.493951441676379 -5.493951441676379 -5.493951441676379 -5.493951441676379 -5.493951441676379 -5.493951441676379 -5.493951441676379 -5.493951441676379 -5.493951441676379 -5.493951441676379 -5.493951441676379 -5.493951441676379 -5.493951441676379 -5.493951441676379 -5.493951441676379 -5.493951441676379 -5.493951441676379 -5.493951441676379 -5.493951441676379 -5.493951441676379 -5.493951441676379 -5.493951441676379 -5.493951441676379 -5.493951441676379 -5.494971740068707 -5.496774465270361 -5.498267757451072 -5.499461898416619 -5.500344698979836 -5.500906720603466 -5.501141755634478 -5.501047160745419 -5.500624003199837 -5.499877001487506 -5.498814267872946 -5.497446884720463 -5.495788363920226 -5.493951441676379 -5.493951441676379 -5.493951441676379 -5.493951441676379 -5.493951441676379 -5.493951441676379 -5.493951441676379
-5.493951441676379 -5.493951441676379 -5.493951441676379 -5.493951441676379 -5.493951441676379 -5.493951441676379 -5.493951441676379 -5.493951441676379 -5.493951441676379 -5.493951441676379 -5.493951441676379 -5.493951441676379 -5.493951441676379 -5.493951441676379 -5.493951441676379 -5.493951441676379 -5.493951441676379 -5.493951441676379 -5.493951441676379 -5.493951441676379 -5.493951441676379 -5.493951441676379 -5.493951441676379 -5.493951441676379 -5.493951441676379 -5.493951441676379 -5.495404574436642 -5.497824188620424 -5.499984061554006 -5.50186471320179 -5.50344756956021 -5.5047157049464355 -5.50565462563343 -5.506253024662824 -5.506503425658839 -5.506402635452035 -5.505951943998646 -5.505157043140432 -5.504027675861265 -5.502577064890252 -5.500821194912479 -5.498778031683504 -5.496466754718001 -5.493951441676379 -5.493951441676379 -5.493951441676379 -5.493951441676379 -5.493951441676379
-5.493951441676379 -5.493951441676379 -5.493951441676379 -5.493951441676379 -5.493951441676379 -5.493951441676379 -5.493951441676379 -5.493951441676379 -5.493951441676379 -5.493951441676379 -5.493951441676379 -5.493951441676379 -5.493951441676379 -5.493951441676379 -5.493951441676379 -5.493951441676379 -5.493951441676379 -5.493951441676379 -5.493951441676379 -5.493951441676379 -5.493951441676379 -5.493951441676379 -5.493951441676379 -5.493951441676379 -5.494272329923911 -5.497292097890654 -5.500088754623252 -5.502640623875275 -5.50492521823688 -5.506920017037805 -5.508603248983321 -5.509954822404717 -5.510957341680628 -5.511597113978387 -5.511865026656873 -5.511757173467267 -5.51127513345614 -5.510425857462106 -5.509221180731253 -5.507677038558533 -5.505812499333136 -5.503648738765469 -5.5012080632747695 -5.4985130592105165 -5.49558590904889 -5.493951441676379 -5.493951441676379 -5.493951441676379
-5.493951441676379 -5.493951441676379 -5.493951441676379 -5.493951441676379 -5.493951441676379 -5.493951441676379 -5.493951441676379 -5.493951441676379 -5.493951441676379 -5.493951441676379 -5.493951441676379 -5.493951441676379 -5.493951441676379 -5.493951441676379 -5.493951441676379 -5.493951441676379 -5.493951441676379 -5.493951441676379 -5.493951441676379 -5.493951441676379 -5.493951441676379 -5.493951441676379 -5.493951441676379 -5.495196913432786 -5.498574591037607 -5.501745852204812 -5.504691401870144 -5.507388354243419 -5.509811069840005 -5.511933434229639 -5.51372978816204 -5.515176092218252 -5.516251254401223 -5.516938490781932 -5.517226543001061 -5.517110563346644 -5.516592513004732 -5.515680999693215 -5.51439058507724 -5.512740686716912 -5.510754255164997 -5.508456413192915 -5.505873209490643 -5.503030583444151 -5.499953580931431 -5.496665816687421 -5.493951441676379 -5.493951441676379
-5.493951441676379 -5.493951441676379 -5.493951441676379 -5.493951441676379 -5.493951441676379 -5.493951441676379 -5.493951441676379 -5.493951441676379 -5.493951441676379 -5.493951441676379 -5.493951441676379 -5.493951441676379 -5.493951441676379 -5.493951441676379 -5.493951441676379 -5.493951441676379 -5.493951441676379 -5.493951441676379 -5.493951441676379 -5.493951441676379 -5.493951441676379 -5.493951441676379 -5.495517033152771 -5.499230749884429 -5.5027510088418055 -5.50609025473979 -5.509198277494309 -5.512054539343341 -5.5146306076150715 -5.516896137899569 -5.518820733828078 -5.520375396784252 -5.521534268808355 -5.522276496452987 -5.522587953961132 -5.522462524897028 -5.521902686190527 -5.520919269488673 -5.519530451551465 -5.517760183008289 -5.515636348589355 -5.513188945753461 -5.51044849543044 -5.507444799552609 -5.504206070918594 -5.500758400165915 -5.497125494331071 -5.493951441676379
-5.493951441676379 -5.493951441676379 -5.493951441676379 -5.493951441676379 -5.493951441676379 -5.493951441676379 -5.493951441676379 -5.493951441676379 -5.493951441676379 -5.493951441676379 -5.493951441676379 -5.493951441676379 -5.493951441676379 -5.493951441676379 -5.493951441676379 -5.493951441676379 -5.493951441676379 -5.493951441676379 -5.493951441676379 -5.493951441676379 -5.493951441676379 -5.495218212763906 -5.499241702078944 -5.503108702846 -5.506805749932541 -5.510309276211452 -5.51359204022522 -5.516623245257869 -5.519369682889682 -5.521796528797069 -5.5238666530364435 -5.525547273699084 -5.526803574805638 -5.527610241042361 -5.52794923143818 -5.527812678802329 -5.52720377309751 -5.526136399458318 -5.524633622698548 -5.522725383302828 -5.520445894931338 -5.517831189673333 -5.514917104856727 -5.511737830087088 -5.508324996816243 -5.504707216184796 -5.500909945969298 -5.496955574958739
-5.493951441676379 -5.493951441676379 -5.493951441676379 -5.493951441676379 -5.493951441676379 -5.493951441676379 -5.493951441676379 -5.493951441676379 -5.493951441676379 -5.493951441676379 -5.493951441676379 -5.493951441676379 -5.493951441676379 -5.493951441676379 -5.493951441676379 -5.493951441676379 -5.493951441676379 -5.493951441676379 -5.493951441676379 -5.493951441676379 -5.494253352070657 -5.49860774545319 -5.502781661012706 -5.506814976164314 -5.51069193503183 -5.514379491420072 -5.517851287637262 -5.521074348741249 -5.523986392969449 -5.526527093051246 -5.528740890338368 -5.5305735259647735 -5.5320550334520835 -5.532938492321404 -5.533310336369586 -5.5331604986065805 -5.532493183042614 -5.531326579030406 -5.529690507859872 -5.527622950829055 -5.525166304628917 -5.5223640636285145 -5.5192583128226715 -5.515888109531051 -5.512288634644563 -5.508490914257816 -5.504521912922429 -5.5004048381391035
-5.493951441676379 -5.493951441676379 -5.493951441676379 -5.493951441676379 -5.493951441676379 -5.493951441676379 -5.493951441676379 -5.493951441676379 -5.493951441676379 -5.493951441676379 -5.493951441676379 -5.493951441676379 -5.493951441676379 -5.493951441676379 -5.493951441676379 -5.493951441676379 -5.493951441676379 -5.493951441676379 -5.493951441676379 -5.493951441676379 -5.497325335332123 -5.501791497304563 -5.506120222295786 -5.510333066415474 -5.5143926893011965 -5.518271515172513 -5.521916159137815 -5.525271760232674 -5.528390502137687 -5.531172801113495 -5.53359766377511 -5.535586582063202 -5.537193642328565 -5.5382543862512765 -5.538671212806537 -5.538505231850964 -5.537767247064214 -5.536481705021185 -5.53468800094688 -5.53243508608441 -5.5297759946583875 -5.526763382764449 -5.52344651889616 -5.519869648829617 -5.516071405001052 -5.512084889490145 -5.507938126036926 -5.503654670774999
-5.493951441676379 -5.493951441676379 -5.493951441676379 -5.493951441676379 -5.493951441676379 -5.493951441676379 -5.493951441676379 -5.493951441676379 -5.493951441676379 -5.493951441676379 -5.493951441676379 -5.493951441676379 -5.493951441676379 -5.493951441676379 -5.493951441676379 -5.493951441676379 -5.493951441676379 -5.493951441676379 -5.493951441676379 -5.495190487446731 -5.500130123953375 -5.5047499485683415 -5.509245196150914 -5.513631651025915 -5.517861296247733 -5.521911603396881 -5.525628556468053 -5.529205730757499 -5.532607274163946 -5.535621298786472 -5.538409765884761 -5.540733194186198 -5.542423057724491 -5.543534951317129 -5.544026003001771 -5.543845764524772 -5.543020599110425 -5.541590162932411 -5.53960780093468 -5.537137663799204 -5.534246616193123 -5.530998362771391 -5.527450107569646 -5.5236512501397215 -5.519643393357727 -5.515461042035945 -5.511132573286361 -5.506681238852091
-5.493951441676379 -5.493951441676379 -5.493951441676379 -5.493951441676379 -5.493951441676379 -5.493951441676379 -5.493951441676379 -5.493951441676379 -5.493951441676379 -5.493951441676379 -5.493951441676379 -5.493951441676379 -5.493951441676379 -5.493951441676379 -5.493951441676379 -5.493951441676379 -5.493951441676379 -5.493951441676379 -5.493951441676379 -5.497731116685349 -5.502605103130882 -5.507382907027265 -5.512078497994877 -5.516606369891042 -5.520875795107026 -5.5249686242003175 -5.52891288342536 -5.532746781029345 -5.536509328151581 -5.540119729196075 -5.543162898147107 -5.545736588975252 -5.547622980434298 -5.5487886596464095 -5.549322555368659 -5.54917996651292 -5.5482450832588395 -5.546634772081157 -5.544423748291521 -5.541697486316668 -5.5385406500935 -5.535029773615665 -5.531230192304068 -5.527195763937984 -5.522970001440971 -5.518587704585621 -5.514076605009888 -5.509458816838703
-5.493951441676379 -5.493951441676379 -5.493951441676379 -5.493951441676379 -5.493951441676379 -5.493951441676379 -5.493951441676379 -5.493951441676379 -5.493951441676379 -5.493951441676379 -5.493951441676379 -5.493951441676379 -5.493951441676379 -5.493951441676379 -5.493951441676379 -5.493951441676379 -5.493951441676379 -5.493951441676379 -5.494904790468114 -5.499962832630979 -5.5049276213069716 -5.509826024638623 -5.514641104766964 -5.519272957982292 -5.523614696886354 -5.527748410804994 -5.531908315151066 -5.535990910589857 -5.539976587427232 -5.5439371151147885 -5.547556453112642 -5.550447183809799 -5.552630042600793 -5.554128264265517 -5.554743753859279 -5.554489235742103 -5.553427711844063 -5.551589181509881 -5.5490975224925965 -5.546068256939769 -5.54260825223007 -5.538807816427862 -5.534739405310842 -5.530459565731426 -5.526011884125221 -5.521429856842556 -5.516739295818492 -5.511960211792025
-5.493951441676379 -5.493951441676379 -5.493951441676379 -5.493951441676379 -5.493951441676379 -5.493951441676379 -5.493951441676379 -5.493951441676379 -5.493951441676379 -5.493951441676379 -5.493951441676379 -5.493951441676379 -5.493951441676379 -5.493951441676379 -5.493951441676379 -5.493951441676379 -5.493951441676379 -5.493951441676379 -5.496654779014435 -5.501813109923483 -5.5069431054146225 -5.511906568969861 -5.516817985485373 -5.521422231466558 -5.5259767167888745 -5.530480452575616 -5.534920884259388 -5.539253750196366 -5.543320848854502 -5.547041129053701 -5.550677265748995 -5.554041457374002 -5.557354028050691 -5.559170532749833 -5.559785099907764 -5.5596166282193655 -5.558546584122698 -5.556411284442912 -5.553571627975476 -5.550184834587955 -5.546383407203965 -5.54227002288025 -5.537921079223271 -5.533392548821985 -5.528725390508681 -5.523949773400607 -5.519088153958796 -5.514157454519708
-5.493951441676379 -5.493951441676379 -5.493951441676379 -5.493951441676379 -5.493951441676379 -5.493951441676379 -5.493951441676379 -5.493951441676379 -5.493951441676379 -5.493951441676379 -5.493951441676379 -5.493951441676379 -5.493951441676379 -5.493951441676379 -5.493951441676379 -5.493951441676379 -5.493951441676379 -5.493951441676379 -5.4981301557414035 -5.503417783748703 -5.508647492111922 -5.513704645794083 -5.518585590705552 -5.523429170281523 -5.527763012870314 -5.532244747131421 -5.537002695898128 -5.541815974443333 -5.546648518888375 -5.550388726585092 -5.554502991531783 -5.55806847712157 -5.561305386384258 -5.562955144601881 -5.5640301586012635 -5.5645350830525535 -5.563561398867595 -5.561030729090645 -5.557758108130877 -5.553955617970752 -5.549779971887728 -5.5453399138481405 -5.540709436651914 -5.535939061564461 -5.531063774632116 -5.5261082546336775 -5.521090253933783 -5.516022790001926
-5.493951441676379 -5.493951441676379 -5.493951441676379 -5.493951441676379 -5.493951441676379 -5.493951441676379 -5.493951441676379 -5.493951441676379 -5.493951441676379 -5.493951441676379 -5.493951441676379 -5.493951441676379 -5.493951441676379 -5.493951441676379 -5.493951441676379 -5.493951441676379 -5.493951441676379 -5.493951441676379 -5.499210153864303 -5.50458219315661 -5.509784096899033 -5.515028714081686 -5.51971879290772 -5.524061990569415 -5.528738907315019 -5.533580008489655 -5.538426572339591 -5.543394080062505 -5.548925186066068 -5.553901858949247 -5.558215846915737 -5.562071070794365 -5.565240193553826 -5.567408187162863 -5.568415366666624 -5.569293278741726 -5.568394853665948 -5.565324796575099 -5.561521578232016 -5.557254235951302 -5.55268936435936 -5.547927832499008 -5.543031693368651 -5.538040292630424 -5.5329794228590075 -5.527862312838415 -5.522698232008087 -5.517502650785277
-5.493951441676379 -5.493951441676379 -5.493951441676379 -5.493951441676379 -5.493951441676379 -5.493951441676379 -5.493951441676379 -5.493951441676379 -5.493951441676379 -5.493951441676379 -5.493951441676379 -5.493951441676379 -5.493951441676379 -5.493951441676379 -5.493951441676379 -5.493951441676379 -5.493951441676379 -5.494176771617499 -5.499892745414008 -5.505139384997477 -5.510510211217916 -5.515130719310364 -5.519768088604578 -5.524545905205067 -5.52983600246687 -5.534883261289971 -5.539432231256656 -5.54455026180283 -5.550264307320282 -5.55562529667883 -5.560080314340525 -5.563620752611219 -5.568618662854562 -5.57256745925936 -5.574726236473953 -5.574280382915946 -5.572871040225607 -5.569073896544965 -5.564658904385007 -5.5599154301606655 -5.554983602040939 -5.5499360453486615 -5.544813065571295 -5.539638491805698 -5.534427196840672 -5.529179167894597 -5.523910087536923 -5.5186226700636
-5.493951441676379 -5.493951441676379 -5.493951441676379 -5.493951441676379 -5.493951441676379 -5.493951441676379 -5.493951441676379 -5.493951441676379 -5.493951441676379 -5.493951441676379 -5.493951441676379 -5.493951441676379 -5.493951441676379 -5.493951441676379 -5.493951441676379 -5.493951441676379 -5.493951441676379 -5.494185412221786 -5.499969912644721 -5.505273740844612 -5.510306551414714 -5.5150246746397835 -5.519670935777929 -5.524660248029414 -5.529880263582126 -5.535128755865868 -5.539795486658121 -5.544917726646455 -5.550365236202674 -5.555421439233445 -5.561076046607801 -5.567742365185658 -5.573049775707373 -5.578001850057118 -5.5807610255658116 -5.580028339798806 -5.576537003877341 -5.571899277220495 -5.566892632802205 -5.561746649213684 -5.556529021122288 -5.5512696123772045 -5.545981743530336 -5.540634657921295 -5.535209239578107 -5.529874459666712 -5.524519302553003 -5.519212523030458
-5.493951441676379 -5.493951441676379 -5.493951441676379 -5.493951441676379 -5.493951441676379 -5.493951441676379 -5.493951441676379 -5.493951441676379 -5.493951441676379 -5.493951441676379 -5.493951441676379 -5.493951441676379 -5.493951441676379 -5.493951441676379 -5.493951441676379 -5.493951441676379 -5.493951441676379 -5.494038767386938 -5.499681999563836 -5.504751173460573 -5.5100608127710675 -5.514732104787784 -5.519727118927694 -5.524830487481772 -5.529636369291923 -5.534183541972046 -5.53926974162009 -5.544945090704533 -5.55009921307335 -5.557544358627842 -5.564194251019878 -5.570124802557908 -5.575856939575985 -5.581237635546403 -5.5864835041898075 -5.583816409087172 -5.578597443719385 -5.573269635734129 -5.5679229870289 -5.56256987391515 -5.557213638779782 -5.5518398770429 -5.546358845766962 -5.540769355184628 -5.535242734909415 -5.529976067765 -5.5246914249171315 -5.519425407310119
-5.493951441676379 -5.493951441676379 -5.493951441676379 -5.493951441676379 -5.493951441676379 -5.493951441676379 -5.493951441676379 -5.493951441676379 -5.493951441676379 -5.493951441676379 -5.493951441676379 -5.493951441676379 -5.493951441676379 -5.493951441676379 -5.493951441676379 -5.493951441676379 -5.493951441676379 -5.493951441676379 -5.498764182324218 -5.504179877804472 -5.5085459962657914 -5.513544119247784 -5.518726557438434 -5.523686669840747 -5.528576685147061 -5.533903695251119 -5.539121900960845 -5.545910624605896 -5.552816945249578 -5.558754390805074 -5.564957498307074 -5.570446744802992 -5.57572596029486 -5.580598437371844 -5.583896213905791 -5.582423589737768 -5.577874494257411 -5.572793565197569 -5.567566419907814 -5.562249814085431 -5.5568662934930115 -5.551465143381011 -5.546066747580631 -5.540273972079045 -5.534695602621838 -5.529463533609103 -5.524209448376032 -5.518938351902866
-5.493951441676379 -5.493951441676379 -5.493951441676379 -5.493951441676379 -5.493951441676379 -5.493951441676379 -5.493951441676379 -5.493951441676379 -5.493951441676379 -5.493951441676379 -5.493951441676379 -5.493951441676379 -5.493951441676379 -5.493951441676379 -5.493951441676379 -5.493951441676379 -5.493951441676379 -5.493951441676379 -5.497119818188442 -5.502002513692643 -5.507227194577404 -5.512308557325123 -5.517087421662111 -5.522267280090007 -5.527552146181361 -5.534212662955861 -5.539690813155493 -5.547002775190192 -5.552889072498543 -5.558417121625707 -5.563751082433803 -5.568645746302153 -5.57310851360672 -5.576793174531098 -5.578799493921531 -5.57794703325607 -5.574809338399365 -5.570443411386808 -5.565715716081073 -5.560657072024768 -5.555318576573947 -5.550077844938853 -5.544724531590609 -5.538926228472592 -5.533510859820742 -5.52811961979431 -5.5229469308564285 -5.5178138905927945
-5.493951441676379 -5.493951441676379 -5.493951441676379 -5.493951441676379 -5.493951441676379 -5.493951441676379 -5.493951441676379 -5.493951441676379 -5.493951441676379 -5.493951441676379 -5.493951441676379 -5.493951441676379 -5.493951441676379 -5.493951441676379 -5.493951441676379 -5.493951441676379 -5.493951441676379 -5.493951441676379 -5.495176984271248 -5.500041927699153 -5.505294412235387 -5.510456162906698 -5.515785783334061 -5.522207393174926 -5.528641273952949 -5.5346698801375265 -5.540169223565585 -5.5462300990555695 -5.551602073392485 -5.556547669797084 -5.561227500667909 -5.565540419567905 -5.569212752872612 -5.572001290294183 -5.573442210295774 -5.572921122930314 -5.570473053302387 -5.566761281048572 -5.562313304251257 -5.557637404894157 -5.552722902645022 -5.547563640545654 -5.5424424483506245 -5.537016536399625 -5.531280477060887 -5.526210805244544 -5.521185133450915 -5.516026083121502
-5.493951441676379 -5.493951441676379 -5.493951441676379 -5.493951441676379 -5.493951441676379 -5.493951441676379 -5.493951441676379 -5.493951441676379 -5.493951441676379 -5.493951441676379 -5.493951441676379 -5.493951441676379 -5.493951441676379 -5.493951441676379 -5.493951441676379 -5.493951441676379 -5.493951441676379 -5.493951441676379 -5.493951441676379 -5.498046307361372 -5.502863664268314 -5.508935824644922 -5.516266888498332 -5.522397331645844 -5.528367878213286 -5.5340310260621 -5.53937891637389 -5.544426205184363 -5.5491157384009995 -5.553563626829702 -5.5576643409472 -5.561542165342027 -5.564666619627144 -5.5670985273494304 -5.568023105174452 -5.567233776118942 -5.56502621213871 -5.561895341863212 -5.557925291797691 -5.553590699058039 -5.5491151615922 -5.544356827534303 -5.53944104568396 -5.534011858155636 -5.528305173920515 -5.52332607157132 -5.518617854760326 -5.513405346367715
