output/Mappa_Temperature_20070101_1700.asc
NCOLS 153
NROWS 173
XLLCORNER 628082.1585431173
YLLCORNER 5141515.270487413
CELLSIZE 30.005356186399773
NODATA_VALUE -9999
[rows 126 to 146 of 173, columns 48 to 95 of 153]
-2.192187141603565 -2.192187141603565 -2.192187141603565 -2.192187141603565 -2.192187141603565 -2.192187141603565 -2.192187141603565 -2.192187141603565 -2.192187141603565 -2.192187141603565 -2.192187141603565 -2.192187141603565 -2.192187141603565 -2.192187141603565 -2.192187141603565 -2.192187141603565 -2.192187141603565 -2.192187141603565 -2.192187141603565 -2.192187141603565 -2.192187141603565 -2.192187141603565 -2.192187141603565 -2.192187141603565 -2.192187141603565 -2.192187141603565 -2.192187141603565 -2.192187141603565 -2.192031942170976 -2.191757726382235 -2.1915305790095894 -2.19134893606898 -2.1912146516797004 -2.1911291615547084 -2.1910934099513284 -2.191107798950878 -2.1911721662099697 -2.191285793990596 -2.191447448321533 -2.191655443444323 -2.1919077240409237 -2.192187141603565 -2.192187141603565 -2.192187141603565 -2.192187141603565 -2.192187141603565 -2.192187141603565 -2.192187141603565
-2.192187141603565 -2.192187141603565 -2.192187141603565 -2.192187141603565 -2.192187141603565 -2.192187141603565 -2.192187141603565 -2.192187141603565 -2.192187141603565 -2.192187141603565 -2.192187141603565 -2.192187141603565 -2.192187141603565 -2.192187141603565 -2.192187141603565 -2.192187141603565 -2.192187141603565 -2.192187141603565 -2.192187141603565 -2.192187141603565 -2.192187141603565 -2.192187141603565 -2.192187141603565 -2.192187141603565 -2.192187141603565 -2.192187141603565 -2.191966102952946 -2.1915980510661455 -2.191269508890375 -2.190983439569065 -2.190742668427465 -2.1905497700617884 -2.1904069491390428 -2.1903159255811135 -2.190277836633024 -2.1902931680135493 -2.190361723505125 -2.190482637311406 -2.1906544274095037 -2.1908750824661944 -2.1911421710221473 -2.1914529602738044 -2.1918045327905245 -2.192187141603565 -2.192187141603565 -2.192187141603565 -2.192187141603565 -2.192187141603565
-2.192187141603565 -2.192187141603565 -2.192187141603565 -2.192187141603565 -2.192187141603565 -2.192187141603565 -2.192187141603565 -2.192187141603565 -2.192187141603565 -2.192187141603565 -2.192187141603565 -2.192187141603565 -2.192187141603565 -2.192187141603565 -2.192187141603565 -2.192187141603565 -2.192187141603565 -2.192187141603565 -2.192187141603565 -2.192187141603565 -2.192187141603565 -2.192187141603565 -2.192187141603565 -2.192187141603565 -2.1921383307122455 -2.1916789883487717 -2.1912535838383844 -2.190865414394103 -2.1905179006164976 -2.190214468165404 -2.1899584287118303 -2.1897528384358127 -2.189600343416758 -2.1895030264961948 -2.189462273814433 -2.1894786795580434 -2.189552003535393 -2.1896811884418645 -2.1898644339967746 -2.1900993162536144 -2.1903829346852346 -2.190712068216053 -2.1910833237763168 -2.191493265715592 -2.1919385198173287 -2.192187141603565 -2.192187141603565 -2.192187141603565
-2.192187141603565 -2.192187141603565 -2.192187141603565 -2.192187141603565 -2.192187141603565 -2.192187141603565 -2.192187141603565 -2.192187141603565 -2.192187141603565 -2.192187141603565 -2.192187141603565 -2.192187141603565 -2.192187141603565 -2.192187141603565 -2.192187141603565 -2.192187141603565 -2.192187141603565 -2.192187141603565 -2.192187141603565 -2.192187141603565 -2.192187141603565 -2.192187141603565 -2.192187141603565 -2.19199769064358 -2.1914839059981586 -2.1910015197301442 -2.1905534668466453 -2.1901432285465656 -2.189774704898253 -2.1894518682148956 -2.1891786215714366 -2.1889586216473385 -2.1887950767843947 -2.1886905400163856 -2.188646723872698 -2.1886643657475573 -2.188743167321406 -2.18888181925873 -2.189078106558311 -2.1893290755799986 -2.1896312352737164 -2.189980764169306 -2.190373699953446 -2.1908060969392573 -2.191274145352966 -2.191774253114561 -2.192187141603565 -2.192187141603565
-2.192187141603565 -2.192187141603565 -2.192187141603565 -2.192187141603565 -2.192187141603565 -2.192187141603565 -2.192187141603565 -2.192187141603565 -2.192187141603565 -2.192187141603565 -2.192187141603565 -2.192187141603565 -2.192187141603565 -2.192187141603565 -2.192187141603565 -2.192187141603565 -2.192187141603565 -2.192187141603565 -2.192187141603565 -2.192187141603565 -2.192187141603565 -2.192187141603565 -2.191948996654373 -2.19138409649 -2.190848623537332 -2.1903406848082994 -2.189867917849544 -2.189433446697163 -2.189041596296261 -2.188696982389873 -2.1884042286245937 -2.188167746032368 -2.1879914679141907 -2.1878785663256313 -2.1878311899611242 -2.1878502692027753 -2.187935427280292 -2.188085016572282 -2.188296272178918 -2.1885655509266733 -2.188888611218842 -2.189260890087748 -2.189677744939582 -2.190134642548567 -2.1906272914148963 -2.1911517228445447 -2.1917043307173425 -2.192187141603565
-2.192187141603565 -2.192187141603565 -2.192187141603565 -2.192187141603565 -2.192187141603565 -2.192187141603565 -2.192187141603565 -2.192187141603565 -2.192187141603565 -2.192187141603565 -2.192187141603565 -2.192187141603565 -2.192187141603565 -2.192187141603565 -2.192187141603565 -2.192187141603565 -2.192187141603565 -2.192187141603565 -2.192187141603565 -2.192187141603565 -2.192187141603565 -2.191994450763826 -2.191382430531897 -2.190794214055845 -2.1902318495413153 -2.1896989218266163 -2.189199574659078 -2.1887384925828384 -2.1883207269906397 -2.187951575073286 -2.1876366847336075 -2.187381042486993 -2.187189944254984 -2.1870672407957112 -2.1870156763538993 -2.1870364476221527 -2.1871290693694703 -2.1872914295029457 -2.187520019592052 -2.187810285335565 -2.1881570224317937 -2.1885547499745135 -2.1889980166830036 -2.189481621914562 -2.1900007541518876 -2.190551061302658 -2.1911286709384816 -2.1917301774601907
-2.192187141603565 -2.192187141603565 -2.192187141603565 -2.192187141603565 -2.192187141603565 -2.192187141603565 -2.192187141603565 -2.192187141603565 -2.192187141603565 -2.192187141603565 -2.192187141603565 -2.192187141603565 -2.192187141603565 -2.192187141603565 -2.192187141603565 -2.192187141603565 -2.192187141603565 -2.192187141603565 -2.192187141603565 -2.192187141603565 -2.192141217467808 -2.1914788628200785 -2.190843960980215 -2.190230446122524 -2.1896407149018127 -2.1890797940345594 -2.188551692836896 -2.1880614271868764 -2.1876184708759747 -2.18723200039437 -2.186895255687717 -2.186616490170203 -2.18639113538857 -2.1862567508631625 -2.1862001889929012 -2.1862229810858556 -2.186324487662426 -2.1865019419072924 -2.186750807650139 -2.1870653074870874 -2.187438992380833 -2.1878652463242885 -2.1883376676928266 -2.1888503154069574 -2.1893978380377805 -2.189975516149964 -2.190579248116825 -2.191205503803485
-2.192187141603565 -2.192187141603565 -2.192187141603565 -2.192187141603565 -2.192187141603565 -2.192187141603565 -2.192187141603565 -2.192187141603565 -2.192187141603565 -2.192187141603565 -2.192187141603565 -2.192187141603565 -2.192187141603565 -2.192187141603565 -2.192187141603565 -2.192187141603565 -2.192187141603565 -2.192187141603565 -2.192187141603565 -2.192187141603565 -2.191673932541476 -2.190994576571524 -2.1903361263891954 -2.1896953030556836 -2.1890777864810063 -2.1884877712669706 -2.1879333778859285 -2.187422951338342 -2.186948553870224 -2.1865253333441754 -2.1861564831019225 -2.1858539451462664 -2.1856094923046365 -2.185448140629322 -2.18538473638861 -2.185409984051764 -2.1855222402515406 -2.185717786375247 -2.185990629944005 -2.1863333248957444 -2.18673780409871 -2.187196057939012 -2.1877005920970514 -2.1882446762678556 -2.1888224340017217 -2.1894288300814773 -2.1900596017653773 -2.1907111658873584
-2.192187141603565 -2.192187141603565 -2.192187141603565 -2.192187141603565 -2.192187141603565 -2.192187141603565 -2.192187141603565 -2.192187141603565 -2.192187141603565 -2.192187141603565 -2.192187141603565 -2.192187141603565 -2.192187141603565 -2.192187141603565 -2.192187141603565 -2.192187141603565 -2.192187141603565 -2.192187141603565 -2.192187141603565 -2.191998668111932 -2.1912472910748093 -2.1905445612025636 -2.189860780967884 -2.1891935493885897 -2.188550170409066 -2.187934070867917 -2.187368678418089 -2.1868245479713897 -2.1863071330557466 -2.1858486643227426 -2.185424505552432 -2.1850710846740427 -2.184814036476905 -2.184644904332845 -2.1845702095735513 -2.184597625974055 -2.184723143376669 -2.184940729609134 -2.185242270275616 -2.1856180072999196 -2.1860577697766743 -2.186551867475678 -2.187091598987676 -2.1876694500575526 -2.1882790923966313 -2.1889152774155383 -2.189573688620486 -2.190250789146809
-2.192187141603565 -2.192187141603565 -2.192187141603565 -2.192187141603565 -2.192187141603565 -2.192187141603565 -2.192187141603565 -2.192187141603565 -2.192187141603565 -2.192187141603565 -2.192187141603565 -2.192187141603565 -2.192187141603565 -2.192187141603565 -2.192187141603565 -2.192187141603565 -2.192187141603565 -2.192187141603565 -2.192187141603565 -2.191612208406411 -2.1908708175187366 -2.1901440571324606 -2.189429802303376 -2.188741059525387 -2.1880916295390502 -2.1874690619081223 -2.186869093508386 -2.1862859124143013 -2.185713584570954 -2.1851643999424932 -2.1847014980130015 -2.1843100092493377 -2.1840230668349627 -2.183845753263112 -2.1837645414198144 -2.1837862308683813 -2.1839284376499064 -2.184173384993686 -2.1845097078186217 -2.1849244044551757 -2.1854045965188753 -2.1859386422856213 -2.1865166034664445 -2.187130287657201 -2.1877730760284435 -2.1884396751238486 -2.189125866633861 -2.1898282867389582
-2.192187141603565 -2.192187141603565 -2.192187141603565 -2.192187141603565 -2.192187141603565 -2.192187141603565 -2.192187141603565 -2.192187141603565 -2.192187141603565 -2.192187141603565 -2.192187141603565 -2.192187141603565 -2.192187141603565 -2.192187141603565 -2.192187141603565 -2.192187141603565 -2.192187141603565 -2.192187141603565 -2.1920421259957306 -2.191272738060226 -2.1905175350811605 -2.1897724300968013 -2.1890399995555105 -2.188335439991128 -2.187675010238994 -2.187046223543384 -2.186413452974521 -2.1857924420032773 -2.18518617349567 -2.1845837304706954 -2.1840331864261033 -2.1835934721549335 -2.1832614335588443 -2.1830335363534763 -2.1829399131189104 -2.1829786283297388 -2.1831400986485114 -2.18341976082068 -2.183798771577325 -2.1842595586357834 -2.184785866205932 -2.185363957364869 -2.1859828107332917 -2.186633824867272 -2.1873103697553122 -2.1880073502070236 -2.188720839922309 -2.1894477950314855
-2.192187141603565 -2.192187141603565 -2.192187141603565 -2.192187141603565 -2.192187141603565 -2.192187141603565 -2.192187141603565 -2.192187141603565 -2.192187141603565 -2.192187141603565 -2.192187141603565 -2.192187141603565 -2.192187141603565 -2.192187141603565 -2.192187141603565 -2.192187141603565 -2.192187141603565 -2.192187141603565 -2.1917759320749486 -2.190991289036995 -2.190210956150675 -2.18945595473812 -2.18870887029485 -2.1880085101167523 -2.187315719122409 -2.1866306477316546 -2.1859552056424163 -2.185296125573344 -2.184677471845414 -2.1841115733001257 -2.183558473975302 -2.1830467407066467 -2.1825428595937404 -2.182266547780727 -2.18217306485954 -2.1821986913925655 -2.182361457734151 -2.1826862620278726 -2.1831182073056437 -2.18363337856925 -2.184211620559483 -2.1848373148836626 -2.185498840563783 -2.1861876835081757 -2.186897613394829 -2.1876240411447787 -2.1883635508651658 -2.1891135684687932
-2.192187141603565 -2.192187141603565 -2.192187141603565 -2.192187141603565 -2.192187141603565 -2.192187141603565 -2.192187141603565 -2.192187141603565 -2.192187141603565 -2.192187141603565 -2.192187141603565 -2.192187141603565 -2.192187141603565 -2.192187141603565 -2.192187141603565 -2.192187141603565 -2.192187141603565 -2.192187141603565 -2.191551509854354 -2.1907471992010903 -2.189951698809568 -2.1891824460224694 -2.1884399966699677 -2.1877032310261812 -2.187044002396839 -2.186362277697907 -2.1856385375112954 -2.1849063810120684 -2.1841712939419935 -2.1836023641890407 -2.182976535911709 -2.182434183454243 -2.181941811335773 -2.1816908636314496 -2.1815273413089806 -2.1814505363380734 -2.1815986451993252 -2.181983589953133 -2.182481394242392 -2.1830597978934247 -2.1836949629663445 -2.1843703482198893 -2.1850746984755225 -2.1858003288522467 -2.186541917559317 -2.1872957106630926 -2.1880590078192923 -2.1888298289171066
-2.192187141603565 -2.192187141603565 -2.192187141603565 -2.192187141603565 -2.192187141603565 -2.192187141603565 -2.192187141603565 -2.192187141603565 -2.192187141603565 -2.192187141603565 -2.192187141603565 -2.192187141603565 -2.192187141603565 -2.192187141603565 -2.192187141603565 -2.192187141603565 -2.192187141603565 -2.192187141603565 -2.191387229387848 -2.1905700787814495 -2.1897788078010594 -2.188981039602069 -2.188267623234797 -2.187606971588408 -2.1868955573289783 -2.1861591686793047 -2.1854219490922118 -2.1846663325140017 -2.1838249859826524 -2.1830679752753523 -2.1824117667684906 -2.181825341696223 -2.1813432807052786 -2.181013503278887 -2.1808602993841526 -2.1807267585916357 -2.180863419653763 -2.1813304115867966 -2.1819089260030564 -2.182558039150343 -2.183252410018933 -2.1839766952363977 -2.184721455808999 -2.1854807067969517 -2.186250524845102 -2.1870288976992103 -2.187814415368081 -2.18860472461859
-2.192187141603565 -2.192187141603565 -2.192187141603565 -2.192187141603565 -2.192187141603565 -2.192187141603565 -2.192187141603565 -2.192187141603565 -2.192187141603565 -2.192187141603565 -2.192187141603565 -2.192187141603565 -2.192187141603565 -2.192187141603565 -2.192187141603565 -2.192187141603565 -2.192187141603565 -2.1921528662589473 -2.191283399153477 -2.1904853233234456 -2.1896683572396047 -2.1889655234023637 -2.1882601247772517 -2.187533362458532 -2.1867286762025 -2.185960928540296 -2.1852689764966695 -2.1844904636197495 -2.1836212898282907 -2.1828058200472915 -2.1821281592585895 -2.1815896167941022 -2.1808293756335604 -2.180228717075207 -2.1799003415712357 -2.179968161161797 -2.180182538825731 -2.180760129214104 -2.1814317016513947 -2.182153240089208 -2.182903429378484 -2.1836712223501102 -2.184450488063529 -2.185237601831749 -2.1860303013279863 -2.1868285884964798 -2.1876300778332336 -2.188434356461794
-2.192187141603565 -2.192187141603565 -2.192187141603565 -2.192187141603565 -2.192187141603565 -2.192187141603565 -2.192187141603565 -2.192187141603565 -2.192187141603565 -2.192187141603565 -2.192187141603565 -2.192187141603565 -2.192187141603565 -2.192187141603565 -2.192187141603565 -2.192187141603565 -2.192187141603565 -2.1921515519210173 -2.1912716611065375 -2.190464886212694 -2.1896993363003716 -2.1889816540488773 -2.1882749028693116 -2.1875159695648514 -2.186721943564252 -2.1859235859166377 -2.185213721060986 -2.184434567878213 -2.1836059373535703 -2.182836829171771 -2.1819766966236895 -2.1809626708558314 -2.1801553510485445 -2.1794020820686253 -2.1789823788949487 -2.1790938290512556 -2.179624902468649 -2.180330355452841 -2.18109192518452 -2.181874690049232 -2.182668352888769 -2.183468371059053 -2.1842727183468624 -2.1850860732033954 -2.1859113433937023 -2.1867228264083196 -2.187537409036017 -2.188344632860882
-2.192187141603565 -2.192187141603565 -2.192187141603565 -2.192187141603565 -2.192187141603565 -2.192187141603565 -2.192187141603565 -2.192187141603565 -2.192187141603565 -2.192187141603565 -2.192187141603565 -2.192187141603565 -2.192187141603565 -2.192187141603565 -2.192187141603565 -2.192187141603565 -2.192187141603565 -2.1921738583318957 -2.1913154560856607 -2.190544374881994 -2.1897367160496124 -2.1890261573778678 -2.188266356748854 -2.187490074134054 -2.186759042765567 -2.1860673641104467 -2.18529369308898 -2.1844304054818844 -2.1836464026125917 -2.1825139080656384 -2.1815023809145977 -2.1806002740010277 -2.1797283482787075 -2.1789098808893566 -2.1781119223284118 -2.17851761898509 -2.179311485240155 -2.180121907742489 -2.1809351961407946 -2.1817494678519656 -2.182564214459481 -2.1833816270700352 -2.1842153566440587 -2.185065584159214 -2.185906248358315 -2.186707370616842 -2.187511227192108 -2.188312250648329
-2.192187141603565 -2.192187141603565 -2.192187141603565 -2.192187141603565 -2.192187141603565 -2.192187141603565 -2.192187141603565 -2.192187141603565 -2.192187141603565 -2.192187141603565 -2.192187141603565 -2.192187141603565 -2.192187141603565 -2.192187141603565 -2.192187141603565 -2.192187141603565 -2.192187141603565 -2.192187141603565 -2.1914550669248767 -2.190631275696826 -2.189967137526172 -2.18920686400557 -2.1884185539654393 -2.1876640623028187 -2.1869202332361564 -2.1861099321009734 -2.1853161813988677 -2.184283536375001 -2.183233003459124 -2.182329847884097 -2.181386281990217 -2.180551302784233 -2.1797482717738967 -2.179007110479002 -2.17850547972989 -2.1787294832537643 -2.179421454389501 -2.1801943236922785 -2.1809894342100575 -2.1817981527311527 -2.1826170497788593 -2.1834386284846548 -2.18425978822713 -2.1851409377787783 -2.1859894736394856 -2.1867853331136695 -2.1875845415149175 -2.188386337526647
-2.192187141603565 -2.192187141603565 -2.192187141603565 -2.192187141603565 -2.192187141603565 -2.192187141603565 -2.192187141603565 -2.192187141603565 -2.192187141603565 -2.192187141603565 -2.192187141603565 -2.192187141603565 -2.192187141603565 -2.192187141603565 -2.192187141603565 -2.192187141603565 -2.192187141603565 -2.192187141603565 -2.191705194125658 -2.190962478487332 -2.1901677428346487 -2.1893948075628344 -2.188667885871017 -2.187879968243262 -2.187076077710024 -2.1860629344649642 -2.1852296431366627 -2.18411740737563 -2.183222032052919 -2.182381150508563 -2.1815697920892263 -2.180825255921397 -2.1801464163205075 -2.1795859358874963 -2.179280751018714 -2.1794104203513065 -2.17988770078716 -2.1805518098361962 -2.18127094811418 -2.182040427604788 -2.1828524757968264 -2.1836496529581484 -2.1844639551273506 -2.185345945494723 -2.1861696870083125 -2.1869897582730817 -2.187776585336749 -2.188557381368921
-2.192187141603565 -2.192187141603565 -2.192187141603565 -2.192187141603565 -2.192187141603565 -2.192187141603565 -2.192187141603565 -2.192187141603565 -2.192187141603565 -2.192187141603565 -2.192187141603565 -2.192187141603565 -2.192187141603565 -2.192187141603565 -2.192187141603565 -2.192187141603565 -2.192187141603565 -2.192187141603565 -2.192000722104362 -2.1912607067664442 -2.190461741850083 -2.189676578625911 -2.188865880429731 -2.1878890777501563 -2.1869104085161535 -2.1859933863330667 -2.1851568712644878 -2.1842349405390333 -2.183417799813117 -2.1826655162051383 -2.1819536586728603 -2.181297612783634 -2.1807390075271322 -2.180314838059818 -2.180095657113997 -2.180174920654994 -2.1805473009508383 -2.1811119053371786 -2.1817884951272712 -2.18249975462989 -2.183247308449681 -2.1840320931326764 -2.1848110869337156 -2.1856364322075965 -2.1865089545612006 -2.1872801115043172 -2.188044575524451 -2.1888293279947364
-2.192187141603565 -2.192187141603565 -2.192187141603565 -2.192187141603565 -2.192187141603565 -2.192187141603565 -2.192187141603565 -2.192187141603565 -2.192187141603565 -2.192187141603565 -2.192187141603565 -2.192187141603565 -2.192187141603565 -2.192187141603565 -2.192187141603565 -2.192187141603565 -2.192187141603565 -2.192187141603565 -2.192187141603565 -2.1915642641829924 -2.1908314873167885 -2.189907840026832 -2.1887926986536264 -2.187860185866044 -2.1869519952362615 -2.186090563581172 -2.185277086319852 -2.1845093340962127 -2.1837960007225754 -2.1831194243743894 -2.1824956573381766 -2.181905794460543 -2.1814305280719677 -2.181060606192801 -2.1809199669887165 -2.181040033258013 -2.1813758298050905 -2.181852072141561 -2.1824559636326573 -2.1831153063688022 -2.1837960884620045 -2.184519887255956 -2.185267635718198 -2.186093479246066 -2.18696153329957 -2.1877189135573345 -2.1884350889262802 -2.1892279729991815
