output/Mappa_Temperature_20070101_1300.asc
NCOLS 153
NROWS 173
XLLCORNER 628082.1585431173
YLLCORNER 5141515.270487413
CELLSIZE 30.005356186399773
NODATA_VALUE -9999
[rows 126 to 146 of 173, columns 46 to 91 of 153]
0.26032131863753666 0.26032131863753666 0.26032131863753666 0.26032131863753666 0.26032131863753666 0.26032131863753666 0.26032131863753666 0.26032131863753666 0.26032131863753666 0.26032131863753666 0.26032131863753666 0.26032131863753666 0.26032131863753666 0.26032131863753666 0.26032131863753666 0.26032131863753666 0.26032131863753666 0.26032131863753666 0.26032131863753666 0.26032131863753666 0.26032131863753666 0.26032131863753666 0.26032131863753666 0.26032131863753666 0.26032131863753666 0.26032131863753666 0.26032131863753666 0.26032131863753666 0.26032131863753666 0.26032131863753666 0.26459693325626354 0.2721513489876639 0.2784090692054777 0.2834131803630521 0.2871126030240021 0.2894677844964985 0.29045271128073313 0.29005630637256374 0.2882830421965856 0.2851526918348868 0.2806992501629425 0.27496915841711994 0.2680190388910472 0.26032131863753666 0.26032131863753666 0.26032131863753666
0.26032131863753666 0.26032131863753666 0.26032131863753666 0.26032131863753666 0.26032131863753666 0.26032131863753666 0.26032131863753666 0.26032131863753666 0.26032131863753666 0.26032131863753666 0.26032131863753666 0.26032131863753666 0.26032131863753666 0.26032131863753666 0.26032131863753666 0.26032131863753666 0.26032131863753666 0.26032131863753666 0.26032131863753666 0.26032131863753666 0.26032131863753666 0.26032131863753666 0.26032131863753666 0.26032131863753666 0.26032131863753666 0.26032131863753666 0.26032131863753666 0.26032131863753666 0.2664107486704106 0.276550270455029 0.28560133273137456 0.29348230337530207 0.3001153470381085 0.30542953574665477 0.3093641327678146 0.3118717556917886 0.31292107436870403 0.3124987076524053 0.3106100611729645 0.3072789868956877 0.3025463133121439 0.2964674509711187 0.28910938454467616 0.2805474004859626 0.2708618715701726 0.26032131863753666
0.26032131863753666 0.26032131863753666 0.26032131863753666 0.26032131863753666 0.26032131863753666 0.26032131863753666 0.26032131863753666 0.26032131863753666 0.26032131863753666 0.26032131863753666 0.26032131863753666 0.26032131863753666 0.26032131863753666 0.26032131863753666 0.26032131863753666 0.26032131863753666 0.26032131863753666 0.26032131863753666 0.26032131863753666 0.26032131863753666 0.26032131863753666 0.26032131863753666 0.26032131863753666 0.26032131863753666 0.26032131863753666 0.26032131863753666 0.2616660178867363 0.2743205159834102 0.2860400546001096 0.296733798274589 0.30630751232112796 0.31466682267464213 0.3217204955678362 0.32738433579561266 0.3315854460824378 0.3342664458855593 0.33538914819822563 0.334937183677225 0.33291716940113997 0.3293582332284103 0.3243099713865875 0.3178391615757294 0.3100257108938199 0.30095835728031073 0.29073057697010973 0.2794370192606387
0.26032131863753666 0.26032131863753666 0.26032131863753666 0.26032131863753666 0.26032131863753666 0.26032131863753666 0.26032131863753666 0.26032131863753666 0.26032131863753666 0.26032131863753666 0.26032131863753666 0.26032131863753666 0.26032131863753666 0.26032131863753666 0.26032131863753666 0.26032131863753666 0.26032131863753666 0.26032131863753666 0.26032131863753666 0.26032131863753666 0.26032131863753666 0.26032131863753666 0.26032131863753666 0.26032131863753666 0.26032131863753666 0.2655405342012732 0.2796948716510719 0.29298421005272446 0.3053276924143188 0.3166294146162465 0.3267819330360079 0.3356758137662178 0.34320353035532875 0.3492643443410578 0.35376986858923387 0.3566497691535917 0.35785686728127175 0.35737084837775934 0.35519993089739843 0.35138018593925724 0.34597263493481617 0.3390586482012441 0.33073440124925335 0.3211051723871595 0.3102801200342224 0.2983679445654207
0.26032131863753666 0.26032131863753666 0.26032131863753666 0.26032131863753666 0.26032131863753666 0.26032131863753666 0.26032131863753666 0.26032131863753666 0.26032131863753666 0.26032131863753666 0.26032131863753666 0.26032131863753666 0.26032131863753666 0.26032131863753666 0.26032131863753666 0.26032131863753666 0.26032131863753666 0.26032131863753666 0.26032131863753666 0.26032131863753666 0.26032131863753666 0.26032131863753666 0.26032131863753666 0.26032131863753666 0.26688201289497276 0.28244454015861437 0.297196372341272 0.31118965968180534 0.32421399415538305 0.33618331117915384 0.34697846213131517 0.35647228714995327 0.364537408636908 0.3710523063497606 0.37590862113447127 0.37901896551183567 0.38032414474661336 0.37979852758976296 0.3774524937474861 0.37333143381210593 0.36751151846212515 0.36009311408240874 0.35119307311634634 0.3409371015086796 0.329453098837418 0.3168659516831771
0.26032131863753666 0.26032131863753666 0.26032131863753666 0.26032131863753666 0.26032131863753666 0.26032131863753666 0.26032131863753666 0.26032131863753666 0.26032131863753666 0.26032131863753666 0.26032131863753666 0.26032131863753666 0.26032131863753666 0.26032131863753666 0.26032131863753666 0.26032131863753666 0.26032131863753666 0.26032131863753666 0.26032131863753666 0.26032131863753666 0.26032131863753666 0.26032131863753666 0.26032131863753666 0.2656297901799173 0.2824904359115893 0.2986953080691496 0.31418798029933137 0.32886969330389537 0.34262629030790404 0.3553287160368655 0.36683780884372985 0.37700763555033734 0.3856826011554866 0.39272533132907106 0.3979899278599418 0.4013703055809227 0.4027908628442395 0.40221863176901906 0.39966698006348766 0.3951940941217877 0.3888966282715562 0.3809000497042261 0.37134773258050724 0.3603906712846616 0.3481790440433029 0.3348561242149394
0.26032131863753666 0.26032131863753666 0.26032131863753666 0.26032131863753666 0.26032131863753666 0.26032131863753666 0.26032131863753666 0.26032131863753666 0.26032131863753666 0.26032131863753666 0.26032131863753666 0.26032131863753666 0.26032131863753666 0.26032131863753666 0.26032131863753666 0.26032131863753666 0.26032131863753666 0.26032131863753666 0.26032131863753666 0.26032131863753666 0.26032131863753666 0.26032131863753666 0.261586490184412 0.27983380699098537 0.29732482189188786 0.3142266433137426 0.3304732454203131 0.3459261463750579 0.3604748928702539 0.37398130165895727 0.3861843777062071 0.3968313163794339 0.4061083515241432 0.4137881084795265 0.4199964443135652 0.42369862564117533 0.42525685788017964 0.42462895477382445 0.4218325334503581 0.4169438173587136 0.41008777419860815 0.40142356661728407 0.39112886020069815 0.3793859204130898 0.36637110666112827 0.35224809071789753
0.26032131863753666 0.26032131863753666 0.26032131863753666 0.26032131863753666 0.26032131863753666 0.26032131863753666 0.26032131863753666 0.26032131863753666 0.26032131863753666 0.26032131863753666 0.26032131863753666 0.26032131863753666 0.26032131863753666 0.26032131863753666 0.26032131863753666 0.26032131863753666 0.26032131863753666 0.26032131863753666 0.26032131863753666 0.26032131863753666 0.26032131863753666 0.26032131863753666 0.2744597992476959 0.29317548826820994 0.3113152403172884 0.3289693874177583 0.34598145279707926 0.3622358786822802 0.37750895284887 0.3915707775108047 0.4046400311540338 0.4162994028281033 0.42646091863794156 0.4347955863900036 0.4415300578107275 0.445975161573285 0.4477218953979637 0.44702634338552044 0.4439337789295284 0.4385466467008655 0.4310300344828871 0.42158907506048315 0.4104460111694466 0.3978215009760546 0.3839220067200608 0.36893294267685495
0.26032131863753666 0.26032131863753666 0.26032131863753666 0.26032131863753666 0.26032131863753666 0.26032131863753666 0.26032131863753666 0.26032131863753666 0.26032131863753666 0.26032131863753666 0.26032131863753666 0.26032131863753666 0.26032131863753666 0.26032131863753666 0.26032131863753666 0.26032131863753666 0.26032131863753666 0.26032131863753666 0.26032131863753666 0.26032131863753666 0.26032131863753666 0.2655136057653247 0.28621341497581687 0.3055730354635333 0.3244106092785497 0.34279228147262775 0.36051683448416605 0.3774898617744523 0.3930659510907737 0.40805628999622623 0.4223106383556551 0.43494106866326787 0.44662628818229155 0.4563627379168751 0.46344420085192944 0.46810365002377097 0.4701614281964682 0.4694061292830385 0.4659482297754317 0.4599539109763086 0.4516467177072971 0.4412954768094388 0.4291803882226979 0.4155684096880983 0.40069925775605986 0.3847799438730227
0.26032131863753666 0.26032131863753666 0.26032131863753666 0.26032131863753666 0.26032131863753666 0.26032131863753666 0.26032131863753666 0.26032131863753666 0.26032131863753666 0.26032131863753666 0.26032131863753666 0.26032131863753666 0.26032131863753666 0.26032131863753666 0.26032131863753666 0.26032131863753666 0.26032131863753666 0.26032131863753666 0.26032131863753666 0.26032131863753666 0.26032131863753666 0.2761602475664541 0.29658494670806834 0.3166065877675438 0.33628371118126826 0.3552579989156419 0.37314925210614414 0.39030046986243194 0.40682909769270614 0.4228952492867273 0.4386624028963436 0.4537919802840329 0.46654454144861357 0.4773297295971405 0.48523475322509935 0.4901195938928087 0.49235691228132306 0.4917593861059939 0.48784170816197103 0.4810936136204448 0.47182820096431133 0.4604036553198194 0.44717476541253853 0.4324622510088815 0.41653990366125127 0.39963341725498774
0.26032131863753666 0.26032131863753666 0.26032131863753666 0.26032131863753666 0.26032131863753666 0.26032131863753666 0.26032131863753666 0.26032131863753666 0.26032131863753666 0.26032131863753666 0.26032131863753666 0.26032131863753666 0.26032131863753666 0.26032131863753666 0.26032131863753666 0.26032131863753666 0.26032131863753666 0.26032131863753666 0.26032131863753666 0.26032131863753666 0.2643163773981293 0.28551237180159317 0.306317582514014 0.3268446019141442 0.34702245100401874 0.3664324779805665 0.3846267655227996 0.4019493133118175 0.41938161347840897 0.4364899465618266 0.45319213709698214 0.46978893878372296 0.48495596694928095 0.49706972751235146 0.5062171132453638 0.5124954907278215 0.5150747325697609 0.5140081608778857 0.5095597885872819 0.5018553295457799 0.4914139000588002 0.47871960182305406 0.46422026826644586 0.4482943401305025 0.43124544720103924 0.4133105520672954
0.26032131863753666 0.26032131863753666 0.26032131863753666 0.26032131863753666 0.26032131863753666 0.26032131863753666 0.26032131863753666 0.26032131863753666 0.26032131863753666 0.26032131863753666 0.26032131863753666 0.26032131863753666 0.26032131863753666 0.26032131863753666 0.26032131863753666 0.26032131863753666 0.26032131863753666 0.26032131863753666 0.26032131863753666 0.26032131863753666 0.27164979737359407 0.2932660570960256 0.3147635757443117 0.3355632334678251 0.3561447853062435 0.3754391227014362 0.3945249354119922 0.41339807949751267 0.4320059443764033 0.45016304927865763 0.4672064422794406 0.48279647410253307 0.4980338981021887 0.5121317218371023 0.5260132252456131 0.5336253846933111 0.5362007610189057 0.5354947714582319 0.5310106948226185 0.5220626080718104 0.5101628767818254 0.4959703391603136 0.4800402557482474 0.4628029002068249 0.44457842076473475 0.42560137352967176
0.26032131863753666 0.26032131863753666 0.26032131863753666 0.26032131863753666 0.26032131863753666 0.26032131863753666 0.26032131863753666 0.26032131863753666 0.26032131863753666 0.26032131863753666 0.26032131863753666 0.26032131863753666 0.26032131863753666 0.26032131863753666 0.26032131863753666 0.26032131863753666 0.26032131863753666 0.26032131863753666 0.26032131863753666 0.26032131863753666 0.2778324419307013 0.2999905280125461 0.3219058987487734 0.3430981699266509 0.3635520288894575 0.38384930642874104 0.402010504042296 0.4207914495658057 0.44072988664952306 0.4609001861095673 0.4811512203464207 0.49682475940655735 0.5140658052453463 0.5290071620338662 0.542571602267327 0.5494850017254236 0.553989905002406 0.5561058177407936 0.5520255424345364 0.5414206362866371 0.5277065442892979 0.511772007257376 0.49427374050577666 0.47566744140270334 0.45626318070729255 0.4362726704662907
0.26032131863753666 0.26032131863753666 0.26032131863753666 0.26032131863753666 0.26032131863753666 0.26032131863753666 0.26032131863753666 0.26032131863753666 0.26032131863753666 0.26032131863753666 0.26032131863753666 0.26032131863753666 0.26032131863753666 0.26032131863753666 0.26032131863753666 0.26032131863753666 0.26032131863753666 0.26032131863753666 0.26032131863753666 0.26032131863753666 0.2823582314420611 0.3048700474982915 0.3266689014938504 0.34864674842997767 0.36830077292159524 0.38650117346515117 0.406100041559461 0.42638693322626753 0.4466967165241453 0.46751332154715775 0.49069171510767084 0.511546727221683 0.5296247229856834 0.5457802434665988 0.5590606207569702 0.5681457131552429 0.5723663523744472 0.5760452895662295 0.5722803915553072 0.55941515421236 0.5434775656910387 0.5255950411514585 0.5064657042262253 0.48651225199822623 0.46599472085393057 0.44507799088088995
0.26032131863753666 0.26032131863753666 0.26032131863753666 0.26032131863753666 0.26032131863753666 0.26032131863753666 0.26032131863753666 0.26032131863753666 0.26032131863753666 0.26032131863753666 0.26032131863753666 0.26032131863753666 0.26032131863753666 0.26032131863753666 0.26032131863753666 0.26032131863753666 0.26032131863753666 0.26032131863753666 0.26032131863753666 0.26126557572697423 0.28521866759533643 0.30720498950951686 0.3297117221236162 0.34907420676002426 0.36850734915820527 0.3885290434549165 0.41069747707894283 0.431848283324258 0.45091098364401305 0.47235836255477526 0.49630337386732 0.5187688845890543 0.5374378727833324 0.5522742674504992 0.5732182758505793 0.589765916973674 0.5988123875813594 0.5969440145595543 0.5910380891411473 0.5751259568155351 0.5566246976127294 0.536746916867776 0.51607982911749 0.4949277746355707 0.4734596557085659 0.45177532943283927
0.26032131863753666 0.26032131863753666 0.26032131863753666 0.26032131863753666 0.26032131863753666 0.26032131863753666 0.26032131863753666 0.26032131863753666 0.26032131863753666 0.26032131863753666 0.26032131863753666 0.26032131863753666 0.26032131863753666 0.26032131863753666 0.26032131863753666 0.26032131863753666 0.26032131863753666 0.26032131863753666 0.26032131863753666 0.2613017846382686 0.28554204097532504 0.3077680148249087 0.3288582748984045 0.34862982093408657 0.3681002250766706 0.38900820313507123 0.4108829556339304 0.43287704138700744 0.4524332247026358 0.4738982435043969 0.4967263217110401 0.5179146091337735 0.5416105417498773 0.5695461039137286 0.5917870896732185 0.612539020326023 0.6241014918826807 0.6210311332504469 0.6064005045864074 0.5869658646411147 0.5659852552169012 0.544420737597123 0.5225559898817767 0.5005161581174651 0.4783570627846081 0.45594981646384014
0.26032131863753666 0.26032131863753666 0.26032131863753666 0.26032131863753666 0.26032131863753666 0.26032131863753666 0.26032131863753666 0.26032131863753666 0.26032131863753666 0.26032131863753666 0.26032131863753666 0.26032131863753666 0.26032131863753666 0.26032131863753666 0.26032131863753666 0.26032131863753666 0.26032131863753666 0.26032131863753666 0.26032131863753666 0.2606872616670013 0.28433552591383005 0.3055781684394937 0.32782849405679315 0.3474037914258471 0.368335663550608 0.38972160060454475 0.4098609036533678 0.4289160723483134 0.4502300621893455 0.47401291404353374 0.49561153765453614 0.5268108156409052 0.5546775430003887 0.5795298342945332 0.6035506590015957 0.6260987513273418 0.6480818425762146 0.6369052388531395 0.615034887210026 0.5927084247959153 0.5703030093437764 0.5478705044442904 0.525424916547373 0.5029058824956634 0.4799373297416025 0.45651427250193144
0.26032131863753666 0.26032131863753666 0.26032131863753666 0.26032131863753666 0.26032131863753666 0.26032131863753666 0.26032131863753666 0.26032131863753666 0.26032131863753666 0.26032131863753666 0.26032131863753666 0.26032131863753666 0.26032131863753666 0.26032131863753666 0.26032131863753666 0.26032131863753666 0.26032131863753666 0.26032131863753666 0.26032131863753666 0.26032131863753666 0.2804893640100921 0.3031841236412398 0.32148057501336214 0.34242547490603686 0.36414275747277225 0.38492837201189467 0.405420240946198 0.4277433597967755 0.44961052805242346 0.478059035153385 0.5070003387247192 0.5318815197653108 0.5578759713066335 0.5808789503764813 0.6030017833654728 0.6234201574179881 0.6372396651853625 0.6310685553727734 0.6120053290813053 0.590713425920113 0.5688087958794227 0.5465292767239535 0.5239693476696468 0.501335541176943 0.4787132767734089 0.45443834327963734
0.26032131863753666 0.26032131863753666 0.26032131863753666 0.26032131863753666 0.26032131863753666 0.26032131863753666 0.26032131863753666 0.26032131863753666 0.26032131863753666 0.26032131863753666 0.26032131863753666 0.26032131863753666 0.26032131863753666 0.26032131863753666 0.26032131863753666 0.26032131863753666 0.26032131863753666 0.26032131863753666 0.26032131863753666 0.26032131863753666 0.2735985687385488 0.2940597636531962 0.31595406647383717 0.3372477870270854 0.3572738719192722 0.37898034385312107 0.4011268559794616 0.4290381053781029 0.45199458482886123 0.4826357501998487 0.507302591793431 0.5304681753509921 0.5528204214961072 0.5733317704765682 0.5920332339610205 0.6074740013206115 0.6158815893164964 0.6123093076089858 0.5991606306147761 0.5808649815188542 0.5610533231706181 0.5398548065007005 0.517483557694329 0.49552199335170155 0.47308864935894146 0.4487905520948493
0.26032131863753666 0.26032131863753666 0.26032131863753666 0.26032131863753666 0.26032131863753666 0.26032131863753666 0.26032131863753666 0.26032131863753666 0.26032131863753666 0.26032131863753666 0.26032131863753666 0.26032131863753666 0.26032131863753666 0.26032131863753666 0.26032131863753666 0.26032131863753666 0.26032131863753666 0.26032131863753666 0.26032131863753666 0.26032131863753666 0.26545701999106985 0.28584382388688917 0.30785463938615715 0.3294852298040287 0.3518192873530905 0.37872938455385996 0.4056909037686902 0.43095409826858355 0.453999389068967 0.479397809807538 0.5019093536647437 0.5226341381442648 0.5422452180351132 0.5603187338191723 0.5757078416335865 0.5873933558460832 0.5934316076649002 0.5912479633759805 0.5809891975408921 0.5654348187149332 0.5467953356369155 0.5272007309632116 0.5066062481940989 0.48498608626916706 0.46352545830091896 0.4407878860063499
0.26032131863753666 0.26032131863753666 0.26032131863753666 0.26032131863753666 0.26032131863753666 0.26032131863753666 0.26032131863753666 0.26032131863753666 0.26032131863753666 0.26032131863753666 0.26032131863753666 0.26032131863753666 0.26032131863753666 0.26032131863753666 0.26032131863753666 0.26032131863753666 0.26032131863753666 0.26032131863753666 0.26032131863753666 0.26032131863753666 0.26032131863753666 0.277481070839547 0.2976684608911234 0.3231141715466152 0.3538353841037616 0.3795253318071482 0.4045452243968656 0.4282769463249234 0.45068756479529776 0.47183849670429096 0.49149023479072285 0.5101293475553814 0.5273136079245238 0.5435638370692745 0.5566570287447848 0.5668480672556723 0.5707225597517133 0.5674148344097125 0.5581639202686843 0.5450438420446049 0.5284071363271075 0.5102427951665186 0.4914878176427967 0.47154776597587833 0.4509479209699311 0.4281966221945635
