output/Mappa_Temperature_20070102_0900.asc
NCOLS 153
NROWS 173
XLLCORNER 628082.1585431173
YLLCORNER 5141515.270487413
CELLSIZE 30.005356186399773
NODATA_VALUE -9999
[rows 126 to 146 of 173, columns 48 to 95 of 153]
-4.983161942606803 -4.983161942606803 -4.983161942606803 -4.983161942606803 -4.983161942606803 -4.983161942606803 -4.983161942606803 -4.983161942606803 -4.983161942606803 -4.983161942606803 -4.983161942606803 -4.983161942606803 -4.983161942606803 -4.983161942606803 -4.983161942606803 -4.983161942606803 -4.983161942606803 -4.983161942606803 -4.983161942606803 -4.983161942606803 -4.983161942606803 -4.983161942606803 -4.983161942606803 -4.983161942606803 -4.983161942606803 -4.983161942606803 -4.983161942606803 -4.983161942606803 -4.987904162189602 -4.9962830039264485 -5.003223639602689 -5.008773857768285 -5.012877004602657 -5.015489210962651 -5.01658162445178 -5.016141959213944 -5.014175175756904 -5.010703205032218 -5.005763751832889 -4.999408325604985 -4.99169972792759 -4.983161942606803 -4.983161942606803 -4.983161942606803 -4.983161942606803 -4.983161942606803 -4.983161942606803 -4.983161942606803
-4.983161942606803 -4.983161942606803 -4.983161942606803 -4.983161942606803 -4.983161942606803 -4.983161942606803 -4.983161942606803 -4.983161942606803 -4.983161942606803 -4.983161942606803 -4.983161942606803 -4.983161942606803 -4.983161942606803 -4.983161942606803 -4.983161942606803 -4.983161942606803 -4.983161942606803 -4.983161942606803 -4.983161942606803 -4.983161942606803 -4.983161942606803 -4.983161942606803 -4.983161942606803 -4.983161942606803 -4.983161942606803 -4.983161942606803 -4.989915922309155 -5.0011619870402155 -5.011200806859015 -5.019941840991377 -5.027298759786992 -5.033192894784565 -5.0375568809498334 -5.0403381649515016 -5.041501997528105 -5.041033537226649 -5.038938779602673 -5.035244179626271 -5.029995021470483 -5.0232527627298325 -5.015091698225518 -5.005595330547057 -4.994852803684824 -4.983161942606803 -4.983161942606803 -4.983161942606803 -4.983161942606803 -4.983161942606803
-4.983161942606803 -4.983161942606803 -4.983161942606803 -4.983161942606803 -4.983161942606803 -4.983161942606803 -4.983161942606803 -4.983161942606803 -4.983161942606803 -4.983161942606803 -4.983161942606803 -4.983161942606803 -4.983161942606803 -4.983161942606803 -4.983161942606803 -4.983161942606803 -4.983161942606803 -4.983161942606803 -4.983161942606803 -4.983161942606803 -4.983161942606803 -4.983161942606803 -4.983161942606803 -4.983161942606803 -4.984653391130857 -4.99868889573918 -5.011687407177997 -5.023548176959353 -5.034166686408928 -5.043438262262253 -5.051261714258666 -5.057543658829715 -5.062203243298441 -5.06517682508763 -5.06642204977871 -5.065920761614706 -5.063680299807029 -5.059732970985972 -5.054133783898214 -5.0469568038057595 -5.038290658201641 -5.028233769144845 -5.016889814087903 -5.004363771564159 -4.990758742954259 -4.983161942606803 -4.983161942606803 -4.983161942606803
-4.983161942606803 -4.983161942606803 -4.983161942606803 -4.983161942606803 -4.983161942606803 -4.983161942606803 -4.983161942606803 -4.983161942606803 -4.983161942606803 -4.983161942606803 -4.983161942606803 -4.983161942606803 -4.983161942606803 -4.983161942606803 -4.983161942606803 -4.983161942606803 -4.983161942606803 -4.983161942606803 -4.983161942606803 -4.983161942606803 -4.983161942606803 -4.983161942606803 -4.983161942606803 -4.988950739881653 -5.004649763816602 -5.019389389912629 -5.033079937119273 -5.04561503514018 -5.0568755148508755 -5.066739999638894 -5.075089228511466 -5.081811469249668 -5.086808688883753 -5.090002877806437 -5.091341708568777 -5.09080264961062 -5.088394816279957 -5.0841582161751555 -5.078160530098408 -5.070492008445515 -5.061259322521274 -5.050579239831626 -5.038572831436422 -5.02536066036411 -5.011059136729613 -4.995778018873509 -4.983161942606803 -4.983161942606803
-4.983161942606803 -4.983161942606803 -4.983161942606803 -4.983161942606803 -4.983161942606803 -4.983161942606803 -4.983161942606803 -4.983161942606803 -4.983161942606803 -4.983161942606803 -4.983161942606803 -4.983161942606803 -4.983161942606803 -4.983161942606803 -4.983161942606803 -4.983161942606803 -4.983161942606803 -4.983161942606803 -4.983161942606803 -4.983161942606803 -4.983161942606803 -4.983161942606803 -4.990438616385604 -5.007699508240611 -5.024061232506487 -5.039581630664772 -5.054027332511479 -5.067302881092084 -5.079276124896711 -5.089806026895329 -5.098751308559768 -5.105977187940596 -5.111363480468326 -5.114813261922192 -5.116260877546649 -5.115677898911643 -5.1130758384780215 -5.108505040389291 -5.102049987957289 -5.093822000718089 -5.08395068341738 -5.07257546049961 -5.059838189437323 -5.045877385892272 -5.030824179431231 -5.014799836080977 -4.997914543188256 -4.983161942606803
-4.983161942606803 -4.983161942606803 -4.983161942606803 -4.983161942606803 -4.983161942606803 -4.983161942606803 -4.983161942606803 -4.983161942606803 -4.983161942606803 -4.983161942606803 -4.983161942606803 -4.983161942606803 -4.983161942606803 -4.983161942606803 -4.983161942606803 -4.983161942606803 -4.983161942606803 -4.983161942606803 -4.983161942606803 -4.983161942606803 -4.983161942606803 -4.989049736514311 -5.007750412673756 -5.025723749593732 -5.042907163018803 -5.059191115883584 -5.074448993293615 -5.088537655956784 -5.10130275528307 -5.112582432162862 -5.122204111252619 -5.130015426332159 -5.135854557074878 -5.139603841062132 -5.141179426112078 -5.14054474650394 -5.137714628786249 -5.13275360933154 -5.12576889051563 -5.116899631974111 -5.106304854529294 -5.094152030834776 -5.080607728317849 -5.065830855997918 -5.049968432915099 -5.033153440079973 -5.015504202060474 -4.997124779153498
-4.983161942606803 -4.983161942606803 -4.983161942606803 -4.983161942606803 -4.983161942606803 -4.983161942606803 -4.983161942606803 -4.983161942606803 -4.983161942606803 -4.983161942606803 -4.983161942606803 -4.983161942606803 -4.983161942606803 -4.983161942606803 -4.983161942606803 -4.983161942606803 -4.983161942606803 -4.983161942606803 -4.983161942606803 -4.983161942606803 -4.984565184437563 -5.004803861402193 -5.024203699971087 -5.0429500453925495 -5.060969666320565 -5.078108968164492 -5.094245443662666 -5.109225829399619 -5.122760647516338 -5.134569504388497 -5.144858957872183 -5.15337681953012 -5.160262681422305 -5.164368887981244 -5.166097172706891 -5.165400745485877 -5.162299146033063 -5.156876916189661 -5.149272661589166 -5.139662914564348 -5.128244729643267 -5.115220263224676 -5.10078512111184 -5.085120836851781 -5.0683909268344385 -5.050739596475173 -5.032292173644423 -5.013156523908889
-4.983161942606803 -4.983161942606803 -4.983161942606803 -4.983161942606803 -4.983161942606803 -4.983161942606803 -4.983161942606803 -4.983161942606803 -4.983161942606803 -4.983161942606803 -4.983161942606803 -4.983161942606803 -4.983161942606803 -4.983161942606803 -4.983161942606803 -4.983161942606803 -4.983161942606803 -4.983161942606803 -4.983161942606803 -4.983161942606803 -4.998843379218714 -5.019601542639231 -5.039720916124741 -5.059301689782593 -5.078170310268717 -5.096198608797387 -5.113138459055433 -5.128734874127474 -5.1432303972478275 -5.156162175625083 -5.167432634626064 -5.176676878589686 -5.184146294123839 -5.189076499483803 -5.191013857287999 -5.19024239852279 -5.186812337342805 -5.180837298376944 -5.172500385714076 -5.162029118622497 -5.149669993558933 -5.135667749483856 -5.120251380206071 -5.103626534570499 -5.085972771318998 -5.06744394478639 -5.048170305818668 -5.028261340384771
-4.983161942606803 -4.983161942606803 -4.983161942606803 -4.983161942606803 -4.983161942606803 -4.983161942606803 -4.983161942606803 -4.983161942606803 -4.983161942606803 -4.983161942606803 -4.983161942606803 -4.983161942606803 -4.983161942606803 -4.983161942606803 -4.983161942606803 -4.983161942606803 -4.983161942606803 -4.983161942606803 -4.983161942606803 -4.988920872700512 -5.0118796866610404 -5.033352054865198 -5.054245404571403 -5.074633099351369 -5.094291962434948 -5.113117284540182 -5.130393218497323 -5.147019478122986 -5.162829427325159 -5.176838237586404 -5.1897986846271 -5.2005976893821275 -5.208451964194084 -5.2136199068358176 -5.215902253777219 -5.215064527831931 -5.2112292619759994 -5.2045807731551745 -5.195367002010827 -5.183886112906112 -5.170448884468406 -5.155351407982867 -5.1388595606674174 -5.121202945473379 -5.10257492737639 -5.083135880437355 -5.063017697931016 -5.04232845105726
-4.983161942606803 -4.983161942606803 -4.983161942606803 -4.983161942606803 -4.983161942606803 -4.983161942606803 -4.983161942606803 -4.983161942606803 -4.983161942606803 -4.983161942606803 -4.983161942606803 -4.983161942606803 -4.983161942606803 -4.983161942606803 -4.983161942606803 -4.983161942606803 -4.983161942606803 -4.983161942606803 -4.983161942606803 -5.000729400302429 -5.023383080972789 -5.0455897171593564 -5.067414237914113 -5.088459221358012 -5.108302976889496 -5.127325935683883 -5.145658360273842 -5.163477837823502 -5.180965687239357 -5.197746380675374 -5.2118906501379785 -5.223852843881565 -5.232620555940276 -5.238038487428256 -5.240519968109067 -5.239857232904291 -5.235512012223299 -5.22802748685442 -5.217750924240897 -5.205079598850016 -5.190407018093499 -5.174088902421506 -5.15642892271581 -5.137677403212401 -5.118036586549093 -5.0976682177255075 -5.076701189933595 -5.055238286865965
-4.983161942606803 -4.983161942606803 -4.983161942606803 -4.983161942606803 -4.983161942606803 -4.983161942606803 -4.983161942606803 -4.983161942606803 -4.983161942606803 -4.983161942606803 -4.983161942606803 -4.983161942606803 -4.983161942606803 -4.983161942606803 -4.983161942606803 -4.983161942606803 -4.983161942606803 -4.983161942606803 -4.987592988802109 -5.011102137474394 -5.034177855578779 -5.056945022888339 -5.079324914348552 -5.100853189985864 -5.121033050513978 -5.140246036873707 -5.159580753071272 -5.17855614711682 -5.197081075599516 -5.215489113972754 -5.232311345252573 -5.245747100737161 -5.255892755952317 -5.262856303254997 -5.2657170220667595 -5.264534053624859 -5.259600223036926 -5.251054963512962 -5.239474043387768 -5.225394395184725 -5.209312725141659 -5.191648773870242 -5.172739306781924 -5.152847146589047 -5.132174877604233 -5.110878186683091 -5.089077044478135 -5.066864458406721
-4.983161942606803 -4.983161942606803 -4.983161942606803 -4.983161942606803 -4.983161942606803 -4.983161942606803 -4.983161942606803 -4.983161942606803 -4.983161942606803 -4.983161942606803 -4.983161942606803 -4.983161942606803 -4.983161942606803 -4.983161942606803 -4.983161942606803 -4.983161942606803 -4.983161942606803 -4.983161942606803 -4.995726717147089 -5.019701995394484 -5.043545574156002 -5.066615133264522 -5.089442784228449 -5.110842744887179 -5.132011424214172 -5.152944226033913 -5.173582798284145 -5.19372141836868 -5.212624785311919 -5.229916183344876 -5.246816492873732 -5.262452835657705 -5.277849250716778 -5.2862921378381165 -5.289148569283272 -5.288365533902766 -5.283392102495024 -5.273467496092845 -5.260269127253364 -5.244527734298172 -5.226859174278409 -5.207740677338534 -5.187527330018105 -5.166479285924595 -5.144786916598342 -5.12259044433089 -5.09999424395029 -5.077076968364298
-4.983161942606803 -4.983161942606803 -4.983161942606803 -4.983161942606803 -4.983161942606803 -4.983161942606803 -4.983161942606803 -4.983161942606803 -4.983161942606803 -4.983161942606803 -4.983161942606803 -4.983161942606803 -4.983161942606803 -4.983161942606803 -4.983161942606803 -4.983161942606803 -4.983161942606803 -4.983161942606803 -5.00258408403039 -5.027160319052709 -5.051467350798378 -5.074972369923244 -5.097658392674783 -5.120170746010542 -5.140313905450802 -5.161144446925461 -5.183258798947441 -5.205630316874108 -5.228091380298613 -5.2454753988528555 -5.264597988818413 -5.281169920826922 -5.296214671077117 -5.3038825413641915 -5.30887907225946 -5.311225898088786 -5.306700335523866 -5.294938098256724 -5.279727364495724 -5.262053864825132 -5.242645982998957 -5.222009147400269 -5.200487267327992 -5.178315159318109 -5.1556554341473735 -5.1326227956994 -5.109299754749373 -5.085746814870753
-4.983161942606803 -4.983161942606803 -4.983161942606803 -4.983161942606803 -4.983161942606803 -4.983161942606803 -4.983161942606803 -4.983161942606803 -4.983161942606803 -4.983161942606803 -4.983161942606803 -4.983161942606803 -4.983161942606803 -4.983161942606803 -4.983161942606803 -4.983161942606803 -4.983161942606803 -4.983161942606803 -5.007603780509674 -5.0325723486492455 -5.056750147987752 -5.081126474065358 -5.102925375074053 -5.123112015725543 -5.144849741027172 -5.16735057506285 -5.189876798931522 -5.21296515482664 -5.238673045186795 -5.261803999602903 -5.281854877236805 -5.299773476649239 -5.314503163692953 -5.32457972739772 -5.32926097202383 -5.333341397775572 -5.3291656301569414 -5.314896387976436 -5.297219503802317 -5.27738542949401 -5.256168476082103 -5.234037470288073 -5.2112808267035415 -5.1880814190553775 -5.164559128011463 -5.140775439308783 -5.116773436144938 -5.092625023088458
-4.983161942606803 -4.983161942606803 -4.983161942606803 -4.983161942606803 -4.983161942606803 -4.983161942606803 -4.983161942606803 -4.983161942606803 -4.983161942606803 -4.983161942606803 -4.983161942606803 -4.983161942606803 -4.983161942606803 -4.983161942606803 -4.983161942606803 -4.983161942606803 -4.983161942606803 -4.9842092480494165 -5.010776380837588 -5.035162106781762 -5.060125036714677 -5.081600581636863 -5.103154495320375 -5.125361190554051 -5.149948902363106 -5.173407931418068 -5.19455097606046 -5.218338943251152 -5.244897113638952 -5.269814323065546 -5.29052068912066 -5.306976204316214 -5.330205867331718 -5.3485593801668925 -5.358593107220569 -5.356520835530508 -5.349970386607674 -5.332321736706409 -5.311801404187731 -5.289754328032073 -5.266831806479356 -5.243371392965649 -5.219560422366097 -5.195509649348767 -5.171288200779708 -5.146896017251549 -5.122405989389745 -5.0978307329030725
-4.983161942606803 -4.983161942606803 -4.983161942606803 -4.983161942606803 -4.983161942606803 -4.983161942606803 -4.983161942606803 -4.983161942606803 -4.983161942606803 -4.983161942606803 -4.983161942606803 -4.983161942606803 -4.983161942606803 -4.983161942606803 -4.983161942606803 -4.983161942606803 -4.983161942606803 -4.984249408499683 -5.011135044494604 -5.035786575990128 -5.05917845136843 -5.081107699243571 -5.102702941107881 -5.125892641730345 -5.150154622502558 -5.174548959566342 -5.196239341828107 -5.220046873980567 -5.24536621848723 -5.268866819103097 -5.295148728420329 -5.326132945138477 -5.350801126818717 -5.3738177503215985 -5.386642053709789 -5.383236621712195 -5.367009328107335 -5.345453753446899 -5.322183495076369 -5.298265605633707 -5.274014721483732 -5.249569646070114 -5.224992291655536 -5.200139705121297 -5.174923037815549 -5.150127646628102 -5.125237544747579 -5.1005722958727135
-4.983161942606803 -4.983161942606803 -4.983161942606803 -4.983161942606803 -4.983161942606803 -4.983161942606803 -4.983161942606803 -4.983161942606803 -4.983161942606803 -4.983161942606803 -4.983161942606803 -4.983161942606803 -4.983161942606803 -4.983161942606803 -4.983161942606803 -4.983161942606803 -4.983161942606803 -4.98356782161024 -5.009796860429444 -5.033357748011402 -5.058036288823725 -5.079747871087497 -5.1029640733756905 -5.126683893457107 -5.149021032282432 -5.1701557233612165 -5.193795744510236 -5.220174058707161 -5.244129776184829 -5.2787338834839685 -5.309641753340591 -5.337206216689638 -5.363848474114313 -5.3888572774132815 -5.413239420124246 -5.400843094970755 -5.376585995327011 -5.351823008782079 -5.326972452922221 -5.302091851298392 -5.277196738907758 -5.252220165060802 -5.226745015784764 -5.200765761189532 -5.175078719934878 -5.1505999083870995 -5.126037548013232 -5.101561755434222
-4.983161942606803 -4.983161942606803 -4.983161942606803 -4.983161942606803 -4.983161942606803 -4.983161942606803 -4.983161942606803 -4.983161942606803 -4.983161942606803 -4.983161942606803 -4.983161942606803 -4.983161942606803 -4.983161942606803 -4.983161942606803 -4.983161942606803 -4.983161942606803 -4.983161942606803 -4.983161942606803 -5.005530960453645 -5.030702437106004 -5.050995610773384 -5.07422626257156 -5.098313588454975 -5.12136757182295 -5.144095752637647 -5.168855030730374 -5.193108599578258 -5.224661739771179 -5.25676145613631 -5.284357962018084 -5.313189231469611 -5.338702564062772 -5.363239698763339 -5.385886364077063 -5.4012140178071455 -5.3943694444742905 -5.373225816460015 -5.349610292347107 -5.3253151734470086 -5.300604253156937 -5.275582321367451 -5.2504784497713315 -5.225387379871847 -5.198463282344182 -5.172535717350503 -5.148217713600526 -5.123797381206317 -5.099297982691326
-4.983161942606803 -4.983161942606803 -4.983161942606803 -4.983161942606803 -4.983161942606803 -4.983161942606803 -4.983161942606803 -4.983161942606803 -4.983161942606803 -4.983161942606803 -4.983161942606803 -4.983161942606803 -4.983161942606803 -4.983161942606803 -4.983161942606803 -4.983161942606803 -4.983161942606803 -4.983161942606803 -4.997888161185754 -5.020582320473813 -5.044865985127085 -5.068483524967094 -5.0906950899492545 -5.114770425417362 -5.139333823399084 -5.170291074059356 -5.195752832452334 -5.229737919374273 -5.257096694587206 -5.282790376967392 -5.307581961064956 -5.3303317478157926 -5.3510741332437295 -5.368199977333005 -5.377525099448446 -5.3735629686721 -5.358979354597825 -5.338687070760385 -5.3167133330490275 -5.2932013868511465 -5.26838872630017 -5.244030459762675 -5.219148927473917 -5.192199138274989 -5.167029180680277 -5.141971369924973 -5.117929357351631 -5.09407162686756
-4.983161942606803 -4.983161942606803 -4.983161942606803 -4.983161942606803 -4.983161942606803 -4.983161942606803 -4.983161942606803 -4.983161942606803 -4.983161942606803 -4.983161942606803 -4.983161942606803 -4.983161942606803 -4.983161942606803 -4.983161942606803 -4.983161942606803 -4.983161942606803 -4.983161942606803 -4.983161942606803 -4.988858111626213 -5.011469761479313 -5.035882654034424 -5.059873826909983 -5.084645237459628 -5.114492078510642 -5.144395953345996 -5.172416162453885 -5.197976424327405 -5.226146617139241 -5.251114883374255 -5.27410139819662 -5.295852667988548 -5.31589857673481 -5.332967123586465 -5.345927897481019 -5.352625113805346 -5.350203164768263 -5.338824842684357 -5.321572988519659 -5.300899347523413 -5.279166350916593 -5.2563243578479115 -5.23234475154414 -5.208542089404187 -5.183323127870945 -5.156662639989394 -5.133099438139237 -5.109740742902964 -5.085762120879522
-4.983161942606803 -4.983161942606803 -4.983161942606803 -4.983161942606803 -4.983161942606803 -4.983161942606803 -4.983161942606803 -4.983161942606803 -4.983161942606803 -4.983161942606803 -4.983161942606803 -4.983161942606803 -4.983161942606803 -4.983161942606803 -4.983161942606803 -4.983161942606803 -4.983161942606803 -4.983161942606803 -4.983161942606803 -5.002194367225232 -5.024584840868225 -5.052807484424596 -5.086881354215798 -5.1153748888170005 -5.143125244070919 -5.1694468484474845 -5.194303175139653 -5.217762343572178 -5.239558708656474 -5.260231938926442 -5.279291546329208 -5.29731519012014 -5.311837263670225 -5.323140467233923 -5.327437789566869 -5.323769086634039 -5.313508604782793 -5.298956710510197 -5.28050441331268 -5.260357767264845 -5.239556027721156 -5.217439884913815 -5.194591944418437 -5.169357758410625 -5.142833802344316 -5.119691556073404 -5.097808351974444 -5.0735812635454165
