output/Mappa_Temperature_20070101_0000.asc
NCOLS 153
NROWS 173
XLLCORNER 628082.1585431173
YLLCORNER 5141515.270487413
CELLSIZE 30.005356186399773
NODATA_VALUE -9999
[rows 126 to 146 of 173, columns 46 to 91 of 153]
-1.7827775412152131 -1.7827775412152131 -1.7827775412152131 -1.7827775412152131 -1.7827775412152131 -1.7827775412152131 -1.7827775412152131 -1.7827775412152131 -1.7827775412152131 -1.7827775412152131 -1.7827775412152131 -1.7827775412152131 -1.7827775412152131 -1.7827775412152131 -1.7827775412152131 -1.7827775412152131 -1.7827775412152131 -1.7827775412152131 -1.7827775412152131 -1.7827775412152131 -1.7827775412152131 -1.7827775412152131 -1.7827775412152131 -1.7827775412152131 -1.7827775412152131 -1.7827775412152131 -1.7827775412152131 -1.7827775412152131 -1.7827775412152131 -1.7827775412152131 -1.7797761892043886 -1.774473218083758 -1.7700804879539995 -1.7665677534293787 -1.7639708707277184 -1.7623176046411597 -1.7616262158589633 -1.7619044801026646 -1.763149257865606 -1.7653466690428241 -1.768472850260992 -1.7724952011782633 -1.7773739746588513 -1.7827775412152131 -1.7827775412152131 -1.7827775412152131
-1.7827775412152131 -1.7827775412152131 -1.7827775412152131 -1.7827775412152131 -1.7827775412152131 -1.7827775412152131 -1.7827775412152131 -1.7827775412152131 -1.7827775412152131 -1.7827775412152131 -1.7827775412152131 -1.7827775412152131 -1.7827775412152131 -1.7827775412152131 -1.7827775412152131 -1.7827775412152131 -1.7827775412152131 -1.7827775412152131 -1.7827775412152131 -1.7827775412152131 -1.7827775412152131 -1.7827775412152131 -1.7827775412152131 -1.7827775412152131 -1.7827775412152131 -1.7827775412152131 -1.7827775412152131 -1.7827775412152131 -1.778502945700011 -1.771385308398514 -1.7650317367168584 -1.7594995339346406 -1.7548433381100552 -1.7511129385327766 -1.7483509705505555 -1.7465906951804837 -1.7458541052391996 -1.7461505938861712 -1.7474763665327457 -1.7498146798214422 -1.7531368733873307 -1.7574040507028106 -1.7625691905561691 -1.7685794441367235 -1.7753783921897108 -1.7827775412152131
-1.7827775412152131 -1.7827775412152131 -1.7827775412152131 -1.7827775412152131 -1.7827775412152131 -1.7827775412152131 -1.7827775412152131 -1.7827775412152131 -1.7827775412152131 -1.7827775412152131 -1.7827775412152131 -1.7827775412152131 -1.7827775412152131 -1.7827775412152131 -1.7827775412152131 -1.7827775412152131 -1.7827775412152131 -1.7827775412152131 -1.7827775412152131 -1.7827775412152131 -1.7827775412152131 -1.7827775412152131 -1.7827775412152131 -1.7827775412152131 -1.7827775412152131 -1.7827775412152131 -1.781833603055338 -1.7729505285279734 -1.7647237672480591 -1.7572170829598943 -1.7504966255597334 -1.7446286427839375 -1.739677177974885 -1.7357013336174045 -1.7327522813918288 -1.7308703007018766 -1.7300821976701108 -1.730399463079857 -1.731817451942294 -1.7343157173826895 -1.7378594443509183 -1.742401756923343 -1.7478865627365037 -1.7542515704436004 -1.7614311625578793 -1.7693588981382173
-1.7827775412152131 -1.7827775412152131 -1.7827775412152131 -1.7827775412152131 -1.7827775412152131 -1.7827775412152131 -1.7827775412152131 -1.7827775412152131 -1.7827775412152131 -1.7827775412152131 -1.7827775412152131 -1.7827775412152131 -1.7827775412152131 -1.7827775412152131 -1.7827775412152131 -1.7827775412152131 -1.7827775412152131 -1.7827775412152131 -1.7827775412152131 -1.7827775412152131 -1.7827775412152131 -1.7827775412152131 -1.7827775412152131 -1.7827775412152131 -1.7827775412152131 -1.7791138099101191 -1.7691778935670528 -1.7598491803664675 -1.7511844294685976 -1.7432509626617483 -1.7361242021158771 -1.7298809671206707 -1.7245967379895657 -1.7203422300730573 -1.7171794884632638 -1.7151578854609857 -1.714310539122306 -1.7146517096775211 -1.7161756280205087 -1.7188569733318324 -1.722652910414128 -1.7275063197683582 -1.7333496890978917 -1.7401091162177633 -1.7477079752226123 -1.7560699617402937
-1.7827775412152131 -1.7827775412152131 -1.7827775412152131 -1.7827775412152131 -1.7827775412152131 -1.7827775412152131 -1.7827775412152131 -1.7827775412152131 -1.7827775412152131 -1.7827775412152131 -1.7827775412152131 -1.7827775412152131 -1.7827775412152131 -1.7827775412152131 -1.7827775412152131 -1.7827775412152131 -1.7827775412152131 -1.7827775412152131 -1.7827775412152131 -1.7827775412152131 -1.7827775412152131 -1.7827775412152131 -1.7827775412152131 -1.7827775412152131 -1.7781721324826962 -1.7672477095256598 -1.7568923699702985 -1.7470695059278722 -1.737926817461349 -1.7295247193021384 -1.7219468501753168 -1.715282472453969 -1.709621001355426 -1.7050477404106386 -1.7016387544649791 -1.699455386883047 -1.6985391905767604 -1.6989081579069125 -1.7005550026340202 -1.7034478619365399 -1.7075332663043694 -1.7127407615740928 -1.718988320868357 -1.7261877024199155 -1.7342491245973854 -1.7430849208023254
-1.7827775412152131 -1.7827775412152131 -1.7827775412152131 -1.7827775412152131 -1.7827775412152131 -1.7827775412152131 -1.7827775412152131 -1.7827775412152131 -1.7827775412152131 -1.7827775412152131 -1.7827775412152131 -1.7827775412152131 -1.7827775412152131 -1.7827775412152131 -1.7827775412152131 -1.7827775412152131 -1.7827775412152131 -1.7827775412152131 -1.7827775412152131 -1.7827775412152131 -1.7827775412152131 -1.7827775412152131 -1.7827775412152131 -1.7790511549154877 -1.7672154920966439 -1.7558401624721631 -1.7449647756336377 -1.7346586576183198 -1.7250019430259305 -1.7160852247517902 -1.7080061900587757 -1.7008672796195767 -1.6947777164141329 -1.689833933062937 -1.6861383456928996 -1.6837654228794703 -1.6827682346904147 -1.6831699235799469 -1.6849611058216258 -1.6881009363284516 -1.692521566688801 -1.69813492273302 -1.7048403601411872 -1.7125318854271625 -1.7211040780227653 -1.730456364368169
-1.7827775412152131 -1.7827775412152131 -1.7827775412152131 -1.7827775412152131 -1.7827775412152131 -1.7827775412152131 -1.7827775412152131 -1.7827775412152131 -1.7827775412152131 -1.7827775412152131 -1.7827775412152131 -1.7827775412152131 -1.7827775412152131 -1.7827775412152131 -1.7827775412152131 -1.7827775412152131 -1.7827775412152131 -1.7827775412152131 -1.7827775412152131 -1.7827775412152131 -1.7827775412152131 -1.7827775412152131 -1.7818894290945317 -1.769080365164938 -1.7568022022747962 -1.7449376353681092 -1.7335330125828698 -1.7226855439755542 -1.7124727644240283 -1.702991674383909 -1.6944254844676683 -1.6869516558732789 -1.6804394580797468 -1.6750485012148 -1.6706904374272555 -1.6680916182251213 -1.6669977863714787 -1.667438555341305 -1.669401558443955 -1.6728332891260764 -1.6776460238460777 -1.6837280352445125 -1.6909546074591701 -1.6991977956525528 -1.708333800860758 -1.7182477304545245
-1.7827775412152131 -1.7827775412152131 -1.7827775412152131 -1.7827775412152131 -1.7827775412152131 -1.7827775412152131 -1.7827775412152131 -1.7827775412152131 -1.7827775412152131 -1.7827775412152131 -1.7827775412152131 -1.7827775412152131 -1.7827775412152131 -1.7827775412152131 -1.7827775412152131 -1.7827775412152131 -1.7827775412152131 -1.7827775412152131 -1.7827775412152131 -1.7827775412152131 -1.7827775412152131 -1.7827775412152131 -1.7728527558934832 -1.7597149088504696 -1.746981352123931 -1.7345886753687974 -1.7226467205417928 -1.711236605700833 -1.7005153700542424 -1.690644394887276 -1.6814701745236618 -1.673285648615816 -1.6661525721745223 -1.6603018877588474 -1.6555744927191016 -1.6524541644608808 -1.6512280102013 -1.6517162666550127 -1.6538871532704587 -1.6576687569903679 -1.6629451911891415 -1.669572458862529 -1.6773945523387825 -1.6862565762659791 -1.696013600402804 -1.706535469541671
-1.7827775412152131 -1.7827775412152131 -1.7827775412152131 -1.7827775412152131 -1.7827775412152131 -1.7827775412152131 -1.7827775412152131 -1.7827775412152131 -1.7827775412152131 -1.7827775412152131 -1.7827775412152131 -1.7827775412152131 -1.7827775412152131 -1.7827775412152131 -1.7827775412152131 -1.7827775412152131 -1.7827775412152131 -1.7827775412152131 -1.7827775412152131 -1.7827775412152131 -1.7827775412152131 -1.77913271285685 -1.7646020735130918 -1.7510122060762272 -1.7377887995977432 -1.724885422253961 -1.7124433226809155 -1.7005287714104693 -1.6895948283030668 -1.6790720642495014 -1.6690659432758785 -1.6601997636077404 -1.651997093295326 -1.6451624003692602 -1.6401914277922132 -1.6369206355463475 -1.6354761375718543 -1.636006334541121 -1.6384336753016593 -1.642641505610424 -1.6484729037708328 -1.655739161479666 -1.664243586862601 -1.673798783668038 -1.684236478135408 -1.6954113544969354
-1.7827775412152131 -1.7827775412152131 -1.7827775412152131 -1.7827775412152131 -1.7827775412152131 -1.7827775412152131 -1.7827775412152131 -1.7827775412152131 -1.7827775412152131 -1.7827775412152131 -1.7827775412152131 -1.7827775412152131 -1.7827775412152131 -1.7827775412152131 -1.7827775412152131 -1.7827775412152131 -1.7827775412152131 -1.7827775412152131 -1.7827775412152131 -1.7827775412152131 -1.7827775412152131 -1.771659092657686 -1.7573215722528552 -1.7432669864184163 -1.7294542415404341 -1.7161348660298092 -1.7035757479782634 -1.6915361123957042 -1.6799335160912332 -1.6686555641023577 -1.6575874996458584 -1.6469669943934455 -1.6380150825614377 -1.6304442070211278 -1.6248951197723651 -1.621466109520512 -1.6198955797504024 -1.6203150250343596 -1.6230651163366874 -1.627802074394773 -1.634306113553217 -1.6423257986980564 -1.6516120788857749 -1.6619398185506888 -1.67311682431252 -1.6849846658970218
-1.7827775412152131 -1.7827775412152131 -1.7827775412152131 -1.7827775412152131 -1.7827775412152131 -1.7827775412152131 -1.7827775412152131 -1.7827775412152131 -1.7827775412152131 -1.7827775412152131 -1.7827775412152131 -1.7827775412152131 -1.7827775412152131 -1.7827775412152131 -1.7827775412152131 -1.7827775412152131 -1.7827775412152131 -1.7827775412152131 -1.7827775412152131 -1.7827775412152131 -1.7799731309224922 -1.765094184596121 -1.75048955658922 -1.7360802104608337 -1.7219159713185175 -1.7082907200526338 -1.6955188810610553 -1.6833589769828265 -1.6711220300584835 -1.6591124982178718 -1.647388066149481 -1.6357376138618511 -1.62509081929726 -1.616587326146736 -1.610166138314858 -1.6057589074107517 -1.6039483577286535 -1.6046970587640748 -1.6078196814300256 -1.6132279784115282 -1.6205575457793115 -1.6294685587992883 -1.6396466519639867 -1.6508261713307975 -1.6627939779829857 -1.6753837313573532
-1.7827775412152131 -1.7827775412152131 -1.7827775412152131 -1.7827775412152131 -1.7827775412152131 -1.7827775412152131 -1.7827775412152131 -1.7827775412152131 -1.7827775412152131 -1.7827775412152131 -1.7827775412152131 -1.7827775412152131 -1.7827775412152131 -1.7827775412152131 -1.7827775412152131 -1.7827775412152131 -1.7827775412152131 -1.7827775412152131 -1.7827775412152131 -1.7827775412152131 -1.7748252921315055 -1.7596513322754683 -1.7445607250583934 -1.7299599950815805 -1.7155123688325762 -1.701968328150104 -1.6885706654828097 -1.67532228975138 -1.662260131991229 -1.6495143940871477 -1.6375504482183727 -1.626606717893351 -1.6159105075845779 -1.6060142621583129 -1.5962698670517175 -1.5909263615905367 -1.5891185253838784 -1.5896141086804323 -1.5927617947155688 -1.5990430806960576 -1.6073963317769784 -1.6173590634840085 -1.6285414997288505 -1.640641601428607 -1.6534346342197743 -1.6667559468163338
-1.7827775412152131 -1.7827775412152131 -1.7827775412152131 -1.7827775412152131 -1.7827775412152131 -1.7827775412152131 -1.7827775412152131 -1.7827775412152131 -1.7827775412152131 -1.7827775412152131 -1.7827775412152131 -1.7827775412152131 -1.7827775412152131 -1.7827775412152131 -1.7827775412152131 -1.7827775412152131 -1.7827775412152131 -1.7827775412152131 -1.7827775412152131 -1.7827775412152131 -1.7704852628425185 -1.754930957286891 -1.7395470305552674 -1.7246706978205306 -1.7103127081040856 -1.696064633806186 -1.6833160229426851 -1.6701323678103228 -1.6561361886477213 -1.641977249116969 -1.6277616362172784 -1.6167592863401756 -1.6046565941633986 -1.5941682140729032 -1.584646387715564 -1.5797933906109327 -1.576631084904117 -1.575145778224634 -1.578010007952337 -1.5854543309865516 -1.5950812083511716 -1.606266770902309 -1.618550024372079 -1.631611083005014 -1.6452322865161229 -1.659265019458533
-1.7827775412152131 -1.7827775412152131 -1.7827775412152131 -1.7827775412152131 -1.7827775412152131 -1.7827775412152131 -1.7827775412152131 -1.7827775412152131 -1.7827775412152131 -1.7827775412152131 -1.7827775412152131 -1.7827775412152131 -1.7827775412152131 -1.7827775412152131 -1.7827775412152131 -1.7827775412152131 -1.7827775412152131 -1.7827775412152131 -1.7827775412152131 -1.7827775412152131 -1.767308295631537 -1.751505682343668 -1.7362035468362478 -1.720775763703867 -1.7069792335698464 -1.6942031034364193 -1.6804452914233552 -1.6662045076934817 -1.651947654731682 -1.6373350282637293 -1.621064497749625 -1.6064249106666284 -1.5937347049824377 -1.582394018740756 -1.5730715959689767 -1.5666941361720474 -1.5637313752272135 -1.5611488727046763 -1.5637917171196374 -1.5728227242173982 -1.5840104288217052 -1.5965634196245773 -1.6099916349728058 -1.6239983543120844 -1.6384010399721485 -1.653083951123569
-1.7827775412152131 -1.7827775412152131 -1.7827775412152131 -1.7827775412152131 -1.7827775412152131 -1.7827775412152131 -1.7827775412152131 -1.7827775412152131 -1.7827775412152131 -1.7827775412152131 -1.7827775412152131 -1.7827775412152131 -1.7827775412152131 -1.7827775412152131 -1.7827775412152131 -1.7827775412152131 -1.7827775412152131 -1.7827775412152131 -1.7827775412152131 -1.7821147013274226 -1.7653003560565177 -1.7498666237461373 -1.7340675788807345 -1.7204757008982043 -1.7068342233061928 -1.692779600100825 -1.6772180308838749 -1.662370805276377 -1.648989366807656 -1.6339339561682582 -1.6171252832028855 -1.6013551748578592 -1.5882501103809175 -1.5778354105217043 -1.5631333507404037 -1.5515174076800344 -1.545167059210757 -1.5464786005038869 -1.550624381335649 -1.561794216461298 -1.5747815402645076 -1.5887351405137702 -1.6032428103831606 -1.6180909122149612 -1.6331608817178238 -1.6483826222334428
-1.7827775412152131 -1.7827775412152131 -1.7827775412152131 -1.7827775412152131 -1.7827775412152131 -1.7827775412152131 -1.7827775412152131 -1.7827775412152131 -1.7827775412152131 -1.7827775412152131 -1.7827775412152131 -1.7827775412152131 -1.7827775412152131 -1.7827775412152131 -1.7827775412152131 -1.7827775412152131 -1.7827775412152131 -1.7827775412152131 -1.7827775412152131 -1.7820892837679776 -1.7650733577344466 -1.7494713970212852 -1.7346666729932636 -1.7207876462934735 -1.7071200120850547 -1.6924432445127329 -1.6770878305539565 -1.6616486482637312 -1.6479207996729472 -1.6328530063641449 -1.616828386622059 -1.6019548503628216 -1.5853210231010684 -1.565711104258809 -1.5500986056394022 -1.5355313786212068 -1.5274148736619702 -1.5295701724614565 -1.5398404308163907 -1.5534829596411328 -1.568210712233218 -1.5833483506997714 -1.5986967416034363 -1.6141680362085074 -1.6297230502277886 -1.6454522587273905
-1.7827775412152131 -1.7827775412152131 -1.7827775412152131 -1.7827775412152131 -1.7827775412152131 -1.7827775412152131 -1.7827775412152131 -1.7827775412152131 -1.7827775412152131 -1.7827775412152131 -1.7827775412152131 -1.7827775412152131 -1.7827775412152131 -1.7827775412152131 -1.7827775412152131 -1.7827775412152131 -1.7827775412152131 -1.7827775412152131 -1.7827775412152131 -1.7825206602880788 -1.7659202947783141 -1.7510086028825134 -1.7353895479657047 -1.7216482818881262 -1.7069547414046518 -1.691942461088487 -1.6778052800999426 -1.6644291286038049 -1.649467353052775 -1.6327725111175155 -1.617610931277738 -1.595709982742631 -1.5761483838489456 -1.5587028278059385 -1.5418409361329954 -1.5260128580022516 -1.5105813935211045 -1.5184270309439727 -1.5337793556352621 -1.5494518562782609 -1.565179779563517 -1.5809267188206289 -1.596682841945833 -1.612490522047991 -1.6286137506692542 -1.6450560276785176
-1.7827775412152131 -1.7827775412152131 -1.7827775412152131 -1.7827775412152131 -1.7827775412152131 -1.7827775412152131 -1.7827775412152131 -1.7827775412152131 -1.7827775412152131 -1.7827775412152131 -1.7827775412152131 -1.7827775412152131 -1.7827775412152131 -1.7827775412152131 -1.7827775412152131 -1.7827775412152131 -1.7827775412152131 -1.7827775412152131 -1.7827775412152131 -1.7827775412152131 -1.7686201839856321 -1.7526891498470991 -1.739845594940124 -1.7251429093580133 -1.709898034523913 -1.6953071624373608 -1.6809224908717435 -1.665252337309113 -1.6499022472594416 -1.6299322566016134 -1.609616337741836 -1.5921505019715092 -1.5739031840158313 -1.557755789163201 -1.542226230211408 -1.5278931498276223 -1.518192273784079 -1.5225242060316482 -1.5359060137165887 -1.55085228508708 -1.5662286721756327 -1.5818682200723508 -1.5977046072281675 -1.613592854108973 -1.6294729987926373 -1.6465132671402736
-1.7827775412152131 -1.7827775412152131 -1.7827775412152131 -1.7827775412152131 -1.7827775412152131 -1.7827775412152131 -1.7827775412152131 -1.7827775412152131 -1.7827775412152131 -1.7827775412152131 -1.7827775412152131 -1.7827775412152131 -1.7827775412152131 -1.7827775412152131 -1.7827775412152131 -1.7827775412152131 -1.7827775412152131 -1.7827775412152131 -1.7827775412152131 -1.7827775412152131 -1.7734573136356833 -1.7590941743031543 -1.743725036610403 -1.7287774894857086 -1.7147197842152517 -1.6994824981181291 -1.6839363171288437 -1.6643434651116509 -1.6482287115837662 -1.6267195412068438 -1.6094041652388271 -1.5931426269589501 -1.577452026917432 -1.5630536809492022 -1.5499258198018049 -1.5390868686109207 -1.5331849963918691 -1.5356926299936244 -1.544922603144949 -1.5577655948783231 -1.5716727792070573 -1.5865534960881116 -1.6022574354224932 -1.6176737886672237 -1.6334213169424088 -1.6504778455554887
-1.7827775412152131 -1.7827775412152131 -1.7827775412152131 -1.7827775412152131 -1.7827775412152131 -1.7827775412152131 -1.7827775412152131 -1.7827775412152131 -1.7827775412152131 -1.7827775412152131 -1.7827775412152131 -1.7827775412152131 -1.7827775412152131 -1.7827775412152131 -1.7827775412152131 -1.7827775412152131 -1.7827775412152131 -1.7827775412152131 -1.7827775412152131 -1.7827775412152131 -1.7791724343571473 -1.7648615152675213 -1.749410589201994 -1.7342265696316435 -1.718548737433867 -1.6996586639479894 -1.6807324937651311 -1.6629984961124842 -1.6468213997060772 -1.6289924773280815 -1.6131900551156864 -1.598641883889241 -1.584875499564739 -1.572188438690829 -1.5613857509365805 -1.5531828737582707 -1.5489442037998282 -1.5504770559770957 -1.5576783989917062 -1.5685971019921947 -1.5816814547708404 -1.5954362739917236 -1.609892977362568 -1.6250696764466144 -1.640134387523231 -1.6560954748552579
-1.7827775412152131 -1.7827775412152131 -1.7827775412152131 -1.7827775412152131 -1.7827775412152131 -1.7827775412152131 -1.7827775412152131 -1.7827775412152131 -1.7827775412152131 -1.7827775412152131 -1.7827775412152131 -1.7827775412152131 -1.7827775412152131 -1.7827775412152131 -1.7827775412152131 -1.7827775412152131 -1.7827775412152131 -1.7827775412152131 -1.7827775412152131 -1.7827775412152131 -1.7827775412152131 -1.7707319147101517 -1.7565609781015898 -1.7386988596337 -1.7171334985556612 -1.6990999330748404 -1.6815367259967564 -1.6648777757215945 -1.6491462000750674 -1.6342988862554706 -1.6205039611086662 -1.6074198682787868 -1.5953570377824253 -1.5839498689261964 -1.574758844788686 -1.5676050443051042 -1.5648852678797494 -1.567207190922812 -1.5737010525626165 -1.5829109502431873 -1.5945894139522456 -1.6073402314905891 -1.6205056578733272 -1.63450297042445 -1.6489634379232023 -1.6649341608291581
