output/Mappa_Temperature_20070101_1000.asc
NCOLS 153
NROWS 173
XLLCORNER 628082.1585431173
YLLCORNER 5141515.270487413
CELLSIZE 30.005356186399773
NODATA_VALUE -9999
[rows 126 to 146 of 173, columns 48 to 95 of 153]
-0.405089201585765 -0.405089201585765 -0.405089201585765 -0.405089201585765 -0.405089201585765 -0.405089201585765 -0.405089201585765 -0.405089201585765 -0.405089201585765 -0.405089201585765 -0.405089201585765 -0.405089201585765 -0.405089201585765 -0.405089201585765 -0.405089201585765 -0.405089201585765 -0.405089201585765 -0.405089201585765 -0.405089201585765 -0.405089201585765 -0.405089201585765 -0.405089201585765 -0.405089201585765 -0.405089201585765 -0.405089201585765 -0.405089201585765 -0.405089201585765 -0.405089201585765 -0.39784147278436083 -0.38503574510384386 -0.37442808676739614 -0.3659454605729472 -0.35967445287947997 -0.3556821106987827 -0.35401253033246516 -0.3546844887585995 -0.35769040462960566 -0.3629967599722023 -0.3705459290038906 -0.38025918772439926 -0.3920405539031233 -0.405089201585765 -0.405089201585765 -0.405089201585765 -0.405089201585765 -0.405089201585765 -0.405089201585765 -0.405089201585765
-0.405089201585765 -0.405089201585765 -0.405089201585765 -0.405089201585765 -0.405089201585765 -0.405089201585765 -0.405089201585765 -0.405089201585765 -0.405089201585765 -0.405089201585765 -0.405089201585765 -0.405089201585765 -0.405089201585765 -0.405089201585765 -0.405089201585765 -0.405089201585765 -0.405089201585765 -0.405089201585765 -0.405089201585765 -0.405089201585765 -0.405089201585765 -0.405089201585765 -0.405089201585765 -0.405089201585765 -0.405089201585765 -0.405089201585765 -0.39476681723426504 -0.37757899498551106 -0.3622362546795316 -0.34887697349716296 -0.3376330925857902 -0.32862484418324855 -0.32195518503593534 -0.3177044345568002 -0.3159257014681761 -0.31664166857173054 -0.31984317261392115 -0.32548978137825985 -0.33351228520469506 -0.3438167559294068 -0.3562896457282191 -0.37080333416676703 -0.3872215788262231 -0.405089201585765 -0.405089201585765 -0.405089201585765 -0.405089201585765 -0.405089201585765
-0.405089201585765 -0.405089201585765 -0.405089201585765 -0.405089201585765 -0.405089201585765 -0.405089201585765 -0.405089201585765 -0.405089201585765 -0.405089201585765 -0.405089201585765 -0.405089201585765 -0.405089201585765 -0.405089201585765 -0.405089201585765 -0.405089201585765 -0.405089201585765 -0.405089201585765 -0.405089201585765 -0.405089201585765 -0.405089201585765 -0.405089201585765 -0.405089201585765 -0.405089201585765 -0.405089201585765 -0.4028097595998198 -0.38135872191254294 -0.3614925634427427 -0.34336526223910147 -0.32713655848090684 -0.31296642861380564 -0.3010095258658886 -0.29140857217712324 -0.2842871380117668 -0.27974249093236603 -0.2778393629349839 -0.27860550220808844 -0.2820296919336803 -0.28806255656288926 -0.2966200239706769 -0.30758889717761884 -0.3208337231489746 -0.3362040794129162 -0.3535415114639746 -0.37268557630151694 -0.3934786998543629 -0.405089201585765 -0.405089201585765 -0.405089201585765
-0.405089201585765 -0.405089201585765 -0.405089201585765 -0.405089201585765 -0.405089201585765 -0.405089201585765 -0.405089201585765 -0.405089201585765 -0.405089201585765 -0.405089201585765 -0.405089201585765 -0.405089201585765 -0.405089201585765 -0.405089201585765 -0.405089201585765 -0.405089201585765 -0.405089201585765 -0.405089201585765 -0.405089201585765 -0.405089201585765 -0.405089201585765 -0.405089201585765 -0.405089201585765 -0.39624194514774375 -0.37224848260544985 -0.34972130715250005 -0.3287974820187017 -0.3096395772932339 -0.2924297240395278 -0.277353427115511 -0.26459295799073324 -0.25431908160067473 -0.24668162575610253 -0.24179981574122175 -0.2397536257436961 -0.24057749167155276 -0.24425748216437607 -0.2507324519677527 -0.2598989617341618 -0.2716190780799954 -0.2857297708724892 -0.3020525795403788 -0.3204024662143211 -0.34059516947023943 -0.3624527749522043 -0.38580753448401844 -0.405089201585765 -0.405089201585765
-0.405089201585765 -0.405089201585765 -0.405089201585765 -0.405089201585765 -0.405089201585765 -0.405089201585765 -0.405089201585765 -0.405089201585765 -0.405089201585765 -0.405089201585765 -0.405089201585765 -0.405089201585765 -0.405089201585765 -0.405089201585765 -0.405089201585765 -0.405089201585765 -0.405089201585765 -0.405089201585765 -0.405089201585765 -0.405089201585765 -0.405089201585765 -0.405089201585765 -0.3939679624267079 -0.3675874330456651 -0.342581138391455 -0.3188606769541456 -0.29678271799362005 -0.27649315229086496 -0.25819395242172694 -0.24210067106711244 -0.22842922999948018 -0.2173856220033743 -0.2091535300885237 -0.20388108751912748 -0.2016686371524698 -0.20255962732485894 -0.20653646306989507 -0.21352220136706002 -0.22338772290378667 -0.2359628934647258 -0.2510496327982674 -0.2684348528042274 -0.2879017468856909 -0.309238615872368 -0.3322450490659925 -0.3567357106212733 -0.38254219669428546 -0.405089201585765
-0.405089201585765 -0.405089201585765 -0.405089201585765 -0.405089201585765 -0.405089201585765 -0.405089201585765 -0.405089201585765 -0.405089201585765 -0.405089201585765 -0.405089201585765 -0.405089201585765 -0.405089201585765 -0.405089201585765 -0.405089201585765 -0.405089201585765 -0.405089201585765 -0.405089201585765 -0.405089201585765 -0.405089201585765 -0.405089201585765 -0.405089201585765 -0.39609064453138776 -0.3675096337114496 -0.340040245300013 -0.31377812938301797 -0.28889069595272876 -0.26557145574839314 -0.2440391744243779 -0.2245297492650121 -0.2072905561899546 -0.19258534917895598 -0.18064699577917978 -0.17172281263661052 -0.16599262805433773 -0.1635845967630487 -0.16455460365439906 -0.16887998870578744 -0.17646211833062816 -0.18713715073852447 -0.20069240254753581 -0.21688483570895598 -0.23545849489349158 -0.2561588082663474 -0.27874290865179974 -0.3029861008174284 -0.32868514442741814 -0.35565919918876876 -0.3837492254792524
-0.405089201585765 -0.405089201585765 -0.405089201585765 -0.405089201585765 -0.405089201585765 -0.405089201585765 -0.405089201585765 -0.405089201585765 -0.405089201585765 -0.405089201585765 -0.405089201585765 -0.405089201585765 -0.405089201585765 -0.405089201585765 -0.405089201585765 -0.405089201585765 -0.405089201585765 -0.405089201585765 -0.405089201585765 -0.405089201585765 -0.4029445695090462 -0.3720129689414715 -0.34236339951867495 -0.31371259049140005 -0.28617246433105603 -0.2599777659537953 -0.23531572823512006 -0.2124205899425647 -0.191734771967765 -0.17368681139368636 -0.15796101737206186 -0.14494281984099155 -0.13441887452654036 -0.12814319053045906 -0.12550178205822857 -0.12656616036035476 -0.13130646208871294 -0.13959347847791442 -0.15121537285013686 -0.16590234359662595 -0.18335322419533379 -0.20325905072587094 -0.22532087081177313 -0.24926123928327226 -0.2748302473311893 -0.301807499901265 -0.33000145326585995 -0.35924725205274577
-0.405089201585765 -0.405089201585765 -0.405089201585765 -0.405089201585765 -0.405089201585765 -0.405089201585765 -0.405089201585765 -0.405089201585765 -0.405089201585765 -0.405089201585765 -0.405089201585765 -0.405089201585765 -0.405089201585765 -0.405089201585765 -0.405089201585765 -0.405089201585765 -0.405089201585765 -0.405089201585765 -0.405089201585765 -0.405089201585765 -0.3811226184710179 -0.3493970654340368 -0.3186478012696284 -0.2887217013251 -0.25988401429852936 -0.23233062580498423 -0.20644075747159082 -0.18260411626538356 -0.1604500134077485 -0.14068584581455285 -0.12346074080197222 -0.10933238338356177 -0.09791656909000243 -0.09038153391072978 -0.08742059047254833 -0.08859964256283354 -0.0938419458283625 -0.10297384308580868 -0.11571548884186436 -0.13171915606176454 -0.15060811409489014 -0.17200831834424396 -0.1955697881743086 -0.22097822201589454 -0.2479591928750158 -0.2762775588578332 -0.3057342522511355 -0.33616194115545217
-0.405089201585765 -0.405089201585765 -0.405089201585765 -0.405089201585765 -0.405089201585765 -0.405089201585765 -0.405089201585765 -0.405089201585765 -0.405089201585765 -0.405089201585765 -0.405089201585765 -0.405089201585765 -0.405089201585765 -0.405089201585765 -0.405089201585765 -0.405089201585765 -0.405089201585765 -0.405089201585765 -0.405089201585765 -0.39628759238637623 -0.36119869481797456 -0.3283815933003332 -0.2964494295151114 -0.26529007890491485 -0.2352446316863816 -0.20647311935221913 -0.1800696005091754 -0.15465900560850301 -0.13049601142811412 -0.1090857718069684 -0.08927778871891895 -0.07277322657814733 -0.06076921605632066 -0.05287083723295427 -0.04938263273859975 -0.05066296367969211 -0.056524557880412024 -0.06668571618848779 -0.08076750074664985 -0.09831421472248048 -0.11885088238590996 -0.1419249752747349 -0.16713014232563775 -0.19411547192558104 -0.22258543644691553 -0.25229492963083894 -0.28304237357289586 -0.3146625986232463
-0.405089201585765 -0.405089201585765 -0.405089201585765 -0.405089201585765 -0.405089201585765 -0.405089201585765 -0.405089201585765 -0.405089201585765 -0.405089201585765 -0.405089201585765 -0.405089201585765 -0.405089201585765 -0.405089201585765 -0.405089201585765 -0.405089201585765 -0.405089201585765 -0.405089201585765 -0.405089201585765 -0.405089201585765 -0.3782401350495267 -0.343617585210651 -0.30967827180233753 -0.27632296108986143 -0.24415904924050538 -0.2138310233061571 -0.18475745470927252 -0.1567392578754225 -0.129505019053781 -0.1027776211185078 -0.07713099868776951 -0.0555137312101589 -0.03723141960277729 -0.02383136545074871 -0.015550918414536347 -0.011758369654101902 -0.012771255065139459 -0.019412234152720476 -0.030851141426777334 -0.04655723380250959 -0.06592334040806563 -0.08834804771720003 -0.11328769356774523 -0.14027816528892031 -0.1689368820779725 -0.19895474821182313 -0.23008456216976825 -0.2621293311970142 -0.29493196675804834
-0.405089201585765 -0.405089201585765 -0.405089201585765 -0.405089201585765 -0.405089201585765 -0.405089201585765 -0.405089201585765 -0.405089201585765 -0.405089201585765 -0.405089201585765 -0.405089201585765 -0.405089201585765 -0.405089201585765 -0.405089201585765 -0.405089201585765 -0.405089201585765 -0.405089201585765 -0.405089201585765 -0.39831705184251465 -0.3623870551492825 -0.32711948818025505 -0.29232349205336533 -0.2581193855002296 -0.22521683835816422 -0.1943751293642558 -0.1650111338408353 -0.13546109361065506 -0.10646022017140544 -0.07814781173824281 -0.050014051256339315 -0.02430394483426826 -0.0037695283455286555 0.011736492881060684 0.022379167996446764 0.02675132195572527 0.02494334273886248 0.017402766974908335 0.004342696160819004 -0.013356899328717114 -0.034875403483386 -0.05945367977590302 -0.08645022140395667 -0.11535033596894045 -0.1457523407337465 -0.17734661777967206 -0.2098952244961636 -0.24321480481157035 -0.27716321167306457
-0.405089201585765 -0.405089201585765 -0.405089201585765 -0.405089201585765 -0.405089201585765 -0.405089201585765 -0.405089201585765 -0.405089201585765 -0.405089201585765 -0.405089201585765 -0.405089201585765 -0.405089201585765 -0.405089201585765 -0.405089201585765 -0.405089201585765 -0.405089201585765 -0.405089201585765 -0.405089201585765 -0.38588594101784524 -0.349243539365763 -0.3128024194426808 -0.27754426551978373 -0.24265582974179098 -0.20994939164733153 -0.1775964303035689 -0.1456039702341854 -0.11406119329056982 -0.08328251375902251 -0.05439172229610742 -0.027964569071367296 -0.002135132457083133 0.021762531909844035 0.04529350488855738 0.05819711575851644 0.06256271715947295 0.06136597205293992 0.05376487273091626 0.03859668947669048 0.018425080739633698 -0.005633136115062248 -0.03263672148234903 -0.06185630494771169 -0.0927491931805553 -0.1249177827463116 -0.15807112100733697 -0.19199490048094534 -0.2265296008340895 -0.2615550136000365
-0.405089201585765 -0.405089201585765 -0.405089201585765 -0.405089201585765 -0.405089201585765 -0.405089201585765 -0.405089201585765 -0.405089201585765 -0.405089201585765 -0.405089201585765 -0.405089201585765 -0.405089201585765 -0.405089201585765 -0.405089201585765 -0.405089201585765 -0.405089201585765 -0.405089201585765 -0.405089201585765 -0.37540554579486773 -0.337844677241378 -0.3006952431032519 -0.26477155776680106 -0.23009957819799226 -0.19569302472443234 -0.16490740750924984 -0.13307123612183205 -0.09927296438945607 -0.06508165545127045 -0.030753490453936494 -0.0041847814855143495 0.025041057518968707 0.05036862129281938 0.07336213051237937 0.08508125134908863 0.09271765456586128 0.0963044047907533 0.08938780180102364 0.07141109188248376 0.048163903251666806 0.021152768413304768 -0.008509093849668692 -0.04004921659745625 -0.07294198913502523 -0.10682853171393003 -0.1414603196107868 -0.17666204617301043 -0.212307606796758 -0.2483045313877549
-0.405089201585765 -0.405089201585765 -0.405089201585765 -0.405089201585765 -0.405089201585765 -0.405089201585765 -0.405089201585765 -0.405089201585765 -0.405089201585765 -0.405089201585765 -0.405089201585765 -0.405089201585765 -0.405089201585765 -0.405089201585765 -0.405089201585765 -0.405089201585765 -0.405089201585765 -0.405089201585765 -0.36773373766536455 -0.3295732503080554 -0.2926213273612965 -0.2553659878519442 -0.22204983284875762 -0.19119776151405996 -0.1579751038545298 -0.12358615580002272 -0.08915840342178427 -0.05387152159854214 -0.014581097750932137 0.020770889140106746 0.051415468283543195 0.0788011991158687 0.10131318430727418 0.11671361014312509 0.12386814841591029 0.1301044305463568 0.12372243352805855 0.10191416511701237 0.0748978576030049 0.04458462787933788 0.01215788727050933 -0.021665837105141028 -0.056445749391178496 -0.09190235616598344 -0.12785243888511977 -0.16420202637349274 -0.2008852728121288 -0.2377922834981075
-0.405089201585765 -0.405089201585765 -0.405089201585765 -0.405089201585765 -0.405089201585765 -0.405089201585765 -0.405089201585765 -0.405089201585765 -0.405089201585765 -0.405089201585765 -0.405089201585765 -0.405089201585765 -0.405089201585765 -0.405089201585765 -0.405089201585765 -0.405089201585765 -0.405089201585765 -0.40348856169809444 -0.3628849223858333 -0.32561521667465726 -0.28746334641996985 -0.254641389793806 -0.2216996589735879 -0.18776025532116106 -0.15018184632350515 -0.11432844949824614 -0.08201466669497587 -0.045658540217786536 -0.005068598509812339 0.03301339521876592 0.06465978421652745 0.08980942339758327 0.12531227069192463 0.1533626975563706 0.16869765438040368 0.1655305165138154 0.15551919660522384 0.12854604068911824 0.09718397437960902 0.0634885231146163 0.028455092722448477 -0.007400420027932231 -0.04379170355889661 -0.08054948696605252 -0.11756812082316068 -0.15484769592496167 -0.1922768105372298 -0.22983618355453203
-0.405089201585765 -0.405089201585765 -0.405089201585765 -0.405089201585765 -0.405089201585765 -0.405089201585765 -0.405089201585765 -0.405089201585765 -0.405089201585765 -0.405089201585765 -0.405089201585765 -0.405089201585765 -0.405089201585765 -0.405089201585765 -0.405089201585765 -0.405089201585765 -0.405089201585765 -0.40342718283384393 -0.3623367619998422 -0.32466081475629816 -0.2889100516509675 -0.2553946821825717 -0.22238978780759483 -0.18694801667853037 -0.14986743579194745 -0.11258456935329472 -0.07943426800447403 -0.043048239593304755 -0.004351646318891372 0.031565286028931105 0.07173300660544371 0.11908745655786945 0.15678885096199907 0.19196610122639884 0.21156601038321476 0.20636134890787655 0.18156051014973054 0.14861624079030933 0.11305134994891525 0.07649665796224701 0.039433036498828344 0.0020726245578949754 -0.03548995480872469 -0.07347318271890241 -0.11201285021346957 -0.14990866412793058 -0.1879492282814066 -0.2256461403587297
-0.405089201585765 -0.405089201585765 -0.405089201585765 -0.405089201585765 -0.405089201585765 -0.405089201585765 -0.405089201585765 -0.405089201585765 -0.405089201585765 -0.405089201585765 -0.405089201585765 -0.405089201585765 -0.405089201585765 -0.405089201585765 -0.405089201585765 -0.405089201585765 -0.405089201585765 -0.4044688800482 -0.3643819636235378 -0.32837289223135907 -0.29065566554053424 -0.25747296335864533 -0.22199068864626204 -0.18573871419282365 -0.15159994824608616 -0.11929893253688748 -0.08316891806666643 -0.042853857956207525 -0.006241351831236336 0.046645525450551326 0.09388329136135067 0.13601119189863 0.17672964727585866 0.21495162767845577 0.25221585698726884 0.2332700445300812 0.19619692367246827 0.15835063510298847 0.12037051075580231 0.08234446623449994 0.04429624431280818 0.006123521504366902 -0.03281119459307036 -0.07251635553749791 -0.1117749148415528 -0.14918688710080347 -0.18672655045967046 -0.22413390870505948
-0.405089201585765 -0.405089201585765 -0.405089201585765 -0.405089201585765 -0.405089201585765 -0.405089201585765 -0.405089201585765 -0.405089201585765 -0.405089201585765 -0.405089201585765 -0.405089201585765 -0.405089201585765 -0.405089201585765 -0.405089201585765 -0.405089201585765 -0.405089201585765 -0.405089201585765 -0.405089201585765 -0.3709017136221695 -0.3324311128577353 -0.3014162227428947 -0.2659118642514191 -0.22909821559895183 -0.19386386671955008 -0.15912745525270727 -0.12128683446292252 -0.08421910986551606 -0.03599515081890112 0.01306416302229979 0.05524103547731757 0.09930504776869006 0.13829812099666877 0.17579923092381125 0.21041105890524106 0.23383694112300385 0.22337609880820813 0.19106142441374357 0.1549688497691135 0.1178376225217676 0.0800709089463021 0.041828863732875504 0.003461586550295548 -0.03488612527395246 -0.07603532844684471 -0.11566149005195922 -0.15282769315453984 -0.1901502893234902 -0.22759372548958906
-0.405089201585765 -0.405089201585765 -0.405089201585765 -0.405089201585765 -0.405089201585765 -0.405089201585765 -0.405089201585765 -0.405089201585765 -0.405089201585765 -0.405089201585765 -0.405089201585765 -0.405089201585765 -0.405089201585765 -0.405089201585765 -0.405089201585765 -0.405089201585765 -0.405089201585765 -0.405089201585765 -0.38258251739138766 -0.3478981024199095 -0.3107843811680443 -0.2746887258049808 -0.24074187951608847 -0.20394655630740455 -0.16640530712987084 -0.11909207051034834 -0.08017782024902717 -0.028237017213313592 0.013576521704445232 0.052845230913197205 0.0907352262959594 0.12550465900166288 0.15720609788509182 0.18338022822362754 0.19763219504056628 0.19157670797565216 0.1692879720980323 0.13827444194680838 0.10469107683593439 0.0687568045695163 0.030834597178055742 -0.006393141194997648 -0.04442060808969758 -0.08560907689812378 -0.12407735602440584 -0.16237423653371139 -0.19911863099480037 -0.23558137957623534
-0.405089201585765 -0.405089201585765 -0.405089201585765 -0.405089201585765 -0.405089201585765 -0.405089201585765 -0.405089201585765 -0.405089201585765 -0.405089201585765 -0.405089201585765 -0.405089201585765 -0.405089201585765 -0.405089201585765 -0.405089201585765 -0.405089201585765 -0.405089201585765 -0.405089201585765 -0.405089201585765 -0.3963835127118476 -0.36182520029586396 -0.32451397473832105 -0.28784728067372095 -0.2499881173521319 -0.20437196530784726 -0.15866864619038995 -0.11584421070680137 -0.07677941353375498 -0.033725751800335435 0.004434274143847422 0.03956550807620893 0.07280886633609443 0.10344585132464315 0.1295324119435386 0.14934089457576127 0.15957652512714204 0.15587496102089576 0.13848500443215678 0.11211828772408837 0.08052191377678654 0.04730648317560124 0.012396127770332693 -0.02425288862792671 -0.06063147399912361 -0.09917464785571192 -0.13992096558833064 -0.17593357397156403 -0.211633626504187 -0.24828113858642203
-0.405089201585765 -0.405089201585765 -0.405089201585765 -0.405089201585765 -0.405089201585765 -0.405089201585765 -0.405089201585765 -0.405089201585765 -0.405089201585765 -0.405089201585765 -0.405089201585765 -0.405089201585765 -0.405089201585765 -0.405089201585765 -0.405089201585765 -0.405089201585765 -0.405089201585765 -0.405089201585765 -0.405089201585765 -0.3760011659815403 -0.3417808862441769 -0.29864706188539414 -0.24657056834706964 -0.20302273008753755 -0.16061072332334178 -0.1203823351586212 -0.08239339101159607 -0.04653978116988394 -0.013227501924030605 0.01836824429344823 0.04749782446252 0.07504409892934855 0.09723877989831746 0.11451392976988757 0.12108170384648104 0.11547467459661409 0.09979315910979406 0.0775529019068069 0.04935149884745031 0.018560552906831118 -0.013231599307496122 -0.04703260797063247 -0.08195205307219361 -0.1205184951180594 -0.16105614567441065 -0.19642539037054044 -0.22987038924623757 -0.26689764273279204
