output/Mappa_Temperature_20070101_1200.asc
NCOLS 153
NROWS 173
XLLCORNER 628082.1585431173
YLLCORNER 5141515.270487413
CELLSIZE 30.005356186399773
NODATA_VALUE -9999
[rows 126 to 146 of 173, columns 48 to 95 of 153]
0.3538522183705457 0.3538522183705457 0.3538522183705457 0.3538522183705457 0.3538522183705457 0.3538522183705457 0.3538522183705457 0.3538522183705457 0.3538522183705457 0.3538522183705457 0.3538522183705457 0.3538522183705457 0.3538522183705457 0.3538522183705457 0.3538522183705457 0.3538522183705457 0.3538522183705457 0.3538522183705457 0.3538522183705457 0.3538522183705457 0.3538522183705457 0.3538522183705457 0.3538522183705457 0.3538522183705457 0.3538522183705457 0.3538522183705457 0.3538522183705457 0.3538522183705457 0.35763366614243647 0.3643149578590277 0.3698494234937747 0.37427516965532615 0.3775470205647273 0.3796299949498745 0.3805010858983914 0.38015049666375866 0.3785821827568281 0.3758136319270507 0.37187490999129535 0.3668070906022268 0.3606602517638691 0.3538522183705457 0.3538522183705457 0.3538522183705457 0.3538522183705457 0.3538522183705457 0.3538522183705457 0.3538522183705457
0.3538522183705457 0.3538522183705457 0.3538522183705457 0.3538522183705457 0.3538522183705457 0.3538522183705457 0.3538522183705457 0.3538522183705457 0.3538522183705457 0.3538522183705457 0.3538522183705457 0.3538522183705457 0.3538522183705457 0.3538522183705457 0.3538522183705457 0.3538522183705457 0.3538522183705457 0.3538522183705457 0.3538522183705457 0.3538522183705457 0.3538522183705457 0.3538522183705457 0.3538522183705457 0.3538522183705457 0.3538522183705457 0.3538522183705457 0.35923784445785456 0.3682054609246295 0.37621041982064907 0.3831805238967474 0.3890469338556134 0.3937469194350719 0.39722676373015553 0.3994445606936774 0.4003726012508043 0.3999990508210554 0.3983286902627652 0.3953826147795725 0.39119693398898125 0.38582065420117806 0.3793130181359849 0.3717406107913245 0.3631745156204037 0.3538522183705457 0.3538522183705457 0.3538522183705457 0.3538522183705457 0.3538522183705457
0.3538522183705457 0.3538522183705457 0.3538522183705457 0.3538522183705457 0.3538522183705457 0.3538522183705457 0.3538522183705457 0.3538522183705457 0.3538522183705457 0.3538522183705457 0.3538522183705457 0.3538522183705457 0.3538522183705457 0.3538522183705457 0.3538522183705457 0.3538522183705457 0.3538522183705457 0.3538522183705457 0.3538522183705457 0.3538522183705457 0.3538522183705457 0.3538522183705457 0.3538522183705457 0.3538522183705457 0.3550415000138156 0.3662334169425472 0.3765984351075605 0.3860562176247023 0.3945234212616796 0.40191657951602455 0.4081550032338187 0.4131642283206314 0.4168797828198605 0.4192509181152515 0.42024386077667253 0.4198441333963267 0.4180575882643046 0.41490998670037366 0.41044519270091795 0.4047222659351552 0.3978118780011086 0.3897925106875605 0.3807468364361917 0.3707585651710158 0.3599099099737736 0.3538522183705457 0.3538522183705457 0.3538522183705457
0.3538522183705457 0.3538522183705457 0.3538522183705457 0.3538522183705457 0.3538522183705457 0.3538522183705457 0.3538522183705457 0.3538522183705457 0.3538522183705457 0.3538522183705457 0.3538522183705457 0.3538522183705457 0.3538522183705457 0.3538522183705457 0.3538522183705457 0.3538522183705457 0.3538522183705457 0.3538522183705457 0.3538522183705457 0.3538522183705457 0.3538522183705457 0.3538522183705457 0.3538522183705457 0.3584682076082253 0.37098661550628415 0.38273999918794843 0.3936568469480763 0.403652339070266 0.4126314500475124 0.4204973941210044 0.42715507252790297 0.43251538995262906 0.4365001748663212 0.43904722237725924 0.4401148065569408 0.43968496073039387 0.4377649534797142 0.4343866868796583 0.429604129628693 0.42348924742812344 0.4161271000186261 0.4076107978556325 0.3980368830501864 0.38750149260887434 0.3760974520034065 0.36391228257798564 0.3538522183705457 0.3538522183705457
0.3538522183705457 0.3538522183705457 0.3538522183705457 0.3538522183705457 0.3538522183705457 0.3538522183705457 0.3538522183705457 0.3538522183705457 0.3538522183705457 0.3538522183705457 0.3538522183705457 0.3538522183705457 0.3538522183705457 0.3538522183705457 0.3538522183705457 0.3538522183705457 0.3538522183705457 0.3538522183705457 0.3538522183705457 0.3538522183705457 0.3538522183705457 0.3538522183705457 0.35965464092125393 0.3734184829168179 0.38646532832100583 0.3988412999540706 0.4103603083230079 0.42094623601451403 0.43049370536230724 0.4388902533828437 0.446023224521845 0.4517851435995041 0.45608017539254997 0.45883103248899704 0.4599853617607818 0.45952049436652853 0.457445610347094 0.45380085414240284 0.4486535927787658 0.4420925924982928 0.43422120017648647 0.42515059292050983 0.4149938879351209 0.4038615376637962 0.39185810487498607 0.3790802871464326 0.365615947912023 0.3538522183705457
0.3538522183705457 0.3538522183705457 0.3538522183705457 0.3538522183705457 0.3538522183705457 0.3538522183705457 0.3538522183705457 0.3538522183705457 0.3538522183705457 0.3538522183705457 0.3538522183705457 0.3538522183705457 0.3538522183705457 0.3538522183705457 0.3538522183705457 0.3538522183705457 0.3538522183705457 0.3538522183705457 0.3538522183705457 0.3538522183705457 0.3538522183705457 0.358547147562283 0.3734590741319539 0.38779102010425565 0.40149308076913703 0.4144779112273075 0.4266445487118365 0.43787885389453574 0.44805774914865365 0.4570521679561339 0.46472449866974375 0.4709532444052179 0.47560936957009337 0.4785990501051832 0.47985542224749056 0.4793493284768029 0.47709259148880123 0.4731366726124645 0.46756705506470614 0.46049470479400273 0.452046425066997 0.44235575864393706 0.4315555264572618 0.4197724426219271 0.4071237401786914 0.3937154582380263 0.3796419488572119 0.3649861897581802
0.3538522183705457 0.3538522183705457 0.3538522183705457 0.3538522183705457 0.3538522183705457 0.3538522183705457 0.3538522183705457 0.3538522183705457 0.3538522183705457 0.3538522183705457 0.3538522183705457 0.3538522183705457 0.3538522183705457 0.3538522183705457 0.3538522183705457 0.3538522183705457 0.3538522183705457 0.3538522183705457 0.3538522183705457 0.3538522183705457 0.35497116396167483 0.37110949298201623 0.38657893193365267 0.4015272751909306 0.415896128049558 0.4295630141221767 0.44243024606985815 0.45437561158446454 0.4651682809066643 0.47458466804945937 0.4827894823290393 0.48958162858572035 0.4950724175833884 0.49834670831836403 0.4997248432425142 0.49916951190088843 0.49669629526986336 0.49237260704707886 0.48630897141953405 0.4786461553392225 0.4695412901648074 0.45915557548865216 0.44764498745567854 0.4351542809881241 0.42181384412002354 0.4077386663066549 0.3930286840414966 0.3777699093701263
0.3538522183705457 0.3538522183705457 0.3538522183705457 0.3538522183705457 0.3538522183705457 0.3538522183705457 0.3538522183705457 0.3538522183705457 0.3538522183705457 0.3538522183705457 0.3538522183705457 0.3538522183705457 0.3538522183705457 0.3538522183705457 0.3538522183705457 0.3538522183705457 0.3538522183705457 0.3538522183705457 0.3538522183705457 0.3538522183705457 0.3663566021302592 0.3829091698560879 0.3989523662349654 0.41456608289813224 0.4296119283403592 0.44398770072118565 0.45749554402030146 0.4699321315704717 0.4814908674427372 0.4918026726380521 0.5007897411053184 0.5081611048999971 0.5141172198026871 0.5180485675076749 0.5195934173873824 0.5189782558627288 0.5162431237204825 0.5114786252846946 0.5048307678282841 0.49648097530582636 0.48662580408945016 0.4754604091230946 0.46316739016050557 0.44991073167200457 0.43583361386940456 0.4210587202601731 0.40568991292044726 0.38981449600519236
0.3538522183705457 0.3538522183705457 0.3538522183705457 0.3538522183705457 0.3538522183705457 0.3538522183705457 0.3538522183705457 0.3538522183705457 0.3538522183705457 0.3538522183705457 0.3538522183705457 0.3538522183705457 0.3538522183705457 0.3538522183705457 0.3538522183705457 0.3538522183705457 0.3538522183705457 0.3538522183705457 0.3538522183705457 0.3584443915061679 0.37675175884342305 0.3938738337463575 0.41053419906988753 0.4267913549551426 0.4424673401572874 0.45747865945345884 0.47125449602722147 0.48451228203198193 0.4971191417820222 0.508289772627831 0.51862443822672 0.5272355688917016 0.5334985707348057 0.53761949024236 0.5394394345965843 0.5387714315963159 0.535713189085125 0.5304116814684974 0.5230646167119635 0.5139097511967073 0.5031948999231783 0.4911561661993218 0.47800556062391786 0.4639261686812074 0.44907217967928015 0.4335714759577822 0.41752922926617286 0.4010316156219975
0.3538522183705457 0.3538522183705457 0.3538522183705457 0.3538522183705457 0.3538522183705457 0.3538522183705457 0.3538522183705457 0.3538522183705457 0.3538522183705457 0.3538522183705457 0.3538522183705457 0.3538522183705457 0.3538522183705457 0.3538522183705457 0.3538522183705457 0.3538522183705457 0.3538522183705457 0.3538522183705457 0.3538522183705457 0.3678605160887394 0.3859245700196777 0.4036321505023381 0.42103503198846126 0.43781631011444044 0.4536397286277059 0.4688086434980167 0.48342692612045934 0.4976361845699861 0.5115810026143901 0.5249619342006322 0.5362405802672086 0.5457792382919613 0.5527706153570872 0.5570908760695575 0.5590696097463965 0.5585411444318548 0.5550762637413631 0.5491081002504827 0.5409135651558737 0.5308094452749544 0.5191095235735531 0.5060974516793886 0.4920153768737574 0.47706290780148686 0.46140131282199826 0.44515956746201435 0.4284404512037807 0.41132592380447086
0.3538522183705457 0.3538522183705457 0.3538522183705457 0.3538522183705457 0.3538522183705457 0.3538522183705457 0.3538522183705457 0.3538522183705457 0.3538522183705457 0.3538522183705457 0.3538522183705457 0.3538522183705457 0.3538522183705457 0.3538522183705457 0.3538522183705457 0.3538522183705457 0.3538522183705457 0.3538522183705457 0.3573855363601153 0.3761317408143062 0.3945323275621408 0.41268687578409746 0.4305326100905178 0.4476992656027623 0.4637906943733464 0.47911113729945676 0.494528647646428 0.50965963436719 0.5244314196698742 0.5391099967530267 0.5525240506323555 0.5632377273724909 0.5713278768558471 0.5768806122305796 0.5791617505431036 0.5782184510394166 0.5742842125762105 0.5674702192503142 0.5582355889597458 0.5470084719111169 0.5341849418550195 0.5200997001213099 0.5050212835823296 0.4891592671729137 0.4726751917041049 0.45569320193616925 0.4383089625149023 0.4205966375917133
0.3538522183705457 0.3538522183705457 0.3538522183705457 0.3538522183705457 0.3538522183705457 0.3538522183705457 0.3538522183705457 0.3538522183705457 0.3538522183705457 0.3538522183705457 0.3538522183705457 0.3538522183705457 0.3538522183705457 0.3538522183705457 0.3538522183705457 0.3538522183705457 0.3538522183705457 0.3538522183705457 0.3638713745610374 0.3829892709228789 0.4020021500625661 0.42039782562466477 0.43860060353653585 0.45566494063408236 0.4725448539061871 0.48923667836065804 0.5056938840399839 0.5217524276645393 0.5368259799454169 0.5506141475793577 0.5640904610853692 0.5765588870088372 0.5888359944695264 0.5955683560010587 0.5978460755657604 0.5972216828434844 0.5932558666708904 0.585341981598479 0.5748175970630911 0.562265404091518 0.5481764873400535 0.5329313903147268 0.5168132591627022 0.5000295404735143 0.48273203658876584 0.4650325608192374 0.44701434169409565 0.42874009707312233
0.3538522183705457 0.3538522183705457 0.3538522183705457 0.3538522183705457 0.3538522183705457 0.3538522183705457 0.3538522183705457 0.3538522183705457 0.3538522183705457 0.3538522183705457 0.3538522183705457 0.3538522183705457 0.3538522183705457 0.3538522183705457 0.3538522183705457 0.3538522183705457 0.3538522183705457 0.3538522183705457 0.36933944162734 0.3889365411593134 0.4083189778919621 0.42706188944341184 0.44515173296268024 0.4631030924210832 0.47916525572968527 0.4957755377445364 0.5134095307978321 0.5312485880452927 0.5491590489081642 0.563021072182432 0.5782694329880564 0.5914838981293963 0.6034805879323317 0.6095949507335308 0.6135791864466175 0.6154505462915967 0.6118418609114955 0.6024626482601871 0.5903336031400541 0.5762407475090646 0.5607648948608944 0.5443090739881995 0.5271475183020389 0.5094674706011311 0.4913985967832011 0.4730323617704295 0.4544345596876118 0.4356534361081591
0.3538522183705457 0.3538522183705457 0.3538522183705457 0.3538522183705457 0.3538522183705457 0.3538522183705457 0.3538522183705457 0.3538522183705457 0.3538522183705457 0.3538522183705457 0.3538522183705457 0.3538522183705457 0.3538522183705457 0.3538522183705457 0.3538522183705457 0.3538522183705457 0.3538522183705457 0.3538522183705457 0.37334214958628914 0.3932520957012149 0.41253148246124427 0.4319691745216004 0.4493516268120826 0.4654484620557222 0.4827821328131847 0.5007243067771396 0.5186867266039779 0.5370973907311472 0.5575968726773243 0.5760415048819829 0.5920300826416831 0.6063183809038118 0.618063839181222 0.626098895066847 0.6298317213841463 0.6330854544932669 0.6297556957417552 0.6183773963804775 0.6042818419450304 0.5884661432429559 0.5715477361964367 0.5539004634187146 0.5357543068192709 0.5172550899802792 0.49849840579375077 0.47953328301067727 0.4603940761898845 0.4411381220627676
0.3538522183705457 0.3538522183705457 0.3538522183705457 0.3538522183705457 0.3538522183705457 0.3538522183705457 0.3538522183705457 0.3538522183705457 0.3538522183705457 0.3538522183705457 0.3538522183705457 0.3538522183705457 0.3538522183705457 0.3538522183705457 0.3538522183705457 0.3538522183705457 0.3538522183705457 0.3546873401449235 0.375871982343213 0.3953171698608852 0.4152226200675885 0.4323472280867303 0.4495343273871609 0.46724195495400556 0.4868482060802672 0.5055544451317772 0.5224139172962299 0.5413824517473408 0.5625599473240293 0.5824289399808975 0.5989402044670601 0.6120618387956827 0.6305851812765633 0.6452202796740896 0.6532211775971792 0.6515687473314999 0.6463454167683174 0.6322723763532229 0.6159094550826315 0.5983291078317577 0.5800506800748488 0.5613433370553841 0.5423564596769512 0.5231783637556895 0.5038641710819428 0.484413834284238 0.46488547637617644 0.44528915712891737
0.3538522183705457 0.3538522183705457 0.3538522183705457 0.3538522183705457 0.3538522183705457 0.3538522183705457 0.3538522183705457 0.3538522183705457 0.3538522183705457 0.3538522183705457 0.3538522183705457 0.3538522183705457 0.3538522183705457 0.3538522183705457 0.3538522183705457 0.3538522183705457 0.3538522183705457 0.3547193641038492 0.3761579808852448 0.3958151218547534 0.41446781253791387 0.43195420347127683 0.44917425787943205 0.467665734332288 0.48701224740088106 0.5064643014287311 0.523760220827469 0.5427443563868326 0.5629340117156739 0.5816733999463016 0.6026306048359964 0.6273374315079613 0.6470078493413426 0.665361314030552 0.6755874186270625 0.6728719258046011 0.6599322754627136 0.6427438516986224 0.6241881384655807 0.6051160039593414 0.5857783393417186 0.5662858265336272 0.5466878343978225 0.5268703720608874 0.5067625915726739 0.4869907368279107 0.4671433597390021 0.447475280525783
0.3538522183705457 0.3538522183705457 0.3538522183705457 0.3538522183705457 0.3538522183705457 0.3538522183705457 0.3538522183705457 0.3538522183705457 0.3538522183705457 0.3538522183705457 0.3538522183705457 0.3538522183705457 0.3538522183705457 0.3538522183705457 0.3538522183705457 0.3538522183705457 0.3538522183705457 0.3541758664484961 0.37509091238214365 0.39387837346338983 0.4135570516727997 0.4308698759615199 0.44938248485311405 0.4682966787723218 0.4861083221107654 0.5029611331402956 0.5218116953592227 0.5428457735381398 0.5619480721344635 0.5895414009881464 0.6141873486425158 0.6361672626247071 0.6574118092378768 0.6773538388848244 0.6967961691309184 0.6869113345481161 0.6675687136933073 0.6478226984233026 0.6280068553469219 0.6081670537664554 0.5883156812948076 0.5683993514256486 0.5480854573120448 0.5273695894174328 0.5068867325562355 0.4873673185414116 0.46778128265960695 0.4482642759716728
0.3538522183705457 0.3538522183705457 0.3538522183705457 0.3538522183705457 0.3538522183705457 0.3538522183705457 0.3538522183705457 0.3538522183705457 0.3538522183705457 0.3538522183705457 0.3538522183705457 0.3538522183705457 0.3538522183705457 0.3538522183705457 0.3538522183705457 0.3538522183705457 0.3538522183705457 0.3538522183705457 0.3716892820533679 0.3917610274966812 0.40794281220935846 0.4264669431459315 0.4456741863370756 0.46405744179748926 0.48218090217301035 0.5019239603217587 0.521263765718555 0.5464242521944322 0.5720205787263156 0.5940260434367822 0.6170161091063862 0.6373604506121743 0.6569263715321092 0.67498483141489 0.6872071085646297 0.6817492430805203 0.6648893057350957 0.6460582774624458 0.6266853400375765 0.6069808424197983 0.587028344109318 0.5670105069646033 0.5470028778978534 0.5255335918750297 0.5048589412891528 0.4854677554759288 0.4659949727613095 0.4464591426906831
0.3538522183705457 0.3538522183705457 0.3538522183705457 0.3538522183705457 0.3538522183705457 0.3538522183705457 0.3538522183705457 0.3538522183705457 0.3538522183705457 0.3538522183705457 0.3538522183705457 0.3538522183705457 0.3538522183705457 0.3538522183705457 0.3538522183705457 0.3538522183705457 0.3538522183705457 0.3538522183705457 0.3655949108927864 0.3836912424894931 0.40305504629341554 0.42188768190764037 0.43959919261386016 0.45879687464309227 0.4783837379138125 0.5030690618405513 0.5233722780587071 0.5504719998186509 0.5722878979997182 0.5927760504970471 0.6125448694668351 0.6306855584243746 0.6472255447726835 0.6608816996264127 0.6683175556913549 0.6651581510424265 0.6535291714086475 0.6373480962467181 0.6198262291003521 0.6010777938981371 0.5812921685560541 0.561868877180139 0.542028333487093 0.5205385609154389 0.5004680267693009 0.48048691855727554 0.4613158082175207 0.44229164448866265
0.3538522183705457 0.3538522183705457 0.3538522183705457 0.3538522183705457 0.3538522183705457 0.3538522183705457 0.3538522183705457 0.3538522183705457 0.3538522183705457 0.3538522183705457 0.3538522183705457 0.3538522183705457 0.3538522183705457 0.3538522183705457 0.3538522183705457 0.3538522183705457 0.3538522183705457 0.3538522183705457 0.35839434580068275 0.3764248843413074 0.3958917345252892 0.41502230526992123 0.4347750378446174 0.45857492070952965 0.4824202823366399 0.5047636081672789 0.5251453710997912 0.5476082939953084 0.5675179993714192 0.5858474553868757 0.6031919265262545 0.6191765420929891 0.6327870081067676 0.6431219343390576 0.6484622972862627 0.6465310341656882 0.6374579556334159 0.6237013202956692 0.6072161507844036 0.5898862506900594 0.5716720363781798 0.5525506888224713 0.5335704366130082 0.5134608267068892 0.4922017431201944 0.47341243664057575 0.45478620381579027 0.4356656411256068
0.3538522183705457 0.3538522183705457 0.3538522183705457 0.3538522183705457 0.3538522183705457 0.3538522183705457 0.3538522183705457 0.3538522183705457 0.3538522183705457 0.3538522183705457 0.3538522183705457 0.3538522183705457 0.3538522183705457 0.3538522183705457 0.3538522183705457 0.3538522183705457 0.3538522183705457 0.3538522183705457 0.3538522183705457 0.3690286812926896 0.38688285383585197 0.4093876009758157 0.43655811823084956 0.4592788739971587 0.4814070182578537 0.502395876003574 0.5222163207439179 0.5409226709351536 0.5583031010785143 0.5747879430764863 0.5899860815616217 0.6043581422527285 0.6159380494481618 0.6249512284426988 0.6283779149715056 0.6254524898011102 0.6172707775127005 0.6056670912613312 0.5909532221741867 0.5748882786433273 0.5583009632996323 0.5406655422733797 0.5224465854810989 0.5023248355729313 0.4811746225097303 0.46272098617558577 0.44527131056756886 0.42595262066724826
