output/Mappa_Temperature_20070101_0600.asc
NCOLS 153
NROWS 173
XLLCORNER 628082.1585431173
YLLCORNER 5141515.270487413
CELLSIZE 30.005356186399773
NODATA_VALUE -9999
[rows 126 to 146 of 173, columns 46 to 91 of 153]
-1.7235240009708768 -1.7235240009708768 -1.7235240009708768 -1.7235240009708768 -1.7235240009708768 -1.7235240009708768 -1.7235240009708768 -1.7235240009708768 -1.7235240009708768 -1.7235240009708768 -1.7235240009708768 -1.7235240009708768 -1.7235240009708768 -1.7235240009708768 -1.7235240009708768 -1.7235240009708768 -1.7235240009708768 -1.7235240009708768 -1.7235240009708768 -1.7235240009708768 -1.7235240009708768 -1.7235240009708768 -1.7235240009708768 -1.7235240009708768 -1.7235240009708768 -1.7235240009708768 -1.7235240009708768 -1.7235240009708768 -1.7235240009708768 -1.7235240009708768 -1.716413589290212 -1.703850481843184 -1.6934437986177628 -1.6851218861913444 -1.6789696904380307 -1.6750529880816538 -1.6734150399652488 -1.6740742673139846 -1.67702323241822 -1.6822290523438272 -1.6896351930995124 -1.6991644222078417 -1.710722575939417 -1.7235240009708768 -1.7235240009708768 -1.7235240009708768
-1.7235240009708768 -1.7235240009708768 -1.7235240009708768 -1.7235240009708768 -1.7235240009708768 -1.7235240009708768 -1.7235240009708768 -1.7235240009708768 -1.7235240009708768 -1.7235240009708768 -1.7235240009708768 -1.7235240009708768 -1.7235240009708768 -1.7235240009708768 -1.7235240009708768 -1.7235240009708768 -1.7235240009708768 -1.7235240009708768 -1.7235240009708768 -1.7235240009708768 -1.7235240009708768 -1.7235240009708768 -1.7235240009708768 -1.7235240009708768 -1.7235240009708768 -1.7235240009708768 -1.7235240009708768 -1.7235240009708768 -1.7133971868645057 -1.6965350090110722 -1.6814829557576572 -1.6683767825595104 -1.6573459307769862 -1.6485083547005535 -1.641965060434643 -1.63779484564231 -1.636049812835937 -1.6367522150636684 -1.639893062681044 -1.6454326895095648 -1.6533031971511605 -1.6634124370263972 -1.67564901261404 -1.6898877214055414 -1.7059949022619767 -1.7235240009708768
-1.7235240009708768 -1.7235240009708768 -1.7235240009708768 -1.7235240009708768 -1.7235240009708768 -1.7235240009708768 -1.7235240009708768 -1.7235240009708768 -1.7235240009708768 -1.7235240009708768 -1.7235240009708768 -1.7235240009708768 -1.7235240009708768 -1.7235240009708768 -1.7235240009708768 -1.7235240009708768 -1.7235240009708768 -1.7235240009708768 -1.7235240009708768 -1.7235240009708768 -1.7235240009708768 -1.7235240009708768 -1.7235240009708768 -1.7235240009708768 -1.7235240009708768 -1.7235240009708768 -1.7212877458120022 -1.7002431243708085 -1.680753354664437 -1.6629694974383895 -1.6470482663981265 -1.6331466070391216 -1.6214162424941772 -1.6119971906608792 -1.605010680809321 -1.6005521376486544 -1.5986850667477994 -1.5994366905717263 -1.6027960048188248 -1.6087145694206184 -1.617109905101703 -1.6278709595384049 -1.6408648460200361 -1.655943992013183 -1.6729529451275285 -1.6917343021520748
-1.7235240009708768 -1.7235240009708768 -1.7235240009708768 -1.7235240009708768 -1.7235240009708768 -1.7235240009708768 -1.7235240009708768 -1.7235240009708768 -1.7235240009708768 -1.7235240009708768 -1.7235240009708768 -1.7235240009708768 -1.7235240009708768 -1.7235240009708768 -1.7235240009708768 -1.7235240009708768 -1.7235240009708768 -1.7235240009708768 -1.7235240009708768 -1.7235240009708768 -1.7235240009708768 -1.7235240009708768 -1.7235240009708768 -1.7235240009708768 -1.7235240009708768 -1.7148443666685347 -1.691305489732733 -1.6692051192770954 -1.648677721700254 -1.6298827870014503 -1.612998995547504 -1.5982083375790483 -1.5856896312088538 -1.5756104060210365 -1.5681176511545343 -1.5633283330241625 -1.561320910608404 -1.5621291673847337 -1.5657394359394632 -1.572091729490093 -1.5810845684745456 -1.5925826328265122 -1.6064259812192652 -1.6224395342361673 -1.6404417597774974 -1.6602518874780887
-1.7235240009708768 -1.7235240009708768 -1.7235240009708768 -1.7235240009708768 -1.7235240009708768 -1.7235240009708768 -1.7235240009708768 -1.7235240009708768 -1.7235240009708768 -1.7235240009708768 -1.7235240009708768 -1.7235240009708768 -1.7235240009708768 -1.7235240009708768 -1.7235240009708768 -1.7235240009708768 -1.7235240009708768 -1.7235240009708768 -1.7235240009708768 -1.7235240009708768 -1.7235240009708768 -1.7235240009708768 -1.7235240009708768 -1.7235240009708768 -1.7126134673420936 -1.6867327494795898 -1.6622002297797656 -1.6389291816078295 -1.6172695166866287 -1.5973643617171802 -1.579411862656905 -1.5636234882765199 -1.5502110694453985 -1.5393766961618713 -1.531300571335522 -1.5261280216639896 -1.5239574888859249 -1.524831598155559 -1.5287330878647387 -1.5355864727729311 -1.5452650798914815 -1.5576019984066354 -1.5724029009403464 -1.589458736608114 -1.6085568064801936 -1.6294894222869938
-1.7235240009708768 -1.7235240009708768 -1.7235240009708768 -1.7235240009708768 -1.7235240009708768 -1.7235240009708768 -1.7235240009708768 -1.7235240009708768 -1.7235240009708768 -1.7235240009708768 -1.7235240009708768 -1.7235240009708768 -1.7235240009708768 -1.7235240009708768 -1.7235240009708768 -1.7235240009708768 -1.7235240009708768 -1.7235240009708768 -1.7235240009708768 -1.7235240009708768 -1.7235240009708768 -1.7235240009708768 -1.7235240009708768 -1.7146959326281197 -1.686656424149282 -1.6597074770275901 -1.633942929140674 -1.609527018692947 -1.5866495901251172 -1.5655252643076307 -1.546385469161139 -1.5294728937647795 -1.5150462949553236 -1.5033341283183441 -1.4945790247823207 -1.4889574055823513 -1.4865949974004018 -1.487546626320242 -1.4917900616412227 -1.4992285385111535 -1.5097013193235196 -1.5229997502441794 -1.5388853978786543 -1.5571071562856218 -1.5774152768062542 -1.599571493681658
-1.7235240009708768 -1.7235240009708768 -1.7235240009708768 -1.7235240009708768 -1.7235240009708768 -1.7235240009708768 -1.7235240009708768 -1.7235240009708768 -1.7235240009708768 -1.7235240009708768 -1.7235240009708768 -1.7235240009708768 -1.7235240009708768 -1.7235240009708768 -1.7235240009708768 -1.7235240009708768 -1.7235240009708768 -1.7235240009708768 -1.7235240009708768 -1.7235240009708768 -1.7235240009708768 -1.7235240009708768 -1.7214200015819818 -1.6910744381642775 -1.6619866162372645 -1.6338786319638245 -1.6068602873067301 -1.5811618796514828 -1.5569670945168779 -1.5345057327294074 -1.5142118329737178 -1.4965058131715916 -1.4810779636254798 -1.4683064118300828 -1.4579818555806758 -1.4518250721230412 -1.44923370837738 -1.4502779207257535 -1.454928411617832 -1.463058420306929 -1.4744601236211725 -1.4888688316745395 -1.5059890839145091 -1.525517770121504 -1.547161601938876 -1.5706483907362419
-1.7235240009708768 -1.7235240009708768 -1.7235240009708768 -1.7235240009708768 -1.7235240009708768 -1.7235240009708768 -1.7235240009708768 -1.7235240009708768 -1.7235240009708768 -1.7235240009708768 -1.7235240009708768 -1.7235240009708768 -1.7235240009708768 -1.7235240009708768 -1.7235240009708768 -1.7235240009708768 -1.7235240009708768 -1.7235240009708768 -1.7235240009708768 -1.7235240009708768 -1.7235240009708768 -1.7235240009708768 -1.7000114941988655 -1.6688870207160842 -1.6387203391145193 -1.609361225876026 -1.581069904236432 -1.5540385485173225 -1.5286391955264986 -1.50525416875403 -1.483519802575338 -1.4641300914031907 -1.4472313371536676 -1.4333706588130253 -1.422171131137335 -1.4147788564508794 -1.4118740117215136 -1.4130307252223346 -1.4181737066161177 -1.4271325888680848 -1.439632828501388 -1.4553332865968682 -1.4738643701286218 -1.494859121233787 -1.517974190089683 -1.5429012299562417
-1.7235240009708768 -1.7235240009708768 -1.7235240009708768 -1.7235240009708768 -1.7235240009708768 -1.7235240009708768 -1.7235240009708768 -1.7235240009708768 -1.7235240009708768 -1.7235240009708768 -1.7235240009708768 -1.7235240009708768 -1.7235240009708768 -1.7235240009708768 -1.7235240009708768 -1.7235240009708768 -1.7235240009708768 -1.7235240009708768 -1.7235240009708768 -1.7235240009708768 -1.7235240009708768 -1.7148891490641867 -1.6804650537415693 -1.6482697125042736 -1.6169425427675486 -1.5863735443114069 -1.5568973449795467 -1.5286709442715656 -1.5027676725106447 -1.4778385125289168 -1.4541333159400518 -1.4331287195955347 -1.4136960230668805 -1.3975041601197926 -1.3857275803155533 -1.3779788459764466 -1.3745567297989751 -1.375812803298428 -1.3815633424002827 -1.391531985088573 -1.405346972948984 -1.4225612428850853 -1.4427088181651775 -1.4653457440343765 -1.4900733682491683 -1.5165474276478639
-1.7235240009708768 -1.7235240009708768 -1.7235240009708768 -1.7235240009708768 -1.7235240009708768 -1.7235240009708768 -1.7235240009708768 -1.7235240009708768 -1.7235240009708768 -1.7235240009708768 -1.7235240009708768 -1.7235240009708768 -1.7235240009708768 -1.7235240009708768 -1.7235240009708768 -1.7235240009708768 -1.7235240009708768 -1.7235240009708768 -1.7235240009708768 -1.7235240009708768 -1.7235240009708768 -1.6971836229648425 -1.6632170398414452 -1.629920748395572 -1.5971973949974365 -1.5656428679481882 -1.5358894437012285 -1.5073667095572798 -1.4798793518625528 -1.4531610991329684 -1.4269400845668718 -1.4017793688864248 -1.3805716670823673 -1.3626357363149957 -1.3494895626411594 -1.3413659988405926 -1.3376453045728298 -1.3386389996261583 -1.345154157211282 -1.3563763403426001 -1.3717848615146904 -1.390784053453338 -1.4127838971499542 -1.4372510307895292 -1.463730134885659 -1.4918458770986198
-1.7235240009708768 -1.7235240009708768 -1.7235240009708768 -1.7235240009708768 -1.7235240009708768 -1.7235240009708768 -1.7235240009708768 -1.7235240009708768 -1.7235240009708768 -1.7235240009708768 -1.7235240009708768 -1.7235240009708768 -1.7235240009708768 -1.7235240009708768 -1.7235240009708768 -1.7235240009708768 -1.7235240009708768 -1.7235240009708768 -1.7235240009708768 -1.7235240009708768 -1.7168801579192052 -1.68163089912736 -1.647031519515279 -1.6128947762567492 -1.5793387084972879 -1.5470595405078296 -1.5168021655575608 -1.4879945069817797 -1.4590043285446288 -1.4305529122593013 -1.4027769171652367 -1.3751761853176563 -1.349953188428036 -1.3298078216713667 -1.314595581054856 -1.304154544486366 -1.2998652263518773 -1.3016389511826805 -1.30903666148064 -1.3218492932182972 -1.339213548140122 -1.3603243578136497 -1.3844369684851543 -1.4109220274863232 -1.4392745938979683 -1.469100595355614
-1.7235240009708768 -1.7235240009708768 -1.7235240009708768 -1.7235240009708768 -1.7235240009708768 -1.7235240009708768 -1.7235240009708768 -1.7235240009708768 -1.7235240009708768 -1.7235240009708768 -1.7235240009708768 -1.7235240009708768 -1.7235240009708768 -1.7235240009708768 -1.7235240009708768 -1.7235240009708768 -1.7235240009708768 -1.7235240009708768 -1.7235240009708768 -1.7235240009708768 -1.7046845697517437 -1.6687364033876697 -1.6329857052231103 -1.5983955603154454 -1.5641681287884952 -1.5320813543199574 -1.5003413595510857 -1.4689550359173316 -1.4380098756104194 -1.4078143359519615 -1.37947091600477 -1.3535444576445321 -1.3282043914197021 -1.304759497645216 -1.281674347840379 -1.269015211721112 -1.264732321998684 -1.2659063932998362 -1.2733634804627465 -1.2882442838620698 -1.3080337167053602 -1.3316361211036105 -1.3581280903917254 -1.3867940729731938 -1.4171016575088802 -1.4486607736494477
-1.7235240009708768 -1.7235240009708768 -1.7235240009708768 -1.7235240009708768 -1.7235240009708768 -1.7235240009708768 -1.7235240009708768 -1.7235240009708768 -1.7235240009708768 -1.7235240009708768 -1.7235240009708768 -1.7235240009708768 -1.7235240009708768 -1.7235240009708768 -1.7235240009708768 -1.7235240009708768 -1.7235240009708768 -1.7235240009708768 -1.7235240009708768 -1.7235240009708768 -1.694402738483857 -1.6575535067014957 -1.6211079142043499 -1.5858648471928825 -1.5518497708464747 -1.518095091772058 -1.4878927458728983 -1.4566597498401455 -1.4235018278624891 -1.3899583152514505 -1.3562805394873334 -1.3302152073307767 -1.3015430877290557 -1.276695385747509 -1.254137516791022 -1.242640429087035 -1.2351487069050064 -1.2316299120668561 -1.2384154715208961 -1.2560515905986334 -1.2788583326984688 -1.3053577084236594 -1.3344575902878997 -1.3654001466859835 -1.3976697252628276 -1.4309142456874469
-1.7235240009708768 -1.7235240009708768 -1.7235240009708768 -1.7235240009708768 -1.7235240009708768 -1.7235240009708768 -1.7235240009708768 -1.7235240009708768 -1.7235240009708768 -1.7235240009708768 -1.7235240009708768 -1.7235240009708768 -1.7235240009708768 -1.7235240009708768 -1.7235240009708768 -1.7235240009708768 -1.7235240009708768 -1.7235240009708768 -1.7235240009708768 -1.7235240009708768 -1.6868762821786394 -1.6494387921068958 -1.6131869687090947 -1.576637477348008 -1.5439525378061767 -1.5136849968423873 -1.4810917832222439 -1.4473543760105982 -1.4135788996707783 -1.3789605711481117 -1.3404145526201852 -1.305732352525164 -1.2756683725583187 -1.2488014980201905 -1.2267160300279412 -1.2116073841678434 -1.2045883974068166 -1.1984702692980966 -1.2047313515472111 -1.226126435537515 -1.2526308859356596 -1.2823697943043162 -1.314182170499493 -1.3473650628888463 -1.381486027034637 -1.416270864861276
-1.7235240009708768 -1.7235240009708768 -1.7235240009708768 -1.7235240009708768 -1.7235240009708768 -1.7235240009708768 -1.7235240009708768 -1.7235240009708768 -1.7235240009708768 -1.7235240009708768 -1.7235240009708768 -1.7235240009708768 -1.7235240009708768 -1.7235240009708768 -1.7235240009708768 -1.7235240009708768 -1.7235240009708768 -1.7235240009708768 -1.7235240009708768 -1.7219536871711079 -1.6821193336578444 -1.6455557482802659 -1.6081267120495533 -1.575926607689726 -1.5436089984050065 -1.5103126184248046 -1.4734461785235275 -1.4382720683211105 -1.4065705098071777 -1.3709031947833268 -1.3310822793564192 -1.2937217957552356 -1.2626749864517564 -1.238001838063141 -1.2031716358003814 -1.1756526587125609 -1.1606082414734702 -1.163715374024637 -1.173537017185888 -1.1999991335461342 -1.230767007003776 -1.2638240565740435 -1.2981937356141815 -1.3333699216529202 -1.369071727636998 -1.405133089707134
-1.7235240009708768 -1.7235240009708768 -1.7235240009708768 -1.7235240009708768 -1.7235240009708768 -1.7235240009708768 -1.7235240009708768 -1.7235240009708768 -1.7235240009708768 -1.7235240009708768 -1.7235240009708768 -1.7235240009708768 -1.7235240009708768 -1.7235240009708768 -1.7235240009708768 -1.7235240009708768 -1.7235240009708768 -1.7235240009708768 -1.7235240009708768 -1.7218934712047989 -1.6815815588433842 -1.6446194286780433 -1.6095460076737182 -1.5766656280293114 -1.5442860519009292 -1.5095157686405074 -1.473137724885518 -1.4365612281266018 -1.4040389999380232 -1.3683423495090445 -1.3303789107050117 -1.2951424687385147 -1.2557357749453393 -1.2092785131879822 -1.172291417989755 -1.137780643921443 -1.1185520791079273 -1.1236581318814503 -1.1479890882994161 -1.1803091880275964 -1.2152002583462351 -1.2510623768121933 -1.2874237824611146 -1.3240763555275608 -1.3609272657095965 -1.3981908547320716
-1.7235240009708768 -1.7235240009708768 -1.7235240009708768 -1.7235240009708768 -1.7235240009708768 -1.7235240009708768 -1.7235240009708768 -1.7235240009708768 -1.7235240009708768 -1.7235240009708768 -1.7235240009708768 -1.7235240009708768 -1.7235240009708768 -1.7235240009708768 -1.7235240009708768 -1.7235240009708768 -1.7235240009708768 -1.7235240009708768 -1.7235240009708768 -1.722915432186458 -1.683588011611267 -1.6482611762877344 -1.6112585487649222 -1.5787045336168386 -1.5438945141632128 -1.5083293778751468 -1.4748374127640722 -1.4431483794559385 -1.4077028924694672 -1.3681516506707176 -1.3322328134262884 -1.2803479429679112 -1.2340051545297495 -1.1926754187918294 -1.1527284245449185 -1.115230606489129 -1.078672393756747 -1.097259254535694 -1.1336299796011238 -1.1707592237668394 -1.2080197680271332 -1.2453253624474636 -1.2826527140901067 -1.3201022077973392 -1.3582992578951494 -1.3972521558163884
-1.7235240009708768 -1.7235240009708768 -1.7235240009708768 -1.7235240009708768 -1.7235240009708768 -1.7235240009708768 -1.7235240009708768 -1.7235240009708768 -1.7235240009708768 -1.7235240009708768 -1.7235240009708768 -1.7235240009708768 -1.7235240009708768 -1.7235240009708768 -1.7235240009708768 -1.7235240009708768 -1.7235240009708768 -1.7235240009708768 -1.7235240009708768 -1.7235240009708768 -1.689984236941374 -1.6522425089417527 -1.6218152339995162 -1.586983549171108 -1.550867380291323 -1.5163005894113757 -1.4822223019083505 -1.4450986181392835 -1.4087331870952862 -1.3614228901610927 -1.3132930652545265 -1.271915285431975 -1.2286861199542574 -1.1904318183733935 -1.1536412130168328 -1.1196851486121282 -1.0967030984947472 -1.1069657473083045 -1.1386681805211427 -1.1740769370254842 -1.2105046675837523 -1.2475558444014156 -1.2850733471155589 -1.3227137091254428 -1.3603348764667298 -1.4007044574634533
-1.7235240009708768 -1.7235240009708768 -1.7235240009708768 -1.7235240009708768 -1.7235240009708768 -1.7235240009708768 -1.7235240009708768 -1.7235240009708768 -1.7235240009708768 -1.7235240009708768 -1.7235240009708768 -1.7235240009708768 -1.7235240009708768 -1.7235240009708768 -1.7235240009708768 -1.7235240009708768 -1.7235240009708768 -1.7235240009708768 -1.7235240009708768 -1.7235240009708768 -1.7014437335417587 -1.667416457396653 -1.631005901161289 -1.5955941223065047 -1.562290440699723 -1.5261922500656917 -1.4893622659461199 -1.442945436684472 -1.4047684646723861 -1.3538117439219233 -1.3127904138366764 -1.2742656985371144 -1.2370935756373542 -1.2029828925233805 -1.1718820763219064 -1.1462038470186369 -1.1322219012112866 -1.138162659638967 -1.160029108049781 -1.1904550487945809 -1.2234021358205367 -1.2586555891795825 -1.2958593137919863 -1.3323817269541907 -1.369688716799308 -1.4100968194958918
-1.7235240009708768 -1.7235240009708768 -1.7235240009708768 -1.7235240009708768 -1.7235240009708768 -1.7235240009708768 -1.7235240009708768 -1.7235240009708768 -1.7235240009708768 -1.7235240009708768 -1.7235240009708768 -1.7235240009708768 -1.7235240009708768 -1.7235240009708768 -1.7235240009708768 -1.7235240009708768 -1.7235240009708768 -1.7235240009708768 -1.7235240009708768 -1.7235240009708768 -1.714983252061324 -1.6810796893039723 -1.6444753707244932 -1.6085033721974817 -1.5713614972076424 -1.5266095991703135 -1.4817721855470334 -1.4397591115725523 -1.40143444494482 -1.3591964876932496 -1.3217594502925931 -1.2872938207204132 -1.254680298698202 -1.224623769005658 -1.1990314503061732 -1.1795982636978235 -1.1695565597343143 -1.1731879931638713 -1.1902484756740426 -1.2161156425616184 -1.2471133844111786 -1.2796995078984725 -1.313948443758446 -1.3499030995442092 -1.385592447950747 -1.4234053740561878
-1.7235240009708768 -1.7235240009708768 -1.7235240009708768 -1.7235240009708768 -1.7235240009708768 -1.7235240009708768 -1.7235240009708768 -1.7235240009708768 -1.7235240009708768 -1.7235240009708768 -1.7235240009708768 -1.7235240009708768 -1.7235240009708768 -1.7235240009708768 -1.7235240009708768 -1.7235240009708768 -1.7235240009708768 -1.7235240009708768 -1.7235240009708768 -1.7235240009708768 -1.7235240009708768 -1.6949870739148045 -1.6614151393919483 -1.6190985382943741 -1.5680086978644707 -1.5252859268678114 -1.4836774676442628 -1.444211255684826 -1.4069420587266297 -1.3717677395436174 -1.3390866023281385 -1.30808947631529 -1.2795117918071595 -1.2524874153307948 -1.2307132398429095 -1.2137653888956925 -1.2073220493627443 -1.2128228465592896 -1.228207256481802 -1.250026144705996 -1.2776932375593497 -1.3079008112247 -1.3390906220816434 -1.372251229135546 -1.4065090824763555 -1.4443448359266589
