output/Mappa_Temperature_20070101_0700.asc
NCOLS 153
NROWS 173
XLLCORNER 628082.1585431173
YLLCORNER 5141515.270487413
CELLSIZE 30.005356186399773
NODATA_VALUE -9999
[rows 126 to 146 of 173, columns 46 to 91 of 153]
-1.6742681611391614 -1.6742681611391614 -1.6742681611391614 -1.6742681611391614 -1.6742681611391614 -1.6742681611391614 -1.6742681611391614 -1.6742681611391614 -1.6742681611391614 -1.6742681611391614 -1.6742681611391614 -1.6742681611391614 -1.6742681611391614 -1.6742681611391614 -1.6742681611391614 -1.6742681611391614 -1.6742681611391614 -1.6742681611391614 -1.6742681611391614 -1.6742681611391614 -1.6742681611391614 -1.6742681611391614 -1.6742681611391614 -1.6742681611391614 -1.6742681611391614 -1.6742681611391614 -1.6742681611391614 -1.6742681611391614 -1.6742681611391614 -1.6742681611391614 -1.666903967773581 -1.6538924634236896 -1.6431143494398313 -1.6344954149769746 -1.6281236377599804 -1.6240671421865638 -1.6223707331467327 -1.6230534893479196 -1.6261077076170252 -1.6314993313767037 -1.639169808849322 -1.649039151009845 -1.6610098332784808 -1.6742681611391614 -1.6742681611391614 -1.6742681611391614
-1.6742681611391614 -1.6742681611391614 -1.6742681611391614 -1.6742681611391614 -1.6742681611391614 -1.6742681611391614 -1.6742681611391614 -1.6742681611391614 -1.6742681611391614 -1.6742681611391614 -1.6742681611391614 -1.6742681611391614 -1.6742681611391614 -1.6742681611391614 -1.6742681611391614 -1.6742681611391614 -1.6742681611391614 -1.6742681611391614 -1.6742681611391614 -1.6742681611391614 -1.6742681611391614 -1.6742681611391614 -1.6742681611391614 -1.6742681611391614 -1.6742681611391614 -1.6742681611391614 -1.6742681611391614 -1.6742681611391614 -1.6637799052398012 -1.6463158899542758 -1.6307266054394847 -1.6171526524746507 -1.605728092384202 -1.5965750894312414 -1.5897982547856337 -1.585479198521949 -1.5836718827725176 -1.5843993548314832 -1.5876523041999533 -1.593389648951639 -1.6015410672887245 -1.6120111217052258 -1.624684439764291 -1.63943135028453 -1.6561134215524607 -1.6742681611391614
-1.6742681611391614 -1.6742681611391614 -1.6742681611391614 -1.6742681611391614 -1.6742681611391614 -1.6742681611391614 -1.6742681611391614 -1.6742681611391614 -1.6742681611391614 -1.6742681611391614 -1.6742681611391614 -1.6742681611391614 -1.6742681611391614 -1.6742681611391614 -1.6742681611391614 -1.6742681611391614 -1.6742681611391614 -1.6742681611391614 -1.6742681611391614 -1.6742681611391614 -1.6742681611391614 -1.6742681611391614 -1.6742681611391614 -1.6742681611391614 -1.6742681611391614 -1.6742681611391614 -1.6719520905451746 -1.6501563537357524 -1.629970963745091 -1.6115523729123493 -1.5950628882996065 -1.5806650570318972 -1.5685160174773192 -1.558760784990646 -1.551524915703735 -1.5469072401824677 -1.5449735306085857 -1.5457519810592992 -1.5492311944723083 -1.5553610018775272 -1.5640559801855467 -1.5752011134420238 -1.588658772002267 -1.604276116238935 -1.6218921454233992 -1.6413438383785184
-1.6742681611391614 -1.6742681611391614 -1.6742681611391614 -1.6742681611391614 -1.6742681611391614 -1.6742681611391614 -1.6742681611391614 -1.6742681611391614 -1.6742681611391614 -1.6742681611391614 -1.6742681611391614 -1.6742681611391614 -1.6742681611391614 -1.6742681611391614 -1.6742681611391614 -1.6742681611391614 -1.6742681611391614 -1.6742681611391614 -1.6742681611391614 -1.6742681611391614 -1.6742681611391614 -1.6742681611391614 -1.6742681611391614 -1.6742681611391614 -1.6742681611391614 -1.665278737148594 -1.6408997209749956 -1.618010553821866 -1.5967505014033687 -1.5772847461656183 -1.55979834585646 -1.5444797862321173 -1.5315142677027558 -1.5210752992446899 -1.5133151162685239 -1.5083548599028829 -1.506275789449586 -1.5071128941711203 -1.51085201884248 -1.5174310356593244 -1.5267448430956974 -1.5386532913010296 -1.5529907303931372 -1.5695758320978854 -1.5882205851517297 -1.6087377672131744
-1.6742681611391614 -1.6742681611391614 -1.6742681611391614 -1.6742681611391614 -1.6742681611391614 -1.6742681611391614 -1.6742681611391614 -1.6742681611391614 -1.6742681611391614 -1.6742681611391614 -1.6742681611391614 -1.6742681611391614 -1.6742681611391614 -1.6742681611391614 -1.6742681611391614 -1.6742681611391614 -1.6742681611391614 -1.6742681611391614 -1.6742681611391614 -1.6742681611391614 -1.6742681611391614 -1.6742681611391614 -1.6742681611391614 -1.6742681611391614 -1.6629682135450554 -1.6361637724888771 -1.6107556488909542 -1.5866540207076087 -1.5642212885569278 -1.5436056875551623 -1.525012435798053 -1.5086605497066308 -1.4947694207244469 -1.4835483517571255 -1.4751839774372069 -1.4698268113988704 -1.467578808919989 -1.468484116513042 -1.472524856476151 -1.479622849382797 -1.489646901087751 -1.5024241434699421 -1.5177533133040555 -1.5354178983534092 -1.5551976081316534 -1.5768773416508652
-1.6742681611391614 -1.6742681611391614 -1.6742681611391614 -1.6742681611391614 -1.6742681611391614 -1.6742681611391614 -1.6742681611391614 -1.6742681611391614 -1.6742681611391614 -1.6742681611391614 -1.6742681611391614 -1.6742681611391614 -1.6742681611391614 -1.6742681611391614 -1.6742681611391614 -1.6742681611391614 -1.6742681611391614 -1.6742681611391614 -1.6742681611391614 -1.6742681611391614 -1.6742681611391614 -1.6742681611391614 -1.6742681611391614 -1.6651250052657243 -1.6360847229884654 -1.6081739259044332 -1.5814898011114933 -1.5562024487317823 -1.5325084890502485 -1.510630203091007 -1.4908072787982178 -1.4732910672028403 -1.4583495605768033 -1.4462193684419142 -1.437151781602985 -1.4313295180442072 -1.4288827918289566 -1.429868385869459 -1.4342632760166807 -1.441967243729905 -1.4528138144266953 -1.4665868870920762 -1.4830395182717697 -1.5019116396616907 -1.5229445886837767 -1.5458915955025132
-1.6742681611391614 -1.6742681611391614 -1.6742681611391614 -1.6742681611391614 -1.6742681611391614 -1.6742681611391614 -1.6742681611391614 -1.6742681611391614 -1.6742681611391614 -1.6742681611391614 -1.6742681611391614 -1.6742681611391614 -1.6742681611391614 -1.6742681611391614 -1.6742681611391614 -1.6742681611391614 -1.6742681611391614 -1.6742681611391614 -1.6742681611391614 -1.6742681611391614 -1.6742681611391614 -1.6742681611391614 -1.6720890667299 -1.6406604228156279 -1.6105344111478905 -1.5814232090681002 -1.5534405375423688 -1.5268249136291425 -1.5017665788699284 -1.4785035360411973 -1.4574853153453378 -1.4391473400756019 -1.4231688465121963 -1.4099414581099758 -1.3992484023420222 -1.3928718736783823 -1.3901880201181869 -1.3912695020342147 -1.3960859762008617 -1.4045061575826474 -1.416314805474499 -1.4312377827954526 -1.448969083544959 -1.469194779026859 -1.4916111129655365 -1.5159361818937822
-1.6742681611391614 -1.6742681611391614 -1.6742681611391614 -1.6742681611391614 -1.6742681611391614 -1.6742681611391614 -1.6742681611391614 -1.6742681611391614 -1.6742681611391614 -1.6742681611391614 -1.6742681611391614 -1.6742681611391614 -1.6742681611391614 -1.6742681611391614 -1.6742681611391614 -1.6742681611391614 -1.6742681611391614 -1.6742681611391614 -1.6742681611391614 -1.6742681611391614 -1.6742681611391614 -1.6742681611391614 -1.6499164563216357 -1.617681101826988 -1.5864377242999244 -1.556030738510594 -1.5267296554680498 -1.4987335084952025 -1.4724276129738896 -1.4482079381159558 -1.4256978385033718 -1.4056160782921108 -1.3881141811418602 -1.3737587935689886 -1.3621595372796182 -1.3545034207778708 -1.3514948976086412 -1.3526928960187456 -1.3580194384413729 -1.3672980771765066 -1.3802444698623297 -1.3965053017994924 -1.4156977886104412 -1.4374418751337463 -1.461381956855938 -1.4871986816607867
-1.6742681611391614 -1.6742681611391614 -1.6742681611391614 -1.6742681611391614 -1.6742681611391614 -1.6742681611391614 -1.6742681611391614 -1.6742681611391614 -1.6742681611391614 -1.6742681611391614 -1.6742681611391614 -1.6742681611391614 -1.6742681611391614 -1.6742681611391614 -1.6742681611391614 -1.6742681611391614 -1.6742681611391614 -1.6742681611391614 -1.6742681611391614 -1.6742681611391614 -1.6742681611391614 -1.6653251178978061 -1.629672372912545 -1.5963279297227018 -1.5638826444286065 -1.532222590730824 -1.5016943398628024 -1.4724604948811952 -1.445632694942783 -1.419813774352548 -1.395262502318015 -1.3735082191634072 -1.353381939381209 -1.336612163586708 -1.324415259278136 -1.316389960522668 -1.312845703680422 -1.314146608402508 -1.3201023932155798 -1.3304268323122057 -1.3447348986403314 -1.3625635727242085 -1.3834302463956738 -1.4068751194620852 -1.432485311159471 -1.4599042710368633
-1.6742681611391614 -1.6742681611391614 -1.6742681611391614 -1.6742681611391614 -1.6742681611391614 -1.6742681611391614 -1.6742681611391614 -1.6742681611391614 -1.6742681611391614 -1.6742681611391614 -1.6742681611391614 -1.6742681611391614 -1.6742681611391614 -1.6742681611391614 -1.6742681611391614 -1.6742681611391614 -1.6742681611391614 -1.6742681611391614 -1.6742681611391614 -1.6742681611391614 -1.6742681611391614 -1.6469876539518746 -1.6118087504899294 -1.577324062461114 -1.5434327615327272 -1.510752004188954 -1.4799366338161506 -1.450395878795975 -1.4219274544256517 -1.394255585576457 -1.3670987020964818 -1.3410399612234214 -1.319075323458584 -1.3004992313425983 -1.2868838502226978 -1.2784703437575677 -1.2746168521072139 -1.2756460136871302 -1.282393707409922 -1.2940164277634747 -1.309974903093038 -1.3296522058301583 -1.3524372582674178 -1.3777776620746005 -1.4052018467025462 -1.4343210836148221
-1.6742681611391614 -1.6742681611391614 -1.6742681611391614 -1.6742681611391614 -1.6742681611391614 -1.6742681611391614 -1.6742681611391614 -1.6742681611391614 -1.6742681611391614 -1.6742681611391614 -1.6742681611391614 -1.6742681611391614 -1.6742681611391614 -1.6742681611391614 -1.6742681611391614 -1.6742681611391614 -1.6742681611391614 -1.6742681611391614 -1.6742681611391614 -1.6742681611391614 -1.6673871889647756 -1.6308798291388393 -1.595045543694385 -1.5596904068166393 -1.5249366706523608 -1.4915054088028028 -1.4601681009399416 -1.4303322520904873 -1.4003073689610863 -1.3708404772451597 -1.3420731135564499 -1.3134872685328969 -1.2873640235371504 -1.2664996372147541 -1.2507444479999903 -1.2399307545486595 -1.2354883439587407 -1.2373253757957139 -1.2449871219144186 -1.2582570564661226 -1.2762410687338366 -1.2981053561368565 -1.323078583498193 -1.3505089355710296 -1.379873449307079 -1.4107639872844357
-1.6742681611391614 -1.6742681611391614 -1.6742681611391614 -1.6742681611391614 -1.6742681611391614 -1.6742681611391614 -1.6742681611391614 -1.6742681611391614 -1.6742681611391614 -1.6742681611391614 -1.6742681611391614 -1.6742681611391614 -1.6742681611391614 -1.6742681611391614 -1.6742681611391614 -1.6742681611391614 -1.6742681611391614 -1.6742681611391614 -1.6742681611391614 -1.6742681611391614 -1.6547563212308578 -1.6175251087311637 -1.5804984123790704 -1.5446736912400385 -1.509224629288102 -1.4759926277843545 -1.44311978308872 -1.4106132326027327 -1.378563591250924 -1.3472903256778985 -1.3179352848578876 -1.291083470754257 -1.264838978036103 -1.240557299429459 -1.21664820461593 -1.2035372441806853 -1.199101491442881 -1.2003174671802885 -1.2080407094168808 -1.2234526319031427 -1.2439483804755451 -1.268393191505828 -1.2958307005045313 -1.3255198167224251 -1.3569091262291333 -1.3895946364560532
-1.6742681611391614 -1.6742681611391614 -1.6742681611391614 -1.6742681611391614 -1.6742681611391614 -1.6742681611391614 -1.6742681611391614 -1.6742681611391614 -1.6742681611391614 -1.6742681611391614 -1.6742681611391614 -1.6742681611391614 -1.6742681611391614 -1.6742681611391614 -1.6742681611391614 -1.6742681611391614 -1.6742681611391614 -1.6742681611391614 -1.6742681611391614 -1.6742681611391614 -1.644107515365665 -1.6059430770172696 -1.5681966844698443 -1.5316957374185862 -1.4964666099348531 -1.4615071737079606 -1.430226858968886 -1.3978791085851652 -1.3635377286467407 -1.328796995743718 -1.2939172076262362 -1.2669215631038582 -1.2372260908258852 -1.2114915355989306 -1.1881285411097726 -1.1762211044105104 -1.1684619909769383 -1.1648176048617973 -1.1718453515180256 -1.1901109311974765 -1.2137316815007038 -1.241176861283776 -1.271315363326714 -1.3033623078321261 -1.3367836380079745 -1.3712147072270249
-1.6742681611391614 -1.6742681611391614 -1.6742681611391614 -1.6742681611391614 -1.6742681611391614 -1.6742681611391614 -1.6742681611391614 -1.6742681611391614 -1.6742681611391614 -1.6742681611391614 -1.6742681611391614 -1.6742681611391614 -1.6742681611391614 -1.6742681611391614 -1.6742681611391614 -1.6742681611391614 -1.6742681611391614 -1.6742681611391614 -1.6742681611391614 -1.6742681611391614 -1.6363124280938626 -1.5975387356000712 -1.559993028073421 -1.5221390283495222 -1.488287512327895 -1.4569396756106314 -1.423183159351927 -1.3882416114475318 -1.3532606356683905 -1.3174067249971717 -1.277484938937325 -1.2415648770176972 -1.2104278667069077 -1.182602071504977 -1.1597283387074016 -1.1440804417075126 -1.1368109363595704 -1.1304744427145499 -1.1369589927562407 -1.1591177006698616 -1.186568136248882 -1.2173684726490406 -1.2503162821769975 -1.2846835237600667 -1.3200223183439241 -1.3560486812959238
-1.6742681611391614 -1.6742681611391614 -1.6742681611391614 -1.6742681611391614 -1.6742681611391614 -1.6742681611391614 -1.6742681611391614 -1.6742681611391614 -1.6742681611391614 -1.6742681611391614 -1.6742681611391614 -1.6742681611391614 -1.6742681611391614 -1.6742681611391614 -1.6742681611391614 -1.6742681611391614 -1.6742681611391614 -1.6742681611391614 -1.6742681611391614 -1.6726418003902352 -1.63138569665966 -1.5935170998818344 -1.5547521629598486 -1.5214027866442006 -1.4879317114695858 -1.4534469317465135 -1.4152646710945944 -1.3788351420284721 -1.346002105437675 -1.3090617683006567 -1.2678195822827028 -1.2291256447405337 -1.1969707263809004 -1.1714169548369078 -1.1353436083212953 -1.106842436012413 -1.0912610600532093 -1.094479091012163 -1.1046512839393146 -1.132057874512583 -1.1639239013709095 -1.1981608086083682 -1.23375719510914 -1.2701888741014202 -1.3071649332348412 -1.3445133815719275
-1.6742681611391614 -1.6742681611391614 -1.6742681611391614 -1.6742681611391614 -1.6742681611391614 -1.6742681611391614 -1.6742681611391614 -1.6742681611391614 -1.6742681611391614 -1.6742681611391614 -1.6742681611391614 -1.6742681611391614 -1.6742681611391614 -1.6742681611391614 -1.6742681611391614 -1.6742681611391614 -1.6742681611391614 -1.6742681611391614 -1.6742681611391614 -1.6725794352221544 -1.630828727823159 -1.5925473615723778 -1.5562221154588993 -1.522168183772555 -1.4886329300609615 -1.4526216411503523 -1.4149452082650653 -1.377063239278561 -1.3433802420322087 -1.3064095224636918 -1.267091109306892 -1.230597023758794 -1.1897838435908534 -1.141668449689409 -1.1033612273647733 -1.0676187099341679 -1.0477038476464593 -1.052992143408762 -1.0781915096168642 -1.1116651641227513 -1.147801551170109 -1.1849436445879715 -1.222602845527229 -1.2605636061033567 -1.298729782756129 -1.337323367400922
-1.6742681611391614 -1.6742681611391614 -1.6742681611391614 -1.6742681611391614 -1.6742681611391614 -1.6742681611391614 -1.6742681611391614 -1.6742681611391614 -1.6742681611391614 -1.6742681611391614 -1.6742681611391614 -1.6742681611391614 -1.6742681611391614 -1.6742681611391614 -1.6742681611391614 -1.6742681611391614 -1.6742681611391614 -1.6742681611391614 -1.6742681611391614 -1.6736378715854778 -1.6329067940203352 -1.5963190888352783 -1.5579957798131623 -1.5242798610811334 -1.4882274177305983 -1.4513929062478415 -1.4167055606554686 -1.383885496314605 -1.3471749046036656 -1.3062120172863412 -1.269011180708325 -1.2152744582844115 -1.1672776234334998 -1.124472764953918 -1.0831000001661946 -1.0442638264884962 -1.0064007941139552 -1.0256510489490613 -1.0633199019293404 -1.1017743467398633 -1.140364777950164 -1.1790018672309894 -1.2176614902833331 -1.2564476148410892 -1.2960079772431683 -1.3363511648565956
-1.6742681611391614 -1.6742681611391614 -1.6742681611391614 -1.6742681611391614 -1.6742681611391614 -1.6742681611391614 -1.6742681611391614 -1.6742681611391614 -1.6742681611391614 -1.6742681611391614 -1.6742681611391614 -1.6742681611391614 -1.6742681611391614 -1.6742681611391614 -1.6742681611391614 -1.6742681611391614 -1.6742681611391614 -1.6742681611391614 -1.6742681611391614 -1.6742681611391614 -1.639531310610398 -1.6004425214624807 -1.5689292496118985 -1.5328543676155568 -1.4954491563282883 -1.4596486227586545 -1.424354028013517 -1.385905342058874 -1.3482419720519092 -1.299243096817458 -1.2493954433788603 -1.2065408260463186 -1.1617687442164701 -1.1221490869365969 -1.084045367482594 -1.04887735816882 -1.025075042831426 -1.03570398159057 -1.068537924099641 -1.1052104743602456 -1.142938367448329 -1.1813119585653649 -1.2201685194775804 -1.2591523247254581 -1.2981162502170733 -1.3399266845349338
-1.6742681611391614 -1.6742681611391614 -1.6742681611391614 -1.6742681611391614 -1.6742681611391614 -1.6742681611391614 -1.6742681611391614 -1.6742681611391614 -1.6742681611391614 -1.6742681611391614 -1.6742681611391614 -1.6742681611391614 -1.6742681611391614 -1.6742681611391614 -1.6742681611391614 -1.6742681611391614 -1.6742681611391614 -1.6742681611391614 -1.6742681611391614 -1.6742681611391614 -1.6513998145209283 -1.6161580518086505 -1.5784479460218455 -1.541772265538398 -1.5072799235823033 -1.469893332212424 -1.4317488285059288 -1.3836753101990398 -1.344135742500886 -1.2913602968958475 -1.248874851547786 -1.2089751290617559 -1.1704762751082816 -1.135148128502305 -1.1029372756542382 -1.07634255028985 -1.0618615670252098 -1.0680143603885828 -1.0906612564541975 -1.122173146487755 -1.156296166446157 -1.1928078705499414 -1.2313394541304814 -1.2691654091923386 -1.3078039437028388 -1.3496542746201197
-1.6742681611391614 -1.6742681611391614 -1.6742681611391614 -1.6742681611391614 -1.6742681611391614 -1.6742681611391614 -1.6742681611391614 -1.6742681611391614 -1.6742681611391614 -1.6742681611391614 -1.6742681611391614 -1.6742681611391614 -1.6742681611391614 -1.6742681611391614 -1.6742681611391614 -1.6742681611391614 -1.6742681611391614 -1.6742681611391614 -1.6742681611391614 -1.6742681611391614 -1.6654225795777091 -1.630308945776984 -1.5923981619657388 -1.5551422666960353 -1.5166747402475727 -1.4703255771576413 -1.4238878462970963 -1.3803752601733028 -1.3406827264082688 -1.2969372305724156 -1.258164006906249 -1.2224682452492655 -1.188690695749943 -1.1575614016253668 -1.1310556531482305 -1.110928865794628 -1.1005287577518967 -1.1042898027054844 -1.121959200450296 -1.1487496068761123 -1.1808537064878517 -1.2146028795558044 -1.2500742133639562 -1.2873121469029225 -1.3242753038284272 -1.3634378322536276
-1.6742681611391614 -1.6742681611391614 -1.6742681611391614 -1.6742681611391614 -1.6742681611391614 -1.6742681611391614 -1.6742681611391614 -1.6742681611391614 -1.6742681611391614 -1.6742681611391614 -1.6742681611391614 -1.6742681611391614 -1.6742681611391614 -1.6742681611391614 -1.6742681611391614 -1.6742681611391614 -1.6742681611391614 -1.6742681611391614 -1.6742681611391614 -1.6742681611391614 -1.6742681611391614 -1.6447127066396887 -1.609942537402478 -1.5661155907990736 -1.5132022742655742 -1.4689546609257744 -1.4258611308845606 -1.3849863082541571 -1.3463869155176682 -1.3099571700121075 -1.2761095920277916 -1.244006130232936 -1.2144084635843602 -1.1864195449543198 -1.1638682151761954 -1.1463154689905222 -1.1396421566182224 -1.145339285847795 -1.1612727893596706 -1.183870427741412 -1.212525002298555 -1.2438107313909517 -1.2761137552525699 -1.3104579161018002 -1.3459384856695906 -1.3851246561832022
