output/Mappa_Temperature_20070101_0500.asc
NCOLS 153
NROWS 173
XLLCORNER 628082.1585431173
YLLCORNER 5141515.270487413
CELLSIZE 30.005356186399773
NODATA_VALUE -9999
[rows 126 to 146 of 173, columns 46 to 91 of 153]
-1.8865821210970906 -1.8865821210970906 -1.8865821210970906 -1.8865821210970906 -1.8865821210970906 -1.8865821210970906 -1.8865821210970906 -1.8865821210970906 -1.8865821210970906 -1.8865821210970906 -1.8865821210970906 -1.8865821210970906 -1.8865821210970906 -1.8865821210970906 -1.8865821210970906 -1.8865821210970906 -1.8865821210970906 -1.8865821210970906 -1.8865821210970906 -1.8865821210970906 -1.8865821210970906 -1.8865821210970906 -1.8865821210970906 -1.8865821210970906 -1.8865821210970906 -1.8865821210970906 -1.8865821210970906 -1.8865821210970906 -1.8865821210970906 -1.8865821210970906 -1.8812174278385612 -1.8717387617845935 -1.8638870837312835 -1.8576083323035033 -1.8529665978209968 -1.8500115077825317 -1.848775701810594 -1.849273078428493 -1.8514980260018317 -1.8554257348764058 -1.8610135510491022 -1.8682032038360776 -1.8769236481914222 -1.8865821210970906 -1.8865821210970906 -1.8865821210970906
-1.8865821210970906 -1.8865821210970906 -1.8865821210970906 -1.8865821210970906 -1.8865821210970906 -1.8865821210970906 -1.8865821210970906 -1.8865821210970906 -1.8865821210970906 -1.8865821210970906 -1.8865821210970906 -1.8865821210970906 -1.8865821210970906 -1.8865821210970906 -1.8865821210970906 -1.8865821210970906 -1.8865821210970906 -1.8865821210970906 -1.8865821210970906 -1.8865821210970906 -1.8865821210970906 -1.8865821210970906 -1.8865821210970906 -1.8865821210970906 -1.8865821210970906 -1.8865821210970906 -1.8865821210970906 -1.8865821210970906 -1.8789415998717778 -1.8662193531275522 -1.8548628167915193 -1.8449744162095378 -1.8366518128426368 -1.8299840013391333 -1.825047189208781 -1.8219008280432407 -1.8205842283648117 -1.821114179746689 -1.8234838996441778 -1.8276634605523798 -1.833601634202844 -1.8412288959484633 -1.8504611988741886 -1.8612040796656975 -1.8733566931057053 -1.8865821210970906
-1.8865821210970906 -1.8865821210970906 -1.8865821210970906 -1.8865821210970906 -1.8865821210970906 -1.8865821210970906 -1.8865821210970906 -1.8865821210970906 -1.8865821210970906 -1.8865821210970906 -1.8865821210970906 -1.8865821210970906 -1.8865821210970906 -1.8865821210970906 -1.8865821210970906 -1.8865821210970906 -1.8865821210970906 -1.8865821210970906 -1.8865821210970906 -1.8865821210970906 -1.8865821210970906 -1.8865821210970906 -1.8865821210970906 -1.8865821210970906 -1.8865821210970906 -1.8865821210970906 -1.8848949019157049 -1.8690170675730216 -1.8543123442954106 -1.8408947050283813 -1.8288823877864064 -1.8183938054658597 -1.8095434307730018 -1.802436904999081 -1.7971656937127887 -1.7938017933493349 -1.7923931178569934 -1.79296020615543 -1.795494755672963 -1.799960219143349 -1.8062943672565837 -1.8144134127892393 -1.8242170948178995 -1.8355940721979567 -1.8484270585572844 -1.862597295660377
-1.8865821210970906 -1.8865821210970906 -1.8865821210970906 -1.8865821210970906 -1.8865821210970906 -1.8865821210970906 -1.8865821210970906 -1.8865821210970906 -1.8865821210970906 -1.8865821210970906 -1.8865821210970906 -1.8865821210970906 -1.8865821210970906 -1.8865821210970906 -1.8865821210970906 -1.8865821210970906 -1.8865821210970906 -1.8865821210970906 -1.8865821210970906 -1.8865821210970906 -1.8865821210970906 -1.8865821210970906 -1.8865821210970906 -1.8865821210970906 -1.8865821210970906 -1.8800334741664357 -1.8622737634658246 -1.845599383174066 -1.83011178606417 -1.8159313048203969 -1.8031927509561092 -1.7920334332321637 -1.7825882670890671 -1.7749836509508312 -1.7693304858001486 -1.7657170209487636 -1.7642024524561792 -1.764812269422323 -1.7675361599995314 -1.7723288651082851 -1.779113820022517 -1.787788927890444 -1.7982335155083493 -1.810315488222881 -1.8238978829332628 -1.8388443112554047
-1.8865821210970906 -1.8865821210970906 -1.8865821210970906 -1.8865821210970906 -1.8865821210970906 -1.8865821210970906 -1.8865821210970906 -1.8865821210970906 -1.8865821210970906 -1.8865821210970906 -1.8865821210970906 -1.8865821210970906 -1.8865821210970906 -1.8865821210970906 -1.8865821210970906 -1.8865821210970906 -1.8865821210970906 -1.8865821210970906 -1.8865821210970906 -1.8865821210970906 -1.8865821210970906 -1.8865821210970906 -1.8865821210970906 -1.8865821210970906 -1.8783502958759917 -1.8588237032005728 -1.8403143047354626 -1.8227566666051167 -1.8064147916753217 -1.7913966667803936 -1.777851789914218 -1.7659397109227988 -1.7558202528498497 -1.7476458894058051 -1.7415525808384869 -1.737649973844894 -1.7360123411613235 -1.7366718427931036 -1.7396154551296403 -1.744786225749725 -1.7520885818850291 -1.7613965919640027 -1.7725636390505537 -1.7854319975556283 -1.7998411894976754 -1.8156345173590567
-1.8865821210970906 -1.8865821210970906 -1.8865821210970906 -1.8865821210970906 -1.8865821210970906 -1.8865821210970906 -1.8865821210970906 -1.8865821210970906 -1.8865821210970906 -1.8865821210970906 -1.8865821210970906 -1.8865821210970906 -1.8865821210970906 -1.8865821210970906 -1.8865821210970906 -1.8865821210970906 -1.8865821210970906 -1.8865821210970906 -1.8865821210970906 -1.8865821210970906 -1.8865821210970906 -1.8865821210970906 -1.8865821210970906 -1.8799214830284094 -1.8587661169449035 -1.838433562172956 -1.8189946179084688 -1.8005731992814764 -1.783312540922683 -1.767374570887528 -1.7529338978852556 -1.7401736269912444 -1.7292889861501162 -1.7204523414912656 -1.7138467542163178 -1.7096053313594524 -1.7078229317155522 -1.7085409206984932 -1.7117425255959104 -1.717354738855849 -1.7252562864940724 -1.7352897424897478 -1.7472752126143236 -1.761023241402901 -1.776345397438774 -1.7930619129717942
-1.8865821210970906 -1.8865821210970906 -1.8865821210970906 -1.8865821210970906 -1.8865821210970906 -1.8865821210970906 -1.8865821210970906 -1.8865821210970906 -1.8865821210970906 -1.8865821210970906 -1.8865821210970906 -1.8865821210970906 -1.8865821210970906 -1.8865821210970906 -1.8865821210970906 -1.8865821210970906 -1.8865821210970906 -1.8865821210970906 -1.8865821210970906 -1.8865821210970906 -1.8865821210970906 -1.8865821210970906 -1.8849946868043272 -1.862099438708365 -1.8401531366930415 -1.818946106704522 -1.7985611925886926 -1.77917215008389 -1.760917567011557 -1.7439708244641028 -1.728659397770671 -1.7153004856100489 -1.703660416909288 -1.6940244828881905 -1.6862347683405623 -1.6815895725076375 -1.6796344295087375 -1.6804222712255579 -1.6839309931193172 -1.690064956209638 -1.6986673611972427 -1.709538503745601 -1.7224554635365286 -1.737189548698924 -1.7535194778020653 -1.7712398888252932
-1.8865821210970906 -1.8865821210970906 -1.8865821210970906 -1.8865821210970906 -1.8865821210970906 -1.8865821210970906 -1.8865821210970906 -1.8865821210970906 -1.8865821210970906 -1.8865821210970906 -1.8865821210970906 -1.8865821210970906 -1.8865821210970906 -1.8865821210970906 -1.8865821210970906 -1.8865821210970906 -1.8865821210970906 -1.8865821210970906 -1.8865821210970906 -1.8865821210970906 -1.8865821210970906 -1.8865821210970906 -1.8688423062683734 -1.8453593828361892 -1.8225990982439204 -1.8004481112208701 -1.7791027560865758 -1.758708025330049 -1.7395446148440685 -1.7219009816606436 -1.7055027458124565 -1.690873515117853 -1.678123672060736 -1.667666009270986 -1.6592161426080094 -1.6536387881654437 -1.65144712871778 -1.6523198507764452 -1.656200148971695 -1.662959484067831 -1.6723907173497436 -1.6842364648934036 -1.6982178746008585 -1.7140580825630305 -1.731498036764118 -1.7503050944610539
-1.8865821210970906 -1.8865821210970906 -1.8865821210970906 -1.8865821210970906 -1.8865821210970906 -1.8865821210970906 -1.8865821210970906 -1.8865821210970906 -1.8865821210970906 -1.8865821210970906 -1.8865821210970906 -1.8865821210970906 -1.8865821210970906 -1.8865821210970906 -1.8865821210970906 -1.8865821210970906 -1.8865821210970906 -1.8865821210970906 -1.8865821210970906 -1.8865821210970906 -1.8865821210970906 -1.8800672617763299 -1.8540948258046683 -1.8298039495729235 -1.8061680950200252 -1.7831042687181522 -1.7608649420877815 -1.7395685687705473 -1.7200249595351567 -1.7012163022448268 -1.683331105994065 -1.6674834699543704 -1.6528218074875114 -1.640605302748202 -1.6317200593724723 -1.6258737617545465 -1.6232918291729062 -1.624239516780511 -1.6285782076662323 -1.6360993910559338 -1.6465225811003243 -1.659510475757371 -1.6747115029460982 -1.6917907058190562 -1.7104473075577813 -1.730421567046624
-1.8865821210970906 -1.8865821210970906 -1.8865821210970906 -1.8865821210970906 -1.8865821210970906 -1.8865821210970906 -1.8865821210970906 -1.8865821210970906 -1.8865821210970906 -1.8865821210970906 -1.8865821210970906 -1.8865821210970906 -1.8865821210970906 -1.8865821210970906 -1.8865821210970906 -1.8865821210970906 -1.8865821210970906 -1.8865821210970906 -1.8865821210970906 -1.8865821210970906 -1.8865821210970906 -1.8667087221066563 -1.8410814718599673 -1.8159599460924178 -1.791270693028656 -1.7674633009760259 -1.745014812527757 -1.7234948603155713 -1.7027560832739157 -1.6825975837755165 -1.6628142426144044 -1.6438308802082982 -1.6278300043087335 -1.6142976279577514 -1.6043790476489257 -1.5982499471251628 -1.5954427420923525 -1.596192469308305 -1.6011080527576036 -1.6095750126038637 -1.6212004983518415 -1.6355350884555244 -1.6521336228960657 -1.670593688611909 -1.6905717542452512 -1.7117846374765533
-1.8865821210970906 -1.8865821210970906 -1.8865821210970906 -1.8865821210970906 -1.8865821210970906 -1.8865821210970906 -1.8865821210970906 -1.8865821210970906 -1.8865821210970906 -1.8865821210970906 -1.8865821210970906 -1.8865821210970906 -1.8865821210970906 -1.8865821210970906 -1.8865821210970906 -1.8865821210970906 -1.8865821210970906 -1.8865821210970906 -1.8865821210970906 -1.8865821210970906 -1.8815694464966939 -1.8549744377262458 -1.828869752527922 -1.803114119148046 -1.7777965962567257 -1.7534424740650556 -1.7306137627742728 -1.7088788395804764 -1.6870062080353494 -1.6655400640205706 -1.6445835146219925 -1.6237591985734798 -1.6047288459791833 -1.5895294850864812 -1.5780520899161785 -1.5701744928083547 -1.5669382700531584 -1.568276517410646 -1.573857972936201 -1.5835249011246129 -1.596625957083414 -1.6125537294015264 -1.6307463131399236 -1.6507288716550224 -1.6721204350020757 -1.694623681808984
-1.8865821210970906 -1.8865821210970906 -1.8865821210970906 -1.8865821210970906 -1.8865821210970906 -1.8865821210970906 -1.8865821210970906 -1.8865821210970906 -1.8865821210970906 -1.8865821210970906 -1.8865821210970906 -1.8865821210970906 -1.8865821210970906 -1.8865821210970906 -1.8865821210970906 -1.8865821210970906 -1.8865821210970906 -1.8865821210970906 -1.8865821210970906 -1.8865821210970906 -1.8723680679318362 -1.8452457444418664 -1.8182724075881556 -1.792174689828392 -1.7663506335829957 -1.742141669262771 -1.7181943447463357 -1.694513859512844 -1.6711662250384518 -1.6483841674982556 -1.6269995050141057 -1.607438401855911 -1.588319722298059 -1.5706309204075941 -1.5532135396577675 -1.543662421487984 -1.5404310488681097 -1.5413168671128459 -1.5469431215447687 -1.5581704525718791 -1.5731012669511946 -1.5909089081183994 -1.610896680335807 -1.6325247112305745 -1.6553913048601725 -1.6792021593096889
-1.8865821210970906 -1.8865821210970906 -1.8865821210970906 -1.8865821210970906 -1.8865821210970906 -1.8865821210970906 -1.8865821210970906 -1.8865821210970906 -1.8865821210970906 -1.8865821210970906 -1.8865821210970906 -1.8865821210970906 -1.8865821210970906 -1.8865821210970906 -1.8865821210970906 -1.8865821210970906 -1.8865821210970906 -1.8865821210970906 -1.8865821210970906 -1.8865821210970906 -1.8646105887076494 -1.8368084255976864 -1.8093108019503492 -1.782720464780357 -1.7570566271631682 -1.7315892551730525 -1.7088020624317952 -1.6852372604504666 -1.6602201322602523 -1.6349120820300287 -1.6095027323723534 -1.5898368511292378 -1.568204189949664 -1.5494569914333196 -1.5324374357517916 -1.5237630647493332 -1.5181106787427683 -1.5154558036393049 -1.5205754010259696 -1.533881574194569 -1.5510889007302073 -1.5710822609873556 -1.5930376620347535 -1.61638333190108 -1.6407302190324593 -1.665812684382528
-1.8865821210970906 -1.8865821210970906 -1.8865821210970906 -1.8865821210970906 -1.8865821210970906 -1.8865821210970906 -1.8865821210970906 -1.8865821210970906 -1.8865821210970906 -1.8865821210970906 -1.8865821210970906 -1.8865821210970906 -1.8865821210970906 -1.8865821210970906 -1.8865821210970906 -1.8865821210970906 -1.8865821210970906 -1.8865821210970906 -1.8865821210970906 -1.8865821210970906 -1.8589319963539868 -1.830686001659995 -1.8033345737362885 -1.775758560037856 -1.7510982896216825 -1.7282619082343358 -1.7036708435766772 -1.6782165029341025 -1.6527334397358668 -1.6266144578839257 -1.5975320959860582 -1.5713649240420358 -1.548682126210332 -1.5284114939058209 -1.5117483572872095 -1.5003491227236774 -1.4950534081223714 -1.4904373771393944 -1.4951612647624226 -1.5113035175606064 -1.5313007065783129 -1.5537382430257725 -1.577740178184626 -1.6027761461558978 -1.628519874444544 -1.6547644849352505
-1.8865821210970906 -1.8865821210970906 -1.8865821210970906 -1.8865821210970906 -1.8865821210970906 -1.8865821210970906 -1.8865821210970906 -1.8865821210970906 -1.8865821210970906 -1.8865821210970906 -1.8865821210970906 -1.8865821210970906 -1.8865821210970906 -1.8865821210970906 -1.8865821210970906 -1.8865821210970906 -1.8865821210970906 -1.8865821210970906 -1.8865821210970906 -1.8853973441483376 -1.855342953861542 -1.8277563064503717 -1.7995166900458557 -1.7752222201134256 -1.750839094571907 -1.7257175020066045 -1.6979023556428323 -1.6713640452956535 -1.6474457203262236 -1.6205352947346048 -1.5904910432716237 -1.5623031487428596 -1.5388788217067553 -1.5202633211180852 -1.4939844838771474 -1.4732218505030337 -1.4618710754191488 -1.464215357831928 -1.4716256324012786 -1.491590881056328 -1.514804755404328 -1.539745776957093 -1.5656771567034782 -1.5922170332363599 -1.6191534817124635 -1.6463612095740048
-1.8865821210970906 -1.8865821210970906 -1.8865821210970906 -1.8865821210970906 -1.8865821210970906 -1.8865821210970906 -1.8865821210970906 -1.8865821210970906 -1.8865821210970906 -1.8865821210970906 -1.8865821210970906 -1.8865821210970906 -1.8865821210970906 -1.8865821210970906 -1.8865821210970906 -1.8865821210970906 -1.8865821210970906 -1.8865821210970906 -1.8865821210970906 -1.885351912153255 -1.8549372112616325 -1.827049868105665 -1.8005875261674156 -1.7757797992820787 -1.7513499207361798 -1.725116291435702 -1.6976696322469564 -1.670073243402585 -1.645535736131372 -1.6186031774401257 -1.589960362738354 -1.5633750240601074 -1.5336432962744915 -1.4985920263688173 -1.4706858474900208 -1.4446480137743785 -1.4301403654610216 -1.43399280159581 -1.4523501237497414 -1.4767351282914978 -1.5030598895187948 -1.5301172912293144 -1.5575513972299373 -1.5852051844462278 -1.6130086138822235 -1.641123402982423
-1.8865821210970906 -1.8865821210970906 -1.8865821210970906 -1.8865821210970906 -1.8865821210970906 -1.8865821210970906 -1.8865821210970906 -1.8865821210970906 -1.8865821210970906 -1.8865821210970906 -1.8865821210970906 -1.8865821210970906 -1.8865821210970906 -1.8865821210970906 -1.8865821210970906 -1.8865821210970906 -1.8865821210970906 -1.8865821210970906 -1.8865821210970906 -1.8861229655654916 -1.8564510481702166 -1.8297975091324286 -1.8018796113601647 -1.7773181213302842 -1.7510545116999217 -1.7242211783498846 -1.6989520198938597 -1.6750431449942889 -1.6483000851516783 -1.6184592981799193 -1.5913591030472798 -1.5522127881405585 -1.5172478865453776 -1.4860652539992265 -1.4559258780587763 -1.4276343668540896 -1.4000517730188249 -1.4140752657779283 -1.4415164031310468 -1.4695298311596603 -1.4976423230349059 -1.5257888045440426 -1.5539517015336202 -1.5822067527809138 -1.6110258235124524 -1.640415169483307
-1.8865821210970906 -1.8865821210970906 -1.8865821210970906 -1.8865821210970906 -1.8865821210970906 -1.8865821210970906 -1.8865821210970906 -1.8865821210970906 -1.8865821210970906 -1.8865821210970906 -1.8865821210970906 -1.8865821210970906 -1.8865821210970906 -1.8865821210970906 -1.8865821210970906 -1.8865821210970906 -1.8865821210970906 -1.8865821210970906 -1.8865821210970906 -1.8865821210970906 -1.8612768991124018 -1.8328013617092151 -1.8098444635591515 -1.7835645077458595 -1.756315429012463 -1.730235331497586 -1.704523802061555 -1.6765145692643517 -1.64907742616675 -1.613382554699312 -1.5770693623264165 -1.5458504812775753 -1.5132347590064157 -1.4843724929355668 -1.4566145625374907 -1.4309952484978448 -1.4136556548330836 -1.4213986611985883 -1.4453176461145216 -1.4720329933887588 -1.4995171404854573 -1.527471667933539 -1.5557780309019085 -1.584177089267564 -1.6125616655590655 -1.643019876524783
-1.8865821210970906 -1.8865821210970906 -1.8865821210970906 -1.8865821210970906 -1.8865821210970906 -1.8865821210970906 -1.8865821210970906 -1.8865821210970906 -1.8865821210970906 -1.8865821210970906 -1.8865821210970906 -1.8865821210970906 -1.8865821210970906 -1.8865821210970906 -1.8865821210970906 -1.8865821210970906 -1.8865821210970906 -1.8865821210970906 -1.8865821210970906 -1.8865821210970906 -1.8699229082211855 -1.8442498660486522 -1.816778676707206 -1.7900610491173177 -1.7649339475901369 -1.7376984331590797 -1.7099107921065508 -1.6748900278799999 -1.6460861057468776 -1.6076400651287026 -1.576690119774249 -1.5476238308255617 -1.5195780514696557 -1.4938420800570609 -1.4703770056698047 -1.451003187412723 -1.4404540302355393 -1.4449362385968627 -1.4614341284021 -1.4843900199212796 -1.509248076471924 -1.5358462499770453 -1.5639158723257889 -1.5914714559510386 -1.6196189902861273 -1.6501062652656922
-1.8865821210970906 -1.8865821210970906 -1.8865821210970906 -1.8865821210970906 -1.8865821210970906 -1.8865821210970906 -1.8865821210970906 -1.8865821210970906 -1.8865821210970906 -1.8865821210970906 -1.8865821210970906 -1.8865821210970906 -1.8865821210970906 -1.8865821210970906 -1.8865821210970906 -1.8865821210970906 -1.8865821210970906 -1.8865821210970906 -1.8865821210970906 -1.8865821210970906 -1.8801382610007102 -1.8545585586243927 -1.82694117865603 -1.799800874175706 -1.771777916389877 -1.738013316463812 -1.7041841963794147 -1.672485995931487 -1.6435706405446424 -1.6117027692176227 -1.5834571160568145 -1.5574533431501567 -1.5328469561240399 -1.5101697794065712 -1.490860779342537 -1.4761987471182916 -1.4686224401509078 -1.471362299291739 -1.4842341637659804 -1.50375053244494 -1.5271378388623975 -1.551723554126855 -1.5775638350517185 -1.6046910547078108 -1.6316181041385083 -1.6601473593875047
-1.8865821210970906 -1.8865821210970906 -1.8865821210970906 -1.8865821210970906 -1.8865821210970906 -1.8865821210970906 -1.8865821210970906 -1.8865821210970906 -1.8865821210970906 -1.8865821210970906 -1.8865821210970906 -1.8865821210970906 -1.8865821210970906 -1.8865821210970906 -1.8865821210970906 -1.8865821210970906 -1.8865821210970906 -1.8865821210970906 -1.8865821210970906 -1.8865821210970906 -1.8865821210970906 -1.8650514605569755 -1.8397219664433908 -1.8077947595772454 -1.769248282264411 -1.7370146266274642 -1.7056217016156305 -1.6758450683140413 -1.647726048114953 -1.6211875800952174 -1.5965301784741954 -1.5731433366958056 -1.5515819253021383 -1.5311924602739801 -1.514764188931051 -1.501977303191321 -1.497115905327564 -1.5012661698920038 -1.5128734640831667 -1.5293354704791167 -1.5502098548578873 -1.57300099186613 -1.5965332113146975 -1.6215523653525101 -1.6473993743757556 -1.675945852495748
