output/Mappa_Temperature_20070101_2000.asc
NCOLS 153
NROWS 173
XLLCORNER 628082.1585431173
YLLCORNER 5141515.270487413
CELLSIZE 30.005356186399773
NODATA_VALUE -9999
[rows 126 to 146 of 173, columns 46 to 91 of 153]
-3.8388507421537277 -3.8388507421537277 -3.8388507421537277 -3.8388507421537277 -3.8388507421537277 -3.8388507421537277 -3.8388507421537277 -3.8388507421537277 -3.8388507421537277 -3.8388507421537277 -3.8388507421537277 -3.8388507421537277 -3.8388507421537277 -3.8388507421537277 -3.8388507421537277 -3.8388507421537277 -3.8388507421537277 -3.8388507421537277 -3.8388507421537277 -3.8388507421537277 -3.8388507421537277 -3.8388507421537277 -3.8388507421537277 -3.8388507421537277 -3.8388507421537277 -3.8388507421537277 -3.8388507421537277 -3.8388507421537277 -3.8388507421537277 -3.8388507421537277 -3.839627098833306 -3.840998812992883 -3.8421350760388453 -3.843043711514439 -3.8437154445281774 -3.8441430931894467 -3.8443219340242774 -3.8442499556946763 -3.843927970293642 -3.8433595681738457 -3.842550922049847 -3.8415104646190064 -3.840248477232603 -3.8388507421537277 -3.8388507421537277 -3.8388507421537277
-3.8388507421537277 -3.8388507421537277 -3.8388507421537277 -3.8388507421537277 -3.8388507421537277 -3.8388507421537277 -3.8388507421537277 -3.8388507421537277 -3.8388507421537277 -3.8388507421537277 -3.8388507421537277 -3.8388507421537277 -3.8388507421537277 -3.8388507421537277 -3.8388507421537277 -3.8388507421537277 -3.8388507421537277 -3.8388507421537277 -3.8388507421537277 -3.8388507421537277 -3.8388507421537277 -3.8388507421537277 -3.8388507421537277 -3.8388507421537277 -3.8388507421537277 -3.8388507421537277 -3.8388507421537277 -3.8388507421537277 -3.839956447438796 -3.8417975594582874 -3.8434410313990823 -3.844872040679993 -3.846076454129934 -3.8470413928038654 -3.847755828259634 -3.8482111569037016 -3.8484016898764977 -3.8483249974589873 -3.84798206119358 -3.8473772120675616 -3.8465178636284443 -3.845414077201566 -3.8440780157160583 -3.842523349520158 -3.8407646725252533 -3.8388507421537277
-3.8388507421537277 -3.8388507421537277 -3.8388507421537277 -3.8388507421537277 -3.8388507421537277 -3.8388507421537277 -3.8388507421537277 -3.8388507421537277 -3.8388507421537277 -3.8388507421537277 -3.8388507421537277 -3.8388507421537277 -3.8388507421537277 -3.8388507421537277 -3.8388507421537277 -3.8388507421537277 -3.8388507421537277 -3.8388507421537277 -3.8388507421537277 -3.8388507421537277 -3.8388507421537277 -3.8388507421537277 -3.8388507421537277 -3.8388507421537277 -3.8388507421537277 -3.8388507421537277 -3.839094909679857 -3.8413926855554132 -3.843520693549123 -3.845462439957936 -3.847200813855317 -3.84871867900649 -3.8499994693850756 -3.851027897011281 -3.8517907253584713 -3.852277535394154 -3.852481393205799 -3.852399326484147 -3.8520325367437365 -3.8513863129569192 -3.8504696606973807 -3.8492947053127344 -3.847875956157725 -3.846229526071831 -3.844372388263775 -3.8423217289443974
-3.8388507421537277 -3.8388507421537277 -3.8388507421537277 -3.8388507421537277 -3.8388507421537277 -3.8388507421537277 -3.8388507421537277 -3.8388507421537277 -3.8388507421537277 -3.8388507421537277 -3.8388507421537277 -3.8388507421537277 -3.8388507421537277 -3.8388507421537277 -3.8388507421537277 -3.8388507421537277 -3.8388507421537277 -3.8388507421537277 -3.8388507421537277 -3.8388507421537277 -3.8388507421537277 -3.8388507421537277 -3.8388507421537277 -3.8388507421537277 -3.8388507421537277 -3.8397984358133304 -3.8423685492131803 -3.844781597992206 -3.847022900316025 -3.849075042125954 -3.850918514045807 -3.8525334453078606 -3.8539003114960213 -3.855000820742322 -3.8558189239057272 -3.856341849903283 -3.856561032121024 -3.856472781879645 -3.8560785914679716 -3.8553850105966863 -3.854403119402823 -3.853147692929257 -3.8516361945132513 -3.8498877403580183 -3.8479221512087545 -3.845759164639987
-3.8388507421537277 -3.8388507421537277 -3.8388507421537277 -3.8388507421537277 -3.8388507421537277 -3.8388507421537277 -3.8388507421537277 -3.8388507421537277 -3.8388507421537277 -3.8388507421537277 -3.8388507421537277 -3.8388507421537277 -3.8388507421537277 -3.8388507421537277 -3.8388507421537277 -3.8388507421537277 -3.8388507421537277 -3.8388507421537277 -3.8388507421537277 -3.8388507421537277 -3.8388507421537277 -3.8388507421537277 -3.8388507421537277 -3.8388507421537277 -3.840042018558088 -3.842867827960874 -3.845546433137513 -3.8480873034134557 -3.8504522333632614 -3.852625595569647 -3.8545857552884595 -3.8563096231122103 -3.8577740700973506 -3.8589570308660783 -3.859838829802013 -3.8604035992792642 -3.860640590848274 -3.860545150443327 -3.86011916278859 -3.859370869807797 -3.8583141024048695 -3.856967084886781 -3.855351035062674 -3.8534887783409584 -3.851403538445129 -3.849117992005273
-3.8388507421537277 -3.8388507421537277 -3.8388507421537277 -3.8388507421537277 -3.8388507421537277 -3.8388507421537277 -3.8388507421537277 -3.8388507421537277 -3.8388507421537277 -3.8388507421537277 -3.8388507421537277 -3.8388507421537277 -3.8388507421537277 -3.8388507421537277 -3.8388507421537277 -3.8388507421537277 -3.8388507421537277 -3.8388507421537277 -3.8388507421537277 -3.8388507421537277 -3.8388507421537277 -3.8388507421537277 -3.8388507421537277 -3.8398146427172226 -3.842876161610551 -3.845818606583527 -3.8486317318632843 -3.8512976049541052 -3.8537954975203723 -3.856101975989774 -3.8581917716971286 -3.8600383864175614 -3.86161356755367 -3.8628923709773466 -3.863848304812947 -3.8644621063496136 -3.864720048006768 -3.864616143549255 -3.864152820256064 -3.8633406434844213 -3.8621971635141152 -3.8607451624012583 -3.8590106737099763 -3.8570211146677886 -3.8548037543061113 -3.8523846078856274
-3.8388507421537277 -3.8388507421537277 -3.8388507421537277 -3.8388507421537277 -3.8388507421537277 -3.8388507421537277 -3.8388507421537277 -3.8388507421537277 -3.8388507421537277 -3.8388507421537277 -3.8388507421537277 -3.8388507421537277 -3.8388507421537277 -3.8388507421537277 -3.8388507421537277 -3.8388507421537277 -3.8388507421537277 -3.8388507421537277 -3.8388507421537277 -3.8388507421537277 -3.8388507421537277 -3.8388507421537277 -3.8390804692149416 -3.842393776786004 -3.8455697567238305 -3.848638752208234 -3.8515887744133854 -3.8543946781126017 -3.8570364074376906 -3.859488871379206 -3.8617046790339 -3.8636379266937437 -3.865322430289961 -3.866716903632751 -3.867844199571145 -3.8685164334975 -3.8687993738733155 -3.8686853606110794 -3.8681775925901087 -3.8672899102962717 -3.8660450050890662 -3.864471777371218 -3.8626024872682647 -3.8604702301415155 -3.8581070289433606 -3.8555426028336424
-3.8388507421537277 -3.8388507421537277 -3.8388507421537277 -3.8388507421537277 -3.8388507421537277 -3.8388507421537277 -3.8388507421537277 -3.8388507421537277 -3.8388507421537277 -3.8388507421537277 -3.8388507421537277 -3.8388507421537277 -3.8388507421537277 -3.8388507421537277 -3.8388507421537277 -3.8388507421537277 -3.8388507421537277 -3.8388507421537277 -3.8388507421537277 -3.8388507421537277 -3.8388507421537277 -3.8388507421537277 -3.841417976303581 -3.844816329869025 -3.8481101060684857 -3.8513157071915876 -3.8544047205308245 -3.857356163360456 -3.8601294145077896 -3.8626827296395083 -3.865055815913137 -3.867172898926006 -3.869018004572122 -3.8705313951740346 -3.871754225652727 -3.8725613577975135 -3.8728785258758274 -3.8727522290743126 -3.872190688035996 -3.871212504438442 -3.8698476545575207 -3.868133385952224 -3.866110052968729 -3.863817722230559 -3.8612938826962 -3.8585722014811465
-3.8388507421537277 -3.8388507421537277 -3.8388507421537277 -3.8388507421537277 -3.8388507421537277 -3.8388507421537277 -3.8388507421537277 -3.8388507421537277 -3.8388507421537277 -3.8388507421537277 -3.8388507421537277 -3.8388507421537277 -3.8388507421537277 -3.8388507421537277 -3.8388507421537277 -3.8388507421537277 -3.8388507421537277 -3.8388507421537277 -3.8388507421537277 -3.8388507421537277 -3.8388507421537277 -3.839793546207275 -3.843552171944083 -3.847067449166197 -3.85048793430401 -3.8538256378302402 -3.8570440231035077 -3.8601259479925725 -3.862954219962994 -3.865676132664722 -3.8682644058251316 -3.870557811524592 -3.872679587932181 -3.874447511017141 -3.875733347450282 -3.8765793999620928 -3.8769530467876265 -3.876815901275501 -3.8761880235036634 -3.875099588306801 -3.8735911864609727 -3.871711630951504 -3.869511799865969 -3.867040166802653 -3.8643402589644746 -3.861449665033654
-3.8388507421537277 -3.8388507421537277 -3.8388507421537277 -3.8388507421537277 -3.8388507421537277 -3.8388507421537277 -3.8388507421537277 -3.8388507421537277 -3.8388507421537277 -3.8388507421537277 -3.8388507421537277 -3.8388507421537277 -3.8388507421537277 -3.8388507421537277 -3.8388507421537277 -3.8388507421537277 -3.8388507421537277 -3.8388507421537277 -3.8388507421537277 -3.8388507421537277 -3.8388507421537277 -3.8417267399617385 -3.8454354118185394 -3.8490708972770733 -3.852643825980765 -3.856089135330752 -3.8593377896551315 -3.862452069976305 -3.865453301790818 -3.8683705581895915 -3.8712335231933044 -3.8739807185117794 -3.876296300463086 -3.8782546511579676 -3.879690027926709 -3.8805770065296095 -3.88098325387184 -3.8808747563857917 -3.8801633930587616 -3.8789380889238196 -3.87725569571346 -3.8751812518935203 -3.8727791792188766 -3.870107713277894 -3.8672165685372533 -3.864146725995262
-3.8388507421537277 -3.8388507421537277 -3.8388507421537277 -3.8388507421537277 -3.8388507421537277 -3.8388507421537277 -3.8388507421537277 -3.8388507421537277 -3.8388507421537277 -3.8388507421537277 -3.8388507421537277 -3.8388507421537277 -3.8388507421537277 -3.8388507421537277 -3.8388507421537277 -3.8388507421537277 -3.8388507421537277 -3.8388507421537277 -3.8388507421537277 -3.8388507421537277 -3.8395761561188935 -3.843424878069512 -3.847202642378746 -3.85092989332258 -3.854593742691016 -3.858118172612291 -3.861421851246408 -3.864567241297334 -3.867732559943101 -3.870839053359888 -3.8738718003078474 -3.8768854109809716 -3.8796394065291535 -3.8818389964750724 -3.883499958616841 -3.8846399725633947 -3.8851083056127482 -3.8849146398755185 -3.884106914238615 -3.882707955545467 -3.8808120237907504 -3.8785070210936547 -3.875874264061059 -3.87298246912877 -3.8698867687241405 -3.866630189991888
-3.8388507421537277 -3.8388507421537277 -3.8388507421537277 -3.8388507421537277 -3.8388507421537277 -3.8388507421537277 -3.8388507421537277 -3.8388507421537277 -3.8388507421537277 -3.8388507421537277 -3.8388507421537277 -3.8388507421537277 -3.8388507421537277 -3.8388507421537277 -3.8388507421537277 -3.8388507421537277 -3.8388507421537277 -3.8388507421537277 -3.8388507421537277 -3.8388507421537277 -3.8409077423561526 -3.844832775157177 -3.848736247215649 -3.852513003225394 -3.8562501560491977 -3.8597535793112545 -3.8632191391206296 -3.8666460830297726 -3.8700248581252086 -3.8733217852175064 -3.876416486957205 -3.8792472905772764 -3.882014068445869 -3.8845739202099194 -3.8870944930058418 -3.888476692142162 -3.8889443232995746 -3.8888161312710556 -3.8880019225178715 -3.8863771486460603 -3.884216421663855 -3.8816393719610165 -3.878746822522846 -3.8756169014924833 -3.872307740679727 -3.8688619302656844
-3.8388507421537277 -3.8388507421537277 -3.8388507421537277 -3.8388507421537277 -3.8388507421537277 -3.8388507421537277 -3.8388507421537277 -3.8388507421537277 -3.8388507421537277 -3.8388507421537277 -3.8388507421537277 -3.8388507421537277 -3.8388507421537277 -3.8388507421537277 -3.8388507421537277 -3.8388507421537277 -3.8388507421537277 -3.8388507421537277 -3.8388507421537277 -3.8388507421537277 -3.8420303733291026 -3.846053789766357 -3.8500331344860634 -3.8538811803815833 -3.8575951470144547 -3.861280681937525 -3.8645783521753216 -3.8679885548727597 -3.871608932336748 -3.8752714108600337 -3.8789485490261626 -3.8817945157062974 -3.884925106812723 -3.8876381254496115 -3.8901011266129726 -3.891356446450358 -3.8921744368591806 -3.8925586396310257 -3.8918177522333037 -3.8898921367467767 -3.887401962145944 -3.884508604029295 -3.8813313073164 -3.8779528165310846 -3.874429433638435 -3.870799600845311
-3.8388507421537277 -3.8388507421537277 -3.8388507421537277 -3.8388507421537277 -3.8388507421537277 -3.8388507421537277 -3.8388507421537277 -3.8388507421537277 -3.8388507421537277 -3.8388507421537277 -3.8388507421537277 -3.8388507421537277 -3.8388507421537277 -3.8388507421537277 -3.8388507421537277 -3.8388507421537277 -3.8388507421537277 -3.8388507421537277 -3.8388507421537277 -3.8388507421537277 -3.842852156214335 -3.8469398021607617 -3.8508979900274922 -3.8548886790378876 -3.8584574134902043 -3.861762202109635 -3.865320921384886 -3.8690045704641243 -3.8726923761552787 -3.876472209418315 -3.880680891038923 -3.8844676981769015 -3.88775026080622 -3.890683744610516 -3.893095166250709 -3.8947448173060444 -3.8955111916737386 -3.896179204981134 -3.895495583097648 -3.8931595416541933 -3.8902656294548272 -3.887018560059644 -3.8835450972192893 -3.8799219933384963 -3.8761964652512364 -3.8723984515204344
-3.8388507421537277 -3.8388507421537277 -3.8388507421537277 -3.8388507421537277 -3.8388507421537277 -3.8388507421537277 -3.8388507421537277 -3.8388507421537277 -3.8388507421537277 -3.8388507421537277 -3.8388507421537277 -3.8388507421537277 -3.8388507421537277 -3.8388507421537277 -3.8388507421537277 -3.8388507421537277 -3.8388507421537277 -3.8388507421537277 -3.8388507421537277 -3.8390221982750083 -3.8433715479070236 -3.8473637757852592 -3.8514504986914693 -3.8549662959793944 -3.8584949231479846 -3.862130418273219 -3.8661557135943765 -3.869996230378824 -3.8734575934912203 -3.8773519612866485 -3.8816998436691468 -3.88577908159499 -3.889168955327328 -3.891862915173543 -3.895665882061008 -3.8986705662673287 -3.9003132044630515 -3.8999739494073973 -3.898901564485804 -3.896012274566349 -3.89265285669463 -3.88904349307496 -3.885290808828782 -3.8814500653922868 -3.877551931670412 -3.8736145394946493
-3.8388507421537277 -3.8388507421537277 -3.8388507421537277 -3.8388507421537277 -3.8388507421537277 -3.8388507421537277 -3.8388507421537277 -3.8388507421537277 -3.8388507421537277 -3.8388507421537277 -3.8388507421537277 -3.8388507421537277 -3.8388507421537277 -3.8388507421537277 -3.8388507421537277 -3.8388507421537277 -3.8388507421537277 -3.8388507421537277 -3.8388507421537277 -3.8390287730093258 -3.843430265332689 -3.8474660086811907 -3.851295531625199 -3.8548856053804887 -3.858420998454506 -3.8622174230319364 -3.8661893923816155 -3.8701830300006117 -3.8737339986678236 -3.8776315694757852 -3.8817766416064905 -3.8856239641405304 -3.8899266193622655 -3.894999097173695 -3.899037566351718 -3.9028056561851496 -3.904905144288248 -3.904347635334471 -3.90169103802562 -3.8981621389357284 -3.8943525261149645 -3.8904368885309073 -3.886466735827764 -3.882464791748869 -3.878441192054042 -3.874372533649722
-3.8388507421537277 -3.8388507421537277 -3.8388507421537277 -3.8388507421537277 -3.8388507421537277 -3.8388507421537277 -3.8388507421537277 -3.8388507421537277 -3.8388507421537277 -3.8388507421537277 -3.8388507421537277 -3.8388507421537277 -3.8388507421537277 -3.8388507421537277 -3.8388507421537277 -3.8388507421537277 -3.8388507421537277 -3.8388507421537277 -3.8388507421537277 -3.8389171892825296 -3.843211188986825 -3.8470683812006623 -3.8511085462894776 -3.85466298564439 -3.8584637488537306 -3.8623469601722085 -3.866003810435459 -3.8694638059720172 -3.8733339532741438 -3.877652391099569 -3.8815742215743465 -3.8872393177120355 -3.8922992966513923 -3.8968119209334255 -3.9011735693450147 -3.9052678022565135 -3.909259443517663 -3.907230020445382 -3.903258850193383 -3.8992048603527945 -3.8951365343935658 -3.891063289592191 -3.886987669208969 -3.882898712634828 -3.878728133445394 -3.874475026333135
-3.8388507421537277 -3.8388507421537277 -3.8388507421537277 -3.8388507421537277 -3.8388507421537277 -3.8388507421537277 -3.8388507421537277 -3.8388507421537277 -3.8388507421537277 -3.8388507421537277 -3.8388507421537277 -3.8388507421537277 -3.8388507421537277 -3.8388507421537277 -3.8388507421537277 -3.8388507421537277 -3.8388507421537277 -3.8388507421537277 -3.8388507421537277 -3.8388507421537277 -3.8425128113847737 -3.8466336758223516 -3.849955905139544 -3.8537590339022723 -3.8577024102087245 -3.861476616288002 -3.8651974846877213 -3.8692508674114126 -3.8732214596309285 -3.878387076853578 -3.8836421749732604 -3.8881600449917837 -3.8928800602143276 -3.8970568904583085 -3.901073905716658 -3.9047814290777194 -3.907290744841759 -3.906170208322292 -3.902708749705112 -3.898842612853643 -3.8948652184057573 -3.8908197524186177 -3.8867233702200323 -3.8826135735189986 -3.878505872605079 -3.8740980836800207
-3.8388507421537277 -3.8388507421537277 -3.8388507421537277 -3.8388507421537277 -3.8388507421537277 -3.8388507421537277 -3.8388507421537277 -3.8388507421537277 -3.8388507421537277 -3.8388507421537277 -3.8388507421537277 -3.8388507421537277 -3.8388507421537277 -3.8388507421537277 -3.8388507421537277 -3.8388507421537277 -3.8388507421537277 -3.8388507421537277 -3.8388507421537277 -3.8388507421537277 -3.841261595965765 -3.844976894644603 -3.8489524138986315 -3.8528188807481536 -3.8564551731080345 -3.860396586443593 -3.8644179013075144 -3.8694859644606217 -3.8736543514062474 -3.8792181066852454 -3.8836970574193512 -3.8879034130278542 -3.891962084621495 -3.8956864901650703 -3.899082260689025 -3.9018859611967764 -3.903412592495858 -3.902763945456241 -3.9003764376655776 -3.8970543540239286 -3.893456996763327 -3.8896078168251287 -3.8855456947701383 -3.8815579623171788 -3.8774845651550955 -3.8730725702036723
-3.8388507421537277 -3.8388507421537277 -3.8388507421537277 -3.8388507421537277 -3.8388507421537277 -3.8388507421537277 -3.8388507421537277 -3.8388507421537277 -3.8388507421537277 -3.8388507421537277 -3.8388507421537277 -3.8388507421537277 -3.8388507421537277 -3.8388507421537277 -3.8388507421537277 -3.8388507421537277 -3.8388507421537277 -3.8388507421537277 -3.8388507421537277 -3.8388507421537277 -3.839783271487095 -3.8434850624086807 -3.847481737778116 -3.851409372715235 -3.8554647416636896 -3.8603510178071136 -3.865246631046526 -3.8698338662270793 -3.8740183793418463 -3.8786301686047997 -3.882717765125928 -3.8864809258170365 -3.890041862483394 -3.8933236116478254 -3.896117931929214 -3.8982397618465914 -3.8993361743043438 -3.8989396729868275 -3.897076908895452 -3.89425257906803 -3.8908680628096723 -3.8873101176769347 -3.883570616883234 -3.8796448755288773 -3.8757481019987874 -3.8716194637321375
-3.8388507421537277 -3.8388507421537277 -3.8388507421537277 -3.8388507421537277 -3.8388507421537277 -3.8388507421537277 -3.8388507421537277 -3.8388507421537277 -3.8388507421537277 -3.8388507421537277 -3.8388507421537277 -3.8388507421537277 -3.8388507421537277 -3.8388507421537277 -3.8388507421537277 -3.8388507421537277 -3.8388507421537277 -3.8388507421537277 -3.8388507421537277 -3.8388507421537277 -3.8388507421537277 -3.8419665721407465 -3.8456321539359766 -3.8502525299978245 -3.8558308200684666 -3.8604955441552047 -3.865038601111118 -3.8693477548772393 -3.873417025589057 -3.877257565191237 -3.8808258844831407 -3.884210333500812 -3.8873306136268035 -3.8902812944215555 -3.8926587273103355 -3.894509193623442 -3.895212715432004 -3.8946121059541903 -3.892932345352254 -3.8905500304632428 -3.8875291741041558 -3.8842309330680145 -3.8808254455827473 -3.877204774946299 -3.873464300489452 -3.8693331697986686
