output/Mappa_Temperature_20070101_2100.asc
NCOLS 153
NROWS 173
XLLCORNER 628082.1585431173
YLLCORNER 5141515.270487413
CELLSIZE 30.005356186399773
NODATA_VALUE -9999
[rows 126 to 146 of 173, columns 46 to 91 of 153]
-4.5115944424045376 -4.5115944424045376 -4.5115944424045376 -4.5115944424045376 -4.5115944424045376 -4.5115944424045376 -4.5115944424045376 -4.5115944424045376 -4.5115944424045376 -4.5115944424045376 -4.5115944424045376 -4.5115944424045376 -4.5115944424045376 -4.5115944424045376 -4.5115944424045376 -4.5115944424045376 -4.5115944424045376 -4.5115944424045376 -4.5115944424045376 -4.5115944424045376 -4.5115944424045376 -4.5115944424045376 -4.5115944424045376 -4.5115944424045376 -4.5115944424045376 -4.5115944424045376 -4.5115944424045376 -4.5115944424045376 -4.5115944424045376 -4.5115944424045376 -4.512585038349706 -4.514335283462747 -4.515785103623482 -4.516944481318605 -4.517801582206829 -4.518347242521155 -4.518575435322835 -4.518483594235717 -4.518072755453676 -4.517347500104031 -4.516315704290869 -4.51498812775392 -4.513377889031553 -4.5115944424045376 -4.5115944424045376 -4.5115944424045376
-4.5115944424045376 -4.5115944424045376 -4.5115944424045376 -4.5115944424045376 -4.5115944424045376 -4.5115944424045376 -4.5115944424045376 -4.5115944424045376 -4.5115944424045376 -4.5115944424045376 -4.5115944424045376 -4.5115944424045376 -4.5115944424045376 -4.5115944424045376 -4.5115944424045376 -4.5115944424045376 -4.5115944424045376 -4.5115944424045376 -4.5115944424045376 -4.5115944424045376 -4.5115944424045376 -4.5115944424045376 -4.5115944424045376 -4.5115944424045376 -4.5115944424045376 -4.5115944424045376 -4.5115944424045376 -4.5115944424045376 -4.513005272246996 -4.515354447760114 -4.517451443488204 -4.519277346489308 -4.520814123477518 -4.522045341502525 -4.522956928771865 -4.523537907490021 -4.523781018929952 -4.523683162880267 -4.523245591744602 -4.522473831666489 -4.521377341996641 -4.519968960530288 -4.518264206613878 -4.516280522992343 -4.514036530835333 -4.5115944424045376
-4.5115944424045376 -4.5115944424045376 -4.5115944424045376 -4.5115944424045376 -4.5115944424045376 -4.5115944424045376 -4.5115944424045376 -4.5115944424045376 -4.5115944424045376 -4.5115944424045376 -4.5115944424045376 -4.5115944424045376 -4.5115944424045376 -4.5115944424045376 -4.5115944424045376 -4.5115944424045376 -4.5115944424045376 -4.5115944424045376 -4.5115944424045376 -4.5115944424045376 -4.5115944424045376 -4.5115944424045376 -4.5115944424045376 -4.5115944424045376 -4.5115944424045376 -4.5115944424045376 -4.511905989104256 -4.514837847005534 -4.517553088782034 -4.52003066921602 -4.522248755540553 -4.5241854826965335 -4.525819713184931 -4.527131940236256 -4.5281052746422885 -4.5287264221896715 -4.528986535520205 -4.528881822101953 -4.528413815013025 -4.527589262742486 -4.526419655994306 -4.524920466162622 -4.523110206526639 -4.521009436339442 -4.518639812646271 -4.516023264273425
-4.5115944424045376 -4.5115944424045376 -4.5115944424045376 -4.5115944424045376 -4.5115944424045376 -4.5115944424045376 -4.5115944424045376 -4.5115944424045376 -4.5115944424045376 -4.5115944424045376 -4.5115944424045376 -4.5115944424045376 -4.5115944424045376 -4.5115944424045376 -4.5115944424045376 -4.5115944424045376 -4.5115944424045376 -4.5115944424045376 -4.5115944424045376 -4.5115944424045376 -4.5115944424045376 -4.5115944424045376 -4.5115944424045376 -4.5115944424045376 -4.5115944424045376 -4.512803656572663 -4.516083004814891 -4.519161945717796 -4.522021745925967 -4.52464018588958 -4.526992372528629 -4.529052951643871 -4.530797010965054 -4.532201210897483 -4.533245073464417 -4.533912303342676 -4.5341919699210145 -4.534079366611777 -4.5335763975078835 -4.532691419743391 -4.531438571071097 -4.529836703776223 -4.5279081002858295 -4.525677152009029 -4.523169149318582 -4.520409276465243
-4.5115944424045376 -4.5115944424045376 -4.5115944424045376 -4.5115944424045376 -4.5115944424045376 -4.5115944424045376 -4.5115944424045376 -4.5115944424045376 -4.5115944424045376 -4.5115944424045376 -4.5115944424045376 -4.5115944424045376 -4.5115944424045376 -4.5115944424045376 -4.5115944424045376 -4.5115944424045376 -4.5115944424045376 -4.5115944424045376 -4.5115944424045376 -4.5115944424045376 -4.5115944424045376 -4.5115944424045376 -4.5115944424045376 -4.5115944424045376 -4.513114457117846 -4.516720061873822 -4.520137840707297 -4.523379876048468 -4.526397419505631 -4.529170531202434 -4.531671606185641 -4.533871183417517 -4.535739751414103 -4.537249155753138 -4.538374291239658 -4.539094911502017 -4.539397302005603 -4.539275524373449 -4.5387319834281925 -4.537777195491062 -4.536428808168761 -4.5347100748512155 -4.532648068501477 -4.530271913306423 -4.5276112416849275 -4.524694987989465
-4.5115944424045376 -4.5115944424045376 -4.5115944424045376 -4.5115944424045376 -4.5115944424045376 -4.5115944424045376 -4.5115944424045376 -4.5115944424045376 -4.5115944424045376 -4.5115944424045376 -4.5115944424045376 -4.5115944424045376 -4.5115944424045376 -4.5115944424045376 -4.5115944424045376 -4.5115944424045376 -4.5115944424045376 -4.5115944424045376 -4.5115944424045376 -4.5115944424045376 -4.5115944424045376 -4.5115944424045376 -4.5115944424045376 -4.51282433584767 -4.516730695233198 -4.520485121691791 -4.524074542081519 -4.527476075350396 -4.530663273081415 -4.533606235098114 -4.536272719728685 -4.538628916438867 -4.540638776194545 -4.542270471418511 -4.543490199677834 -4.544273382626283 -4.54460250449306 -4.54446992711335 -4.543878747585165 -4.542842446825588 -4.5413834181964 -4.539530730568906 -4.537317601591306 -4.534779014403606 -4.531949763054278 -4.528863041837164
-4.5115944424045376 -4.5115944424045376 -4.5115944424045376 -4.5115944424045376 -4.5115944424045376 -4.5115944424045376 -4.5115944424045376 -4.5115944424045376 -4.5115944424045376 -4.5115944424045376 -4.5115944424045376 -4.5115944424045376 -4.5115944424045376 -4.5115944424045376 -4.5115944424045376 -4.5115944424045376 -4.5115944424045376 -4.5115944424045376 -4.5115944424045376 -4.5115944424045376 -4.5115944424045376 -4.5115944424045376 -4.511887563725343 -4.516115194054711 -4.520167600546605 -4.524083499723571 -4.527847594387082 -4.531427800367262 -4.5347985272850595 -4.537927760149338 -4.540755030314911 -4.543221766730301 -4.545371116991502 -4.547150401791067 -4.548588780328861 -4.549446520358887 -4.549807539457943 -4.5496620637014535 -4.549014174714485 -4.547881532329863 -4.546293089694132 -4.544285722411641 -4.541900592940822 -4.5391799294630975 -4.536164591814709 -4.532892500296989
-4.5115944424045376 -4.5115944424045376 -4.5115944424045376 -4.5115944424045376 -4.5115944424045376 -4.5115944424045376 -4.5115944424045376 -4.5115944424045376 -4.5115944424045376 -4.5115944424045376 -4.5115944424045376 -4.5115944424045376 -4.5115944424045376 -4.5115944424045376 -4.5115944424045376 -4.5115944424045376 -4.5115944424045376 -4.5115944424045376 -4.5115944424045376 -4.5115944424045376 -4.5115944424045376 -4.5115944424045376 -4.514870116854233 -4.51920626201886 -4.523408971203061 -4.527499172985183 -4.531440614037875 -4.535206521353851 -4.53874506415737 -4.542002978570617 -4.545030929127401 -4.547732231123377 -4.5500865023231105 -4.552017520156984 -4.553577796439374 -4.554607660483661 -4.555012352580193 -4.554851203584173 -4.554134702663611 -4.552886584716208 -4.5511450981117 -4.548957769047615 -4.546376087841154 -4.543451177688453 -4.540230872801849 -4.5367581308952065
-4.5115944424045376 -4.5115944424045376 -4.5115944424045376 -4.5115944424045376 -4.5115944424045376 -4.5115944424045376 -4.5115944424045376 -4.5115944424045376 -4.5115944424045376 -4.5115944424045376 -4.5115944424045376 -4.5115944424045376 -4.5115944424045376 -4.5115944424045376 -4.5115944424045376 -4.5115944424045376 -4.5115944424045376 -4.5115944424045376 -4.5115944424045376 -4.5115944424045376 -4.5115944424045376 -4.512797417656893 -4.517593253787665 -4.522078588240208 -4.52644297228836 -4.530701730751101 -4.534808244529564 -4.5387406410410245 -4.542349387921719 -4.5458224251948725 -4.549124944468725 -4.552051226223326 -4.554758516778299 -4.557014306527264 -4.558654975552629 -4.559734500221698 -4.560211256640536 -4.560036265181349 -4.559235121594637 -4.557846327602196 -4.555921675195037 -4.553523447530646 -4.5507165627434 -4.547562870948286 -4.544117910883947 -4.540429644005691
-4.5115944424045376 -4.5115944424045376 -4.5115944424045376 -4.5115944424045376 -4.5115944424045376 -4.5115944424045376 -4.5115944424045376 -4.5115944424045376 -4.5115944424045376 -4.5115944424045376 -4.5115944424045376 -4.5115944424045376 -4.5115944424045376 -4.5115944424045376 -4.5115944424045376 -4.5115944424045376 -4.5115944424045376 -4.5115944424045376 -4.5115944424045376 -4.5115944424045376 -4.5115944424045376 -4.515264085291461 -4.519996182534839 -4.5246348972502215 -4.52919379238097 -4.533589850999031 -4.537734986715176 -4.54170866729193 -4.545538103096597 -4.54926039007584 -4.552913403695018 -4.556418700441544 -4.5593732780886596 -4.561872044839301 -4.563703520556977 -4.5648352650638495 -4.565353618264814 -4.5652151803888135 -4.56430751301654 -4.562744080460859 -4.56059742295639 -4.557950526638542 -4.554885590747482 -4.551476921255216 -4.5477879515685915 -4.543870971584525
-4.5115944424045376 -4.5115944424045376 -4.5115944424045376 -4.5115944424045376 -4.5115944424045376 -4.5115944424045376 -4.5115944424045376 -4.5115944424045376 -4.5115944424045376 -4.5115944424045376 -4.5115944424045376 -4.5115944424045376 -4.5115944424045376 -4.5115944424045376 -4.5115944424045376 -4.5115944424045376 -4.5115944424045376 -4.5115944424045376 -4.5115944424045376 -4.5115944424045376 -4.512520037754414 -4.5174308325716055 -4.522251088653594 -4.527006891970181 -4.531681797749382 -4.536178810631325 -4.540394154873454 -4.544407530055741 -4.548446333222048 -4.552410078061643 -4.556279725748586 -4.560124956415933 -4.563638929947434 -4.56644550705146 -4.568564819483485 -4.570019425623417 -4.570616997373468 -4.570369888668069 -4.56933926735473 -4.567554259451349 -4.565135136440054 -4.562194057441949 -4.558834778762823 -4.555144979461111 -4.551195006015982 -4.54703975911446
-4.5115944424045376 -4.5115944424045376 -4.5115944424045376 -4.5115944424045376 -4.5115944424045376 -4.5115944424045376 -4.5115944424045376 -4.5115944424045376 -4.5115944424045376 -4.5115944424045376 -4.5115944424045376 -4.5115944424045376 -4.5115944424045376 -4.5115944424045376 -4.5115944424045376 -4.5115944424045376 -4.5115944424045376 -4.5115944424045376 -4.5115944424045376 -4.5115944424045376 -4.514219081456837 -4.519227245461379 -4.524207898935377 -4.529026868472906 -4.5337953061396625 -4.538265515476288 -4.54268741276295 -4.547060037910661 -4.551371201834691 -4.555577931415379 -4.559526630609311 -4.563138607760246 -4.566668890953403 -4.5699351458133215 -4.573151282489701 -4.574914905957974 -4.57551158212571 -4.575348014905908 -4.574309121429956 -4.572235983590649 -4.569478993867379 -4.5661907952168335 -4.562500033199806 -4.558506395786833 -4.5542840565331675 -4.549887358580074
-4.5115944424045376 -4.5115944424045376 -4.5115944424045376 -4.5115944424045376 -4.5115944424045376 -4.5115944424045376 -4.5115944424045376 -4.5115944424045376 -4.5115944424045376 -4.5115944424045376 -4.5115944424045376 -4.5115944424045376 -4.5115944424045376 -4.5115944424045376 -4.5115944424045376 -4.5115944424045376 -4.5115944424045376 -4.5115944424045376 -4.5115944424045376 -4.5115944424045376 -4.5156515077101025 -4.520785204776551 -4.525862668328372 -4.530772600529891 -4.535511453667619 -4.540214029231927 -4.544421707032601 -4.548772971152749 -4.553392408751659 -4.558065565394565 -4.562757427077487 -4.5663887516059996 -4.570383244005667 -4.5738449328550885 -4.576987610736984 -4.578589341968922 -4.579633060666114 -4.580123285994143 -4.5791779472454515 -4.576720949137387 -4.5735435991805495 -4.569851805326426 -4.565797718689209 -4.56148691753201 -4.55699124061115 -4.552359738440701
-4.5115944424045376 -4.5115944424045376 -4.5115944424045376 -4.5115944424045376 -4.5115944424045376 -4.5115944424045376 -4.5115944424045376 -4.5115944424045376 -4.5115944424045376 -4.5115944424045376 -4.5115944424045376 -4.5115944424045376 -4.5115944424045376 -4.5115944424045376 -4.5115944424045376 -4.5115944424045376 -4.5115944424045376 -4.5115944424045376 -4.5115944424045376 -4.5115944424045376 -4.516700065435352 -4.521915716445162 -4.526966184811235 -4.532058123163946 -4.536611666619993 -4.540828427153085 -4.545369191696997 -4.550069361010025 -4.554774833971517 -4.559597729944812 -4.564967816990558 -4.569799611312282 -4.573988012489088 -4.57773100490249 -4.5808078696499726 -4.582912749648233 -4.583890608615752 -4.584742963327226 -4.583870692779908 -4.580890009747863 -4.5771975089093 -4.573054395490997 -4.5686224142949055 -4.5639994979116905 -4.559245892882034 -4.5543997994556555
-4.5115944424045376 -4.5115944424045376 -4.5115944424045376 -4.5115944424045376 -4.5115944424045376 -4.5115944424045376 -4.5115944424045376 -4.5115944424045376 -4.5115944424045376 -4.5115944424045376 -4.5115944424045376 -4.5115944424045376 -4.5115944424045376 -4.5115944424045376 -4.5115944424045376 -4.5115944424045376 -4.5115944424045376 -4.5115944424045376 -4.5115944424045376 -4.511813212646336 -4.517362785700746 -4.5224566875790915 -4.527671160831412 -4.5321571588643605 -4.536659527243694 -4.54129825429335 -4.546434348730526 -4.5513346741274745 -4.555751216618946 -4.56072025346583 -4.566267954376339 -4.571472877132866 -4.575798202414686 -4.5792355731107905 -4.584087986540635 -4.587921827440815 -4.590017759347972 -4.589584885269151 -4.588216570700686 -4.584529967681848 -4.580243502698174 -4.57563811826556 -4.570849863207612 -4.565949248612919 -4.560975406614531 -4.5559514726078465
-4.5115944424045376 -4.5115944424045376 -4.5115944424045376 -4.5115944424045376 -4.5115944424045376 -4.5115944424045376 -4.5115944424045376 -4.5115944424045376 -4.5115944424045376 -4.5115944424045376 -4.5115944424045376 -4.5115944424045376 -4.5115944424045376 -4.5115944424045376 -4.5115944424045376 -4.5115944424045376 -4.5115944424045376 -4.5115944424045376 -4.5115944424045376 -4.511821601709416 -4.517437706475316 -4.522587132121966 -4.52747342987666 -4.53205420131638 -4.536565202684466 -4.5414092684231475 -4.5464773213370036 -4.551573021980682 -4.556103897099929 -4.56107702084567 -4.5663659450645495 -4.571274954289598 -4.576764947392286 -4.583237199237522 -4.58839010291913 -4.593198014808362 -4.595876866496727 -4.595165510333337 -4.591775812541949 -4.587273097203354 -4.582412203863759 -4.577416027730355 -4.572350292775164 -4.567243993465033 -4.562110062570223 -4.556918638803782
-4.5115944424045376 -4.5115944424045376 -4.5115944424045376 -4.5115944424045376 -4.5115944424045376 -4.5115944424045376 -4.5115944424045376 -4.5115944424045376 -4.5115944424045376 -4.5115944424045376 -4.5115944424045376 -4.5115944424045376 -4.5115944424045376 -4.5115944424045376 -4.5115944424045376 -4.5115944424045376 -4.5115944424045376 -4.5115944424045376 -4.5115944424045376 -4.511679225930061 -4.517158174984694 -4.522079777473952 -4.527234845060887 -4.531770148620376 -4.536619750256786 -4.541574551944598 -4.546240527182723 -4.550655324709396 -4.555593457304295 -4.561103588294157 -4.566107666275513 -4.5733360722525624 -4.57979237610338 -4.585550280212971 -4.591115545952838 -4.596339601631616 -4.601432755013141 -4.598843303129341 -4.5937762698279165 -4.588603562484144 -4.583412562902575 -4.57821528710131 -4.57301498016525 -4.567797656853861 -4.56247618678381 -4.557049414823707
-4.5115944424045376 -4.5115944424045376 -4.5115944424045376 -4.5115944424045376 -4.5115944424045376 -4.5115944424045376 -4.5115944424045376 -4.5115944424045376 -4.5115944424045376 -4.5115944424045376 -4.5115944424045376 -4.5115944424045376 -4.5115944424045376 -4.5115944424045376 -4.5115944424045376 -4.5115944424045376 -4.5115944424045376 -4.5115944424045376 -4.5115944424045376 -4.5115944424045376 -4.516267076809091 -4.521525113108429 -4.525764127181599 -4.530616747156945 -4.535648316643239 -4.540464032585034 -4.545211692064531 -4.550383624754653 -4.555449920512822 -4.562041014026477 -4.568746281110224 -4.5745108785418855 -4.580533404094352 -4.58586285022676 -4.590988379678972 -4.595719011493828 -4.598920784707597 -4.597491030882075 -4.593074366530825 -4.588141351089245 -4.583066375995896 -4.577904544702893 -4.5726777466311805 -4.567433832262176 -4.5621925920225666 -4.556568453078214
-4.5115944424045376 -4.5115944424045376 -4.5115944424045376 -4.5115944424045376 -4.5115944424045376 -4.5115944424045376 -4.5115944424045376 -4.5115944424045376 -4.5115944424045376 -4.5115944424045376 -4.5115944424045376 -4.5115944424045376 -4.5115944424045376 -4.5115944424045376 -4.5115944424045376 -4.5115944424045376 -4.5115944424045376 -4.5115944424045376 -4.5115944424045376 -4.5115944424045376 -4.514670582629024 -4.519411135397049 -4.5244837178280015 -4.529417154332145 -4.534056898617083 -4.5390859634414635 -4.544216978995566 -4.550683597936819 -4.556002270803105 -4.5631013704363825 -4.568816308624624 -4.574183427784319 -4.579362108832849 -4.584114281547633 -4.588447130868363 -4.592024525676061 -4.593972438039565 -4.593144793808256 -4.590098442049196 -4.585859613851418 -4.581269548988949 -4.576358169800356 -4.571175086119489 -4.5660869202000995 -4.560889449993474 -4.555259944350062
-4.5115944424045376 -4.5115944424045376 -4.5115944424045376 -4.5115944424045376 -4.5115944424045376 -4.5115944424045376 -4.5115944424045376 -4.5115944424045376 -4.5115944424045376 -4.5115944424045376 -4.5115944424045376 -4.5115944424045376 -4.5115944424045376 -4.5115944424045376 -4.5115944424045376 -4.5115944424045376 -4.5115944424045376 -4.5115944424045376 -4.5115944424045376 -4.5115944424045376 -4.5127843075795075 -4.517507625061335 -4.522607201736931 -4.527618685949222 -4.532793152972144 -4.539027819926104 -4.545274400591464 -4.551127504826829 -4.556466753954235 -4.562351188086158 -4.567566776031527 -4.572368398558504 -4.576911992392996 -4.581099355625465 -4.584664781689359 -4.587372140520397 -4.588771113136274 -4.588265195421236 -4.585888392845486 -4.582284675960631 -4.577966186572856 -4.573426409799714 -4.5686549762297615 -4.5636459081432745 -4.558673801687972 -4.553405846334982
-4.5115944424045376 -4.5115944424045376 -4.5115944424045376 -4.5115944424045376 -4.5115944424045376 -4.5115944424045376 -4.5115944424045376 -4.5115944424045376 -4.5115944424045376 -4.5115944424045376 -4.5115944424045376 -4.5115944424045376 -4.5115944424045376 -4.5115944424045376 -4.5115944424045376 -4.5115944424045376 -4.5115944424045376 -4.5115944424045376 -4.5115944424045376 -4.5115944424045376 -4.5115944424045376 -4.515570100284694 -4.520247216561986 -4.5261426070602155 -4.533260252429039 -4.539212228997545 -4.545008963820055 -4.5505072487709235 -4.5556994538139834 -4.560599808325325 -4.565152822055494 -4.5694712256472 -4.573452561703044 -4.577217496697043 -4.580250993337808 -4.582612104505719 -4.583509766455737 -4.58274341597663 -4.580600117561222 -4.577560391709371 -4.573705915875049 -4.569497509761552 -4.565152262038479 -4.560532450364796 -4.555759774444787 -4.55048863887154
