output/Mappa_Temperature_20070101_0300.asc
NCOLS 153
NROWS 173
XLLCORNER 628082.1585431173
YLLCORNER 5141515.270487413
CELLSIZE 30.005356186399773
NODATA_VALUE -9999
[rows 126 to 146 of 173, columns 46 to 91 of 153]
-1.4936031808365717 -1.4936031808365717 -1.4936031808365717 -1.4936031808365717 -1.4936031808365717 -1.4936031808365717 -1.4936031808365717 -1.4936031808365717 -1.4936031808365717 -1.4936031808365717 -1.4936031808365717 -1.4936031808365717 -1.4936031808365717 -1.4936031808365717 -1.4936031808365717 -1.4936031808365717 -1.4936031808365717 -1.4936031808365717 -1.4936031808365717 -1.4936031808365717 -1.4936031808365717 -1.4936031808365717 -1.4936031808365717 -1.4936031808365717 -1.4936031808365717 -1.4936031808365717 -1.4936031808365717 -1.4936031808365717 -1.4936031808365717 -1.4936031808365717 -1.4887317251868597 -1.4801245413134978 -1.472994757825558 -1.4672932838284432 -1.4630783170857828 -1.4603949222727794 -1.4592727380781145 -1.4597243851748893 -1.4617447678704376 -1.4653113575458208 -1.4703854218682801 -1.476914047644395 -1.4848327218118906 -1.4936031808365717 -1.4936031808365717 -1.4936031808365717
-1.4936031808365717 -1.4936031808365717 -1.4936031808365717 -1.4936031808365717 -1.4936031808365717 -1.4936031808365717 -1.4936031808365717 -1.4936031808365717 -1.4936031808365717 -1.4936031808365717 -1.4936031808365717 -1.4936031808365717 -1.4936031808365717 -1.4936031808365717 -1.4936031808365717 -1.4936031808365717 -1.4936031808365717 -1.4936031808365717 -1.4936031808365717 -1.4936031808365717 -1.4936031808365717 -1.4936031808365717 -1.4936031808365717 -1.4936031808365717 -1.4936031808365717 -1.4936031808365717 -1.4936031808365717 -1.4936031808365717 -1.4866651401143696 -1.4751125950213828 -1.4648001949587357 -1.4558209481387734 -1.4482635368874317 -1.442208773557148 -1.4377258590296984 -1.4348687788319547 -1.4336732292202978 -1.4341544561104305 -1.436306300554567 -1.4401015866256215 -1.4454937960557765 -1.4524197963939063 -1.4608032681191325 -1.4705584330100203 -1.481593717703508 -1.4936031808365717
-1.4936031808365717 -1.4936031808365717 -1.4936031808365717 -1.4936031808365717 -1.4936031808365717 -1.4936031808365717 -1.4936031808365717 -1.4936031808365717 -1.4936031808365717 -1.4936031808365717 -1.4936031808365717 -1.4936031808365717 -1.4936031808365717 -1.4936031808365717 -1.4936031808365717 -1.4936031808365717 -1.4936031808365717 -1.4936031808365717 -1.4936031808365717 -1.4936031808365717 -1.4936031808365717 -1.4936031808365717 -1.4936031808365717 -1.4936031808365717 -1.4936031808365717 -1.4936031808365717 -1.4920710870117484 -1.477653083579605 -1.4643003336951088 -1.452116331467347 -1.4412084439377986 -1.4316841969509515 -1.4236475384279212 -1.417194396847803 -1.4124078283034385 -1.4093532097743058 -1.4080740499314075 -1.408588999316614 -1.4108905187086196 -1.414945421049366 -1.4206971984810546 -1.428069767298004 -1.4369720847102012 -1.4473030464379053 -1.4589561495866161 -1.4718235547236918
-1.4936031808365717 -1.4936031808365717 -1.4936031808365717 -1.4936031808365717 -1.4936031808365717 -1.4936031808365717 -1.4936031808365717 -1.4936031808365717 -1.4936031808365717 -1.4936031808365717 -1.4936031808365717 -1.4936031808365717 -1.4936031808365717 -1.4936031808365717 -1.4936031808365717 -1.4936031808365717 -1.4936031808365717 -1.4936031808365717 -1.4936031808365717 -1.4936031808365717 -1.4936031808365717 -1.4936031808365717 -1.4936031808365717 -1.4936031808365717 -1.4936031808365717 -1.4876566259170352 -1.4715297685441162 -1.4563884547423243 -1.442324809570901 -1.4294481021541634 -1.417880749241171 -1.407747435227956 -1.3991706712355112 -1.3922652344350737 -1.38713182941359 -1.3838505917142432 -1.3824752748257425 -1.3830290243435346 -1.3855024765060504 -1.3898545334185917 -1.396015669826052 -1.4038931758079443 -1.4133774730283442 -1.4243486118061874 -1.436682221625039 -1.4502544538448707
-1.4936031808365717 -1.4936031808365717 -1.4936031808365717 -1.4936031808365717 -1.4936031808365717 -1.4936031808365717 -1.4936031808365717 -1.4936031808365717 -1.4936031808365717 -1.4936031808365717 -1.4936031808365717 -1.4936031808365717 -1.4936031808365717 -1.4936031808365717 -1.4936031808365717 -1.4936031808365717 -1.4936031808365717 -1.4936031808365717 -1.4936031808365717 -1.4936031808365717 -1.4936031808365717 -1.4936031808365717 -1.4936031808365717 -1.4936031808365717 -1.4861282014578325 -1.4683969117783935 -1.451589294011564 -1.4356459303663622 -1.4208065509056484 -1.4071692139989807 -1.3948696725798153 -1.3840528072519942 -1.374863746698882 -1.367440945978825 -1.361907864959046 -1.3583640692616272 -1.3568770028807389 -1.357475868984597 -1.3601488413720837 -1.3648442039094542 -1.3714751709260653 -1.3799273891800556 -1.3900677219071695 -1.4017529450357076 -1.414837335160396 -1.4291786017585886
-1.4936031808365717 -1.4936031808365717 -1.4936031808365717 -1.4936031808365717 -1.4936031808365717 -1.4936031808365717 -1.4936031808365717 -1.4936031808365717 -1.4936031808365717 -1.4936031808365717 -1.4936031808365717 -1.4936031808365717 -1.4936031808365717 -1.4936031808365717 -1.4936031808365717 -1.4936031808365717 -1.4936031808365717 -1.4936031808365717 -1.4936031808365717 -1.4936031808365717 -1.4936031808365717 -1.4936031808365717 -1.4936031808365717 -1.4875549314052028 -1.4683446200858385 -1.4498814696234283 -1.4322297698340452 -1.415502042912563 -1.399828354291872 -1.3853557441292552 -1.372242767358266 -1.3606556941104762 -1.3507718027926816 -1.3427476119445982 -1.336749351857863 -1.332897891514618 -1.3312793682558053 -1.3319313442996956 -1.3348385890412056 -1.3399348073476391 -1.3471098753391788 -1.3562208409696128 -1.3671043497443223 -1.3795883650061551 -1.3935017799936882 -1.4086813550620996
-1.4936031808365717 -1.4936031808365717 -1.4936031808365717 -1.4936031808365717 -1.4936031808365717 -1.4936031808365717 -1.4936031808365717 -1.4936031808365717 -1.4936031808365717 -1.4936031808365717 -1.4936031808365717 -1.4936031808365717 -1.4936031808365717 -1.4936031808365717 -1.4936031808365717 -1.4936031808365717 -1.4936031808365717 -1.4936031808365717 -1.4936031808365717 -1.4936031808365717 -1.4936031808365717 -1.4936031808365717 -1.4921616975342908 -1.471371471455413 -1.4514429439906082 -1.4321857188199132 -1.4136750230069537 -1.3960686369377453 -1.3794924064702365 -1.3641037717900018 -1.3502000996737447 -1.338069425097819 -1.3274995610435751 -1.3187495686460218 -1.3116760516499917 -1.307457941798446 -1.305682557456975 -1.3063979638739929 -1.3095840888337842 -1.3151540865412885 -1.3229655740501713 -1.3328372081276345 -1.34456656406995 -1.357945976265342 -1.372774508215875 -1.3888656791802338
-1.4936031808365717 -1.4936031808365717 -1.4936031808365717 -1.4936031808365717 -1.4936031808365717 -1.4936031808365717 -1.4936031808365717 -1.4936031808365717 -1.4936031808365717 -1.4936031808365717 -1.4936031808365717 -1.4936031808365717 -1.4936031808365717 -1.4936031808365717 -1.4936031808365717 -1.4936031808365717 -1.4936031808365717 -1.4936031808365717 -1.4936031808365717 -1.4936031808365717 -1.4936031808365717 -1.4936031808365717 -1.477494390080489 -1.4561705203804622 -1.435502849066766 -1.4153884556280374 -1.3960056231242834 -1.3774860132266817 -1.3600845142441864 -1.3440630620546856 -1.3291725035794233 -1.3158883053813484 -1.3043107012201414 -1.2948145309779888 -1.2871415572009264 -1.2820769927420934 -1.280086837614101 -1.280879320352337 -1.2844028583543965 -1.2905407304666596 -1.2991048426052034 -1.3098614750939095 -1.322557413897502 -1.3369412503726388 -1.3527777501181828 -1.369855659899241
-1.4936031808365717 -1.4936031808365717 -1.4936031808365717 -1.4936031808365717 -1.4936031808365717 -1.4936031808365717 -1.4936031808365717 -1.4936031808365717 -1.4936031808365717 -1.4936031808365717 -1.4936031808365717 -1.4936031808365717 -1.4936031808365717 -1.4936031808365717 -1.4936031808365717 -1.4936031808365717 -1.4936031808365717 -1.4936031808365717 -1.4936031808365717 -1.4936031808365717 -1.4936031808365717 -1.4876873070455132 -1.464102814167043 -1.4420452760091105 -1.420582535895415 -1.399639230933173 -1.3794446199575903 -1.3601062658122356 -1.3423595240998067 -1.3252801617942693 -1.30903935619304 -1.294648774588505 -1.2813351264419295 -1.2702418247070286 -1.2621735033779466 -1.256864722765846 -1.2545201767767507 -1.2553807326236088 -1.2593205180333347 -1.266150193012056 -1.2756150599826037 -1.2874088289374928 -1.3012122518381846 -1.3167211682512132 -1.3336624552111076 -1.351800252573716
-1.4936031808365717 -1.4936031808365717 -1.4936031808365717 -1.4936031808365717 -1.4936031808365717 -1.4936031808365717 -1.4936031808365717 -1.4936031808365717 -1.4936031808365717 -1.4936031808365717 -1.4936031808365717 -1.4936031808365717 -1.4936031808365717 -1.4936031808365717 -1.4936031808365717 -1.4936031808365717 -1.4936031808365717 -1.4936031808365717 -1.4936031808365717 -1.4936031808365717 -1.4936031808365717 -1.4755569707131824 -1.452285926687999 -1.4294741101064685 -1.4070548224550383 -1.3854363162458854 -1.3650517740905679 -1.3455103972152118 -1.32667837314243 -1.3083732750615504 -1.2904088427212157 -1.273170837939349 -1.2586411055679105 -1.2463529153486048 -1.237346263569262 -1.2317806813569572 -1.2292315747896345 -1.229912371007776 -1.2343760086496207 -1.2420645040381275 -1.2526211259172262 -1.2656377732037947 -1.280710214530943 -1.2974730352723793 -1.3156142888370916 -1.3348768290950148
-1.4936031808365717 -1.4936031808365717 -1.4936031808365717 -1.4936031808365717 -1.4936031808365717 -1.4936031808365717 -1.4936031808365717 -1.4936031808365717 -1.4936031808365717 -1.4936031808365717 -1.4936031808365717 -1.4936031808365717 -1.4936031808365717 -1.4936031808365717 -1.4936031808365717 -1.4936031808365717 -1.4936031808365717 -1.4936031808365717 -1.4936031808365717 -1.4936031808365717 -1.4890513787436102 -1.4649015533042924 -1.44119697038314 -1.4178093469545587 -1.3948195535065222 -1.3727045843131227 -1.3519747775499231 -1.3322381944339812 -1.312376564070457 -1.2928840481894994 -1.2738542740632932 -1.25494457556289 -1.2376639009382735 -1.2238619911319562 -1.2134398441699714 -1.2062865246626433 -1.2033478448789547 -1.204563051850943 -1.2096313403333014 -1.2184094772498786 -1.2303060032937938 -1.24476935333213 -1.261289284773575 -1.2794346181380378 -1.2988594104050548 -1.319293676356814
-1.4936031808365717 -1.4936031808365717 -1.4936031808365717 -1.4936031808365717 -1.4936031808365717 -1.4936031808365717 -1.4936031808365717 -1.4936031808365717 -1.4936031808365717 -1.4936031808365717 -1.4936031808365717 -1.4936031808365717 -1.4936031808365717 -1.4936031808365717 -1.4936031808365717 -1.4936031808365717 -1.4936031808365717 -1.4936031808365717 -1.4936031808365717 -1.4936031808365717 -1.4806959881490669 -1.456067330063445 -1.4315739605686066 -1.4078757044897 -1.3844259490921973 -1.3624427917469084 -1.3406972186657968 -1.3191939512804283 -1.2979929318769643 -1.2773054894514673 -1.2578869635720997 -1.240124336353274 -1.2227634556730833 -1.206700987652389 -1.1908849859225517 -1.1822120112850376 -1.1792777357082584 -1.180082110550395 -1.1851910790632798 -1.195386153138812 -1.2089442069841634 -1.225114588027687 -1.243264655739175 -1.2629041743876952 -1.283668380533032 -1.3052900308013253
-1.4936031808365717 -1.4936031808365717 -1.4936031808365717 -1.4936031808365717 -1.4936031808365717 -1.4936031808365717 -1.4936031808365717 -1.4936031808365717 -1.4936031808365717 -1.4936031808365717 -1.4936031808365717 -1.4936031808365717 -1.4936031808365717 -1.4936031808365717 -1.4936031808365717 -1.4936031808365717 -1.4936031808365717 -1.4936031808365717 -1.4936031808365717 -1.4936031808365717 -1.4736517427145097 -1.4484057504406849 -1.4234362978335793 -1.3992907144810571 -1.375986446980804 -1.3528605817754924 -1.332168476286701 -1.3107702560690218 -1.288053238601517 -1.2650720468845007 -1.24199886935499 -1.2241410974989675 -1.2044973742806797 -1.1874738201411141 -1.1720190668710058 -1.1641422300061113 -1.1590095324931153 -1.1565987504224933 -1.1612476446670748 -1.1733304291497066 -1.1889556893517164 -1.2071108313305396 -1.2270476212493322 -1.2482468566736193 -1.27035525600857 -1.293131603443544
-1.4936031808365717 -1.4936031808365717 -1.4936031808365717 -1.4936031808365717 -1.4936031808365717 -1.4936031808365717 -1.4936031808365717 -1.4936031808365717 -1.4936031808365717 -1.4936031808365717 -1.4936031808365717 -1.4936031808365717 -1.4936031808365717 -1.4936031808365717 -1.4936031808365717 -1.4936031808365717 -1.4936031808365717 -1.4936031808365717 -1.4936031808365717 -1.4936031808365717 -1.4684952483036335 -1.442846230959531 -1.4180095326311002 -1.3929688972668668 -1.3705759275567493 -1.349839155896688 -1.3275090290681788 -1.3043949970895854 -1.2812548833483808 -1.257537318228494 -1.2311288304833423 -1.207367505937703 -1.186770197140435 -1.1683632759048046 -1.1532321720166898 -1.1428809994629496 -1.1380721804735736 -1.1338805540137522 -1.1381701206191164 -1.1528282314939162 -1.1709868502115472 -1.191361447308751 -1.2131566100513258 -1.2358907351433397 -1.2592675480518905 -1.2830991913329302
-1.4936031808365717 -1.4936031808365717 -1.4936031808365717 -1.4936031808365717 -1.4936031808365717 -1.4936031808365717 -1.4936031808365717 -1.4936031808365717 -1.4936031808365717 -1.4936031808365717 -1.4936031808365717 -1.4936031808365717 -1.4936031808365717 -1.4936031808365717 -1.4936031808365717 -1.4936031808365717 -1.4936031808365717 -1.4936031808365717 -1.4936031808365717 -1.492527333983357 -1.4652361875364441 -1.4401858961383056 -1.4145426706545772 -1.3924818692059653 -1.3703405632723888 -1.3475286860345879 -1.3222709042059688 -1.2981725642553936 -1.2764533244612541 -1.2520170820766499 -1.224735142275518 -1.1991388832839447 -1.1778682225431216 -1.160964257834471 -1.1371015346598103 -1.1182478476400657 -1.1079406791317636 -1.1100694248500953 -1.116798388124817 -1.1349280031226416 -1.1560075604979858 -1.1786554686816757 -1.2022026801032317 -1.2263024422421454 -1.2507623149298321 -1.2754685251863525
-1.4936031808365717 -1.4936031808365717 -1.4936031808365717 -1.4936031808365717 -1.4936031808365717 -1.4936031808365717 -1.4936031808365717 -1.4936031808365717 -1.4936031808365717 -1.4936031808365717 -1.4936031808365717 -1.4936031808365717 -1.4936031808365717 -1.4936031808365717 -1.4936031808365717 -1.4936031808365717 -1.4936031808365717 -1.4936031808365717 -1.4936031808365717 -1.4924860790712011 -1.46486774949434 -1.4395444087503697 -1.415515052564017 -1.3929881837444489 -1.370804423344913 -1.3469827516276887 -1.3220595777336022 -1.2970004405436317 -1.2747189469584812 -1.250262606423241 -1.224253253273219 -1.2001122088439273 -1.1731140588440758 -1.1412854530724152 -1.1159450083890436 -1.0923011305291703 -1.0791273362534608 -1.0826255738729438 -1.0992950974432227 -1.1214381096190547 -1.145342534462763 -1.1699122397706483 -1.1948240146347713 -1.2199352729078468 -1.2451824150798698 -1.2707122900610544
-1.4936031808365717 -1.4936031808365717 -1.4936031808365717 -1.4936031808365717 -1.4936031808365717 -1.4936031808365717 -1.4936031808365717 -1.4936031808365717 -1.4936031808365717 -1.4936031808365717 -1.4936031808365717 -1.4936031808365717 -1.4936031808365717 -1.4936031808365717 -1.4936031808365717 -1.4936031808365717 -1.4936031808365717 -1.4936031808365717 -1.4936031808365717 -1.4931862407244887 -1.4662424020617244 -1.442039427711972 -1.416688341587042 -1.3943850702525256 -1.3705361746400364 -1.3461699365255206 -1.323224060817084 -1.301513402239798 -1.2772291377566845 -1.250131955629014 -1.225523391387745 -1.189976244938206 -1.1582260666504358 -1.1299104101591058 -1.102542091761685 -1.0768517427603004 -1.0518051322464728 -1.0645392849254596 -1.0894574446694236 -1.114895277861629 -1.140423066828024 -1.1659817203725171 -1.191555280134585 -1.217212521359462 -1.2433819253065428 -1.2700691725677844
-1.4936031808365717 -1.4936031808365717 -1.4936031808365717 -1.4936031808365717 -1.4936031808365717 -1.4936031808365717 -1.4936031808365717 -1.4936031808365717 -1.4936031808365717 -1.4936031808365717 -1.4936031808365717 -1.4936031808365717 -1.4936031808365717 -1.4936031808365717 -1.4936031808365717 -1.4936031808365717 -1.4936031808365717 -1.4936031808365717 -1.4936031808365717 -1.4936031808365717 -1.4706245573321317 -1.4447671017654369 -1.4239208938270411 -1.4000571549231755 -1.375313395653392 -1.3516311397887313 -1.3282835653240066 -1.302849541647606 -1.2779350089215653 -1.2455219752407731 -1.212547469967278 -1.1841988977126945 -1.15458191182544 -1.1283732839806302 -1.1031674575995856 -1.0799036201151626 -1.0641582536139873 -1.0711893568452915 -1.0929091959095045 -1.117168295757612 -1.142125510867513 -1.1675098588832185 -1.1932136941557858 -1.219001702277582 -1.2447765598279374 -1.272434399100145
-1.4936031808365717 -1.4936031808365717 -1.4936031808365717 -1.4936031808365717 -1.4936031808365717 -1.4936031808365717 -1.4936031808365717 -1.4936031808365717 -1.4936031808365717 -1.4936031808365717 -1.4936031808365717 -1.4936031808365717 -1.4936031808365717 -1.4936031808365717 -1.4936031808365717 -1.4936031808365717 -1.4936031808365717 -1.4936031808365717 -1.4936031808365717 -1.4936031808365717 -1.47847563993662 -1.4551630141610705 -1.4302175654517795 -1.4059563949435194 -1.3831395152457127 -1.3584080731568156 -1.3331752677615922 -1.3013743629330707 -1.275218714800495 -1.240307458414916 -1.2122030955204393 -1.1858092029544185 -1.1603419928624505 -1.136972223651618 -1.1156645619296741 -1.0980720003689701 -1.088492747864868 -1.092562855547213 -1.1075439056514824 -1.1283891995100848 -1.1509617706131938 -1.17511446981693 -1.2006033307427053 -1.2256254144040484 -1.251185023976162 -1.2788692550750098
-1.4936031808365717 -1.4936031808365717 -1.4936031808365717 -1.4936031808365717 -1.4936031808365717 -1.4936031808365717 -1.4936031808365717 -1.4936031808365717 -1.4936031808365717 -1.4936031808365717 -1.4936031808365717 -1.4936031808365717 -1.4936031808365717 -1.4936031808365717 -1.4936031808365717 -1.4936031808365717 -1.4936031808365717 -1.4936031808365717 -1.4936031808365717 -1.4936031808365717 -1.4877517784991574 -1.4645239107248027 -1.4394457123649518 -1.4148007264870737 -1.3893542397172278 -1.358694005637932 -1.3279751834763949 -1.2991913611371986 -1.27293452508441 -1.2439966316506115 -1.2183479244386402 -1.1947349757880183 -1.1723909353516284 -1.151798730855274 -1.1342650280097852 -1.120951044101849 -1.114071313686407 -1.1165592662398542 -1.128247672993714 -1.1459696786856233 -1.1672067225366867 -1.189531991802895 -1.2129964801595148 -1.237629584250708 -1.2620809220547324 -1.2879871565712853
-1.4936031808365717 -1.4936031808365717 -1.4936031808365717 -1.4936031808365717 -1.4936031808365717 -1.4936031808365717 -1.4936031808365717 -1.4936031808365717 -1.4936031808365717 -1.4936031808365717 -1.4936031808365717 -1.4936031808365717 -1.4936031808365717 -1.4936031808365717 -1.4936031808365717 -1.4936031808365717 -1.4936031808365717 -1.4936031808365717 -1.4936031808365717 -1.4936031808365717 -1.4936031808365717 -1.4740520801723473 -1.4510514161534276 -1.422059642575253 -1.3870571837890788 -1.357787136780546 -1.329280522415079 -1.3022415955769349 -1.2767078785101749 -1.252609395383684 -1.2302190307075684 -1.2089824087759884 -1.1894033845358842 -1.1708885562280167 -1.1559707237645678 -1.1443594826782293 -1.1399450487213103 -1.1437137319965567 -1.1542538348767206 -1.1692023007439285 -1.1881574642203423 -1.2088531513345442 -1.230221784704355 -1.2529406417601179 -1.276411239624085 -1.3023331135161196
