output/Mappa_Temperature_20070102_0400.asc
NCOLS 153
NROWS 173
XLLCORNER 628082.1585431173
YLLCORNER 5141515.270487413
CELLSIZE 30.005356186399773
NODATA_VALUE -9999
[rows 126 to 146 of 173, columns 48 to 95 of 153]
-5.485478202152111 -5.485478202152111 -5.485478202152111 -5.485478202152111 -5.485478202152111 -5.485478202152111 -5.485478202152111 -5.485478202152111 -5.485478202152111 -5.485478202152111 -5.485478202152111 -5.485478202152111 -5.485478202152111 -5.485478202152111 -5.485478202152111 -5.485478202152111 -5.485478202152111 -5.485478202152111 -5.485478202152111 -5.485478202152111 -5.485478202152111 -5.485478202152111 -5.485478202152111 -5.485478202152111 -5.485478202152111 -5.485478202152111 -5.485478202152111 -5.485478202152111 -5.487522880950158 -5.491135543702783 -5.494128102432806 -5.496521161887265 -5.498290294925297 -5.499416586710641 -5.499887597101646 -5.4996980288679636 -5.498850020806601 -5.497353028774864 -5.495223309757366 -5.492483072821082 -5.4891593958047675 -5.485478202152111 -5.485478202152111 -5.485478202152111 -5.485478202152111 -5.485478202152111 -5.485478202152111 -5.485478202152111
-5.485478202152111 -5.485478202152111 -5.485478202152111 -5.485478202152111 -5.485478202152111 -5.485478202152111 -5.485478202152111 -5.485478202152111 -5.485478202152111 -5.485478202152111 -5.485478202152111 -5.485478202152111 -5.485478202152111 -5.485478202152111 -5.485478202152111 -5.485478202152111 -5.485478202152111 -5.485478202152111 -5.485478202152111 -5.485478202152111 -5.485478202152111 -5.485478202152111 -5.485478202152111 -5.485478202152111 -5.485478202152111 -5.485478202152111 -5.488390281371287 -5.49323919013977 -5.497567577234156 -5.501336404647441 -5.504508450061558 -5.507049794394518 -5.5089313922056915 -5.510130584341415 -5.510632388138626 -5.510430404483207 -5.509527218448483 -5.507934236489905 -5.505670983554995 -5.502763958003503 -5.499245193157184 -5.4951506924046125 -5.490518891508604 -5.485478202152111 -5.485478202152111 -5.485478202152111 -5.485478202152111 -5.485478202152111
-5.485478202152111 -5.485478202152111 -5.485478202152111 -5.485478202152111 -5.485478202152111 -5.485478202152111 -5.485478202152111 -5.485478202152111 -5.485478202152111 -5.485478202152111 -5.485478202152111 -5.485478202152111 -5.485478202152111 -5.485478202152111 -5.485478202152111 -5.485478202152111 -5.485478202152111 -5.485478202152111 -5.485478202152111 -5.485478202152111 -5.485478202152111 -5.485478202152111 -5.485478202152111 -5.485478202152111 -5.486121262458003 -5.492172879889773 -5.497777382229048 -5.502891330260565 -5.507469659196915 -5.511467237596816 -5.514840435768122 -5.5175489899906065 -5.51955803942507 -5.520840143623845 -5.521377040846803 -5.521160902968168 -5.520194894398547 -5.518492944624097 -5.516078771487497 -5.512984309332624 -5.509247771226751 -5.504911593310538 -5.500020477666065 -5.494619687355835 -5.488753676079928 -5.485478202152111 -5.485478202152111 -5.485478202152111
-5.485478202152111 -5.485478202152111 -5.485478202152111 -5.485478202152111 -5.485478202152111 -5.485478202152111 -5.485478202152111 -5.485478202152111 -5.485478202152111 -5.485478202152111 -5.485478202152111 -5.485478202152111 -5.485478202152111 -5.485478202152111 -5.485478202152111 -5.485478202152111 -5.485478202152111 -5.485478202152111 -5.485478202152111 -5.485478202152111 -5.485478202152111 -5.485478202152111 -5.485478202152111 -5.487974128552698 -5.494742997186763 -5.501098207113993 -5.507001091010105 -5.51240578573318 -5.517260909735417 -5.521514129677592 -5.525114024401516 -5.528012418892284 -5.530167044770864 -5.531544267030008 -5.532121523908595 -5.531889100587953 -5.530850927286508 -5.529024253877812 -5.526438261950537 -5.523131864310723 -5.519151053884563 -5.514546176726166 -5.509369434431177 -5.50367280954992 -5.497506494042024 -5.490917811855269 -5.485478202152111 -5.485478202152111
-5.485478202152111 -5.485478202152111 -5.485478202152111 -5.485478202152111 -5.485478202152111 -5.485478202152111 -5.485478202152111 -5.485478202152111 -5.485478202152111 -5.485478202152111 -5.485478202152111 -5.485478202152111 -5.485478202152111 -5.485478202152111 -5.485478202152111 -5.485478202152111 -5.485478202152111 -5.485478202152111 -5.485478202152111 -5.485478202152111 -5.485478202152111 -5.485478202152111 -5.4886156487287705 -5.496057940043028 -5.5031125418221825 -5.5098043932848695 -5.516032873382257 -5.5217568244227575 -5.526919267309207 -5.531459391819724 -5.535316283606891 -5.538431829420255 -5.540754209887725 -5.542241634683954 -5.542865795780542 -5.542614435835287 -5.541492518617625 -5.539521750756922 -5.5367385584948225 -5.533190938911868 -5.5289347730298 -5.524030175780148 -5.51853831113083 -5.512518902178148 -5.506028487393223 -5.499119352434611 -5.491839006222504 -5.485478202152111
-5.485478202152111 -5.485478202152111 -5.485478202152111 -5.485478202152111 -5.485478202152111 -5.485478202152111 -5.485478202152111 -5.485478202152111 -5.485478202152111 -5.485478202152111 -5.485478202152111 -5.485478202152111 -5.485478202152111 -5.485478202152111 -5.485478202152111 -5.485478202152111 -5.485478202152111 -5.485478202152111 -5.485478202152111 -5.485478202152111 -5.485478202152111 -5.48801681242938 -5.496079888249635 -5.503829360894 -5.51123824622605 -5.518259315704111 -5.524837977425445 -5.530912514746483 -5.536416377967434 -5.541279779115836 -5.545428309754909 -5.548796274913243 -5.55131390334023 -5.552930463126789 -5.553609800152397 -5.553336148560427 -5.552115901038707 -5.549976883408117 -5.546965317574042 -5.543141204291721 -5.538573107763663 -5.533333236325667 -5.527493408011692 -5.52112213881875 -5.514282818201719 -5.5070327829093735 -5.49942305034636 -5.491498487663816
-5.485478202152111 -5.485478202152111 -5.485478202152111 -5.485478202152111 -5.485478202152111 -5.485478202152111 -5.485478202152111 -5.485478202152111 -5.485478202152111 -5.485478202152111 -5.485478202152111 -5.485478202152111 -5.485478202152111 -5.485478202152111 -5.485478202152111 -5.485478202152111 -5.485478202152111 -5.485478202152111 -5.485478202152111 -5.485478202152111 -5.486083230824823 -5.494809438662234 -5.503173968797294 -5.511256735601938 -5.51902616428762 -5.526416030252656 -5.533373512661534 -5.5398325297036894 -5.5456682686768675 -5.55075983368227 -5.5551962852244765 -5.558868888492339 -5.561837830687321 -5.563608282971299 -5.564353458742645 -5.564053183745184 -5.562715882818796 -5.560378007440953 -5.557099319500603 -5.552955933549533 -5.548032812590516 -5.542417119374075 -5.536193192263655 -5.529439302159253 -5.522225951594507 -5.514615316887954 -5.5066614350226954 -5.498410813848791
-5.485478202152111 -5.485478202152111 -5.485478202152111 -5.485478202152111 -5.485478202152111 -5.485478202152111 -5.485478202152111 -5.485478202152111 -5.485478202152111 -5.485478202152111 -5.485478202152111 -5.485478202152111 -5.485478202152111 -5.485478202152111 -5.485478202152111 -5.485478202152111 -5.485478202152111 -5.485478202152111 -5.485478202152111 -5.485478202152111 -5.492239487749183 -5.501189679930567 -5.509864448291162 -5.518306991292086 -5.526442478817033 -5.534215648979836 -5.541519518414815 -5.548244145705178 -5.554494106988774 -5.560069836371901 -5.564929263094186 -5.568915056941644 -5.57213560700472 -5.5742613386781565 -5.575096659429823 -5.574764033461488 -5.573285111355863 -5.5707088840686785 -5.567114299662511 -5.562599456467878 -5.557270635113514 -5.5512333584573925 -5.544586360600202 -5.537418310112791 -5.529806626428414 -5.52181764614134 -5.513507528849113 -5.5049234810624075
-5.485478202152111 -5.485478202152111 -5.485478202152111 -5.485478202152111 -5.485478202152111 -5.485478202152111 -5.485478202152111 -5.485478202152111 -5.485478202152111 -5.485478202152111 -5.485478202152111 -5.485478202152111 -5.485478202152111 -5.485478202152111 -5.485478202152111 -5.485478202152111 -5.485478202152111 -5.485478202152111 -5.485478202152111 -5.487961250871482 -5.497860286399854 -5.507118418640333 -5.516126898407794 -5.524917357501865 -5.533393569924959 -5.541510388706323 -5.548959165647565 -5.556127825797923 -5.562944521517622 -5.56898462928297 -5.574572719588505 -5.57922887177149 -5.582615359660053 -5.584843595313125 -5.585827663283705 -5.585466465230978 -5.583812833077597 -5.58094623782749 -5.576973582791175 -5.572023425986898 -5.5662297642613225 -5.559720261794165 -5.552609555518799 -5.544996642176804 -5.536964893965325 -5.528583458555902 -5.519909203703763 -5.5109887259207815
-5.485478202152111 -5.485478202152111 -5.485478202152111 -5.485478202152111 -5.485478202152111 -5.485478202152111 -5.485478202152111 -5.485478202152111 -5.485478202152111 -5.485478202152111 -5.485478202152111 -5.485478202152111 -5.485478202152111 -5.485478202152111 -5.485478202152111 -5.485478202152111 -5.485478202152111 -5.485478202152111 -5.485478202152111 -5.493052673907101 -5.502820146660255 -5.512394869507626 -5.521804837579689 -5.530878696497801 -5.539434628061173 -5.547636660852764 -5.555540959509007 -5.563224093387976 -5.570764240844193 -5.577999487438353 -5.584098000461448 -5.589255678949045 -5.593036008948712 -5.59537203102642 -5.5964419584827985 -5.596156210301326 -5.594282703508959 -5.591055638614977 -5.58662474516396 -5.5811613139757705 -5.574835011647987 -5.567799212365376 -5.560184848363929 -5.552099850676579 -5.543631419237114 -5.534849292817766 -5.525809045643271 -5.516554994437765
-5.485478202152111 -5.485478202152111 -5.485478202152111 -5.485478202152111 -5.485478202152111 -5.485478202152111 -5.485478202152111 -5.485478202152111 -5.485478202152111 -5.485478202152111 -5.485478202152111 -5.485478202152111 -5.485478202152111 -5.485478202152111 -5.485478202152111 -5.485478202152111 -5.485478202152111 -5.485478202152111 -5.487388713896774 -5.497525034455353 -5.507474474951308 -5.517290879163868 -5.5269403036100355 -5.536222541175299 -5.544923389427683 -5.5532073554421295 -5.561543807094189 -5.569725331633942 -5.5777126312185805 -5.585649531886775 -5.5929026881426545 -5.598695714782492 -5.6030701655536 -5.606072602973549 -5.607306044614001 -5.606795990102672 -5.604668695358053 -5.60098427909107 -5.595990992418354 -5.589920341816432 -5.582986489598044 -5.57537041319672 -5.567217314049195 -5.558640512093143 -5.549727354580542 -5.54054496822437 -5.531145080163216 -5.521567791934132
-5.485478202152111 -5.485478202152111 -5.485478202152111 -5.485478202152111 -5.485478202152111 -5.485478202152111 -5.485478202152111 -5.485478202152111 -5.485478202152111 -5.485478202152111 -5.485478202152111 -5.485478202152111 -5.485478202152111 -5.485478202152111 -5.485478202152111 -5.485478202152111 -5.485478202152111 -5.485478202152111 -5.490895692349732 -5.501232991636253 -5.5115135067225065 -5.5214602916754085 -5.531302774318877 -5.540529686964741 -5.5496568792102465 -5.558682369345679 -5.567580998007901 -5.5762640648271145 -5.584414533805982 -5.591869978314469 -5.599156799173517 -5.6058986418932 -5.612537036190974 -5.616177313067638 -5.617408906145945 -5.617071288747028 -5.614926919517512 -5.610647777243477 -5.6049571034010395 -5.598169966731117 -5.5905519031991115 -5.582308677709232 -5.573593391126213 -5.564518212563311 -5.555165223553328 -5.54559488303148 -5.5358521937637235 -5.52597106812591
-5.485478202152111 -5.485478202152111 -5.485478202152111 -5.485478202152111 -5.485478202152111 -5.485478202152111 -5.485478202152111 -5.485478202152111 -5.485478202152111 -5.485478202152111 -5.485478202152111 -5.485478202152111 -5.485478202152111 -5.485478202152111 -5.485478202152111 -5.485478202152111 -5.485478202152111 -5.485478202152111 -5.493852348496064 -5.504448759271364 -5.514929099033393 -5.525063639075927 -5.534845056600409 -5.544551593962531 -5.553236617992761 -5.562218017053152 -5.571752950204699 -5.581398764276816 -5.591083187227689 -5.598578566457212 -5.606823556716243 -5.613968792703085 -5.620455561466408 -5.6237616782601245 -5.6259160071786765 -5.626927876184775 -5.624976612295749 -5.619905148029315 -5.613346812996349 -5.605726619660118 -5.597358621554552 -5.5884607416755765 -5.579181261653696 -5.5696214261453845 -5.559851347215616 -5.549920481156922 -5.5398644037223095 -5.529709201931098
-5.485478202152111 -5.485478202152111 -5.485478202152111 -5.485478202152111 -5.485478202152111 -5.485478202152111 -5.485478202152111 -5.485478202152111 -5.485478202152111 -5.485478202152111 -5.485478202152111 -5.485478202152111 -5.485478202152111 -5.485478202152111 -5.485478202152111 -5.485478202152111 -5.485478202152111 -5.485478202152111 -5.496016665602144 -5.50678223666043 -5.5172068559400325 -5.527717072988185 -5.537115994724099 -5.545819766327941 -5.555192311244096 -5.56489388188795 -5.574606399737491 -5.584561289205664 -5.595645630081115 -5.6056188865378225 -5.614264121889012 -5.621989993639497 -5.628340918195885 -5.63268557913041 -5.634703967665225 -5.63646330416914 -5.634662859595389 -5.628510462718501 -5.620888810103029 -5.6123370527436185 -5.603189046405433 -5.5936469327313425 -5.5838350659799945 -5.5738322948899395 -5.5636903078015525 -5.553435615208623 -5.5430867930752425 -5.532674844130023
-5.485478202152111 -5.485478202152111 -5.485478202152111 -5.485478202152111 -5.485478202152111 -5.485478202152111 -5.485478202152111 -5.485478202152111 -5.485478202152111 -5.485478202152111 -5.485478202152111 -5.485478202152111 -5.485478202152111 -5.485478202152111 -5.485478202152111 -5.485478202152111 -5.485478202152111 -5.485929763535171 -5.497384579616226 -5.507898849557238 -5.51866198961852 -5.527921491548421 -5.537214783340207 -5.5467895316466205 -5.557390890809929 -5.56750560154696 -5.576621741015348 -5.586878278342282 -5.598329230150562 -5.609072657132709 -5.6180005161064095 -5.625095557245663 -5.635111373389208 -5.643024764557326 -5.647350955829972 -5.646457464941477 -5.643633141057615 -5.636023662070559 -5.627176014234502 -5.617670088077483 -5.607786700562766 -5.59767139289567 -5.587404937305451 -5.577035087321361 -5.566591648024109 -5.5560745937993214 -5.545515352528776 -5.534919363663732
-5.485478202152111 -5.485478202152111 -5.485478202152111 -5.485478202152111 -5.485478202152111 -5.485478202152111 -5.485478202152111 -5.485478202152111 -5.485478202152111 -5.485478202152111 -5.485478202152111 -5.485478202152111 -5.485478202152111 -5.485478202152111 -5.485478202152111 -5.485478202152111 -5.485478202152111 -5.485947079313101 -5.497539222808578 -5.508168098782853 -5.518253855209259 -5.5277089779433695 -5.537020088997538 -5.547018674758487 -5.557479590120472 -5.567997572874313 -5.577349705131765 -5.587614678184168 -5.5985314917119675 -5.608664126648355 -5.619995964370109 -5.633355272156604 -5.643991327106691 -5.653915288082629 -5.659444678019082 -5.657976375153282 -5.65097973516134 -5.641685727214547 -5.631652407777394 -5.621339852531135 -5.610883721643552 -5.600343862292407 -5.589746968874418 -5.57903140501745 -5.56815886229831 -5.557467959069318 -5.54673621991051 -5.536101429483267
-5.485478202152111 -5.485478202152111 -5.485478202152111 -5.485478202152111 -5.485478202152111 -5.485478202152111 -5.485478202152111 -5.485478202152111 -5.485478202152111 -5.485478202152111 -5.485478202152111 -5.485478202152111 -5.485478202152111 -5.485478202152111 -5.485478202152111 -5.485478202152111 -5.485478202152111 -5.485653202946235 -5.496962244763143 -5.507120873325344 -5.5177613947699395 -5.52712266772488 -5.5371326800748095 -5.547359834757804 -5.55699082576693 -5.566103363471607 -5.576296111653106 -5.5876695157785425 -5.597998381147053 -5.612918458820517 -5.6262448485174295 -5.638129678564909 -5.649616885754978 -5.660399804803151 -5.670912529779649 -5.665567669050929 -5.655108858260379 -5.644431926776973 -5.633717238475593 -5.622989595494345 -5.612255695979268 -5.601486673140675 -5.590502682059622 -5.5793013384414 -5.568225986969167 -5.557671581779931 -5.547081153266525 -5.536528049750764
-5.485478202152111 -5.485478202152111 -5.485478202152111 -5.485478202152111 -5.485478202152111 -5.485478202152111 -5.485478202152111 -5.485478202152111 -5.485478202152111 -5.485478202152111 -5.485478202152111 -5.485478202152111 -5.485478202152111 -5.485478202152111 -5.485478202152111 -5.485478202152111 -5.485478202152111 -5.485478202152111 -5.495122938277474 -5.505975996371481 -5.514725701276191 -5.524741943748154 -5.535127554046372 -5.545067623286118 -5.554867217889157 -5.565542550418008 -5.575999838853188 -5.589604446492693 -5.603444718611944 -5.615343364275966 -5.6277743966942495 -5.638774851082745 -5.649354403170361 -5.659118851147727 -5.665727597971563 -5.662776457955576 -5.653660066957689 -5.643477881039174 -5.63300267767843 -5.622348195338417 -5.611559615745482 -5.600735706581148 -5.589917317059511 -5.578308590299766 -5.567129533425234 -5.5566444629196825 -5.54611527189089 -5.535551990323276
-5.485478202152111 -5.485478202152111 -5.485478202152111 -5.485478202152111 -5.485478202152111 -5.485478202152111 -5.485478202152111 -5.485478202152111 -5.485478202152111 -5.485478202152111 -5.485478202152111 -5.485478202152111 -5.485478202152111 -5.485478202152111 -5.485478202152111 -5.485478202152111 -5.485478202152111 -5.485478202152111 -5.491827631228113 -5.501612556941836 -5.512082821632993 -5.522265876662354 -5.531842724633554 -5.542223165085136 -5.552814040978662 -5.566161721946566 -5.577139939348396 -5.591793117141177 -5.603589261676825 -5.614667476569517 -5.625356738314845 -5.635165648639939 -5.644109037904177 -5.651493101357304 -5.6555137670278315 -5.653805435169288 -5.64751749215527 -5.63876817091403 -5.629293865722579 -5.619156338969061 -5.608457989796069 -5.597955559388351 -5.5872275151370205 -5.575607711029505 -5.564755307899886 -5.553951258554988 -5.543585185767157 -5.533298568954372
-5.485478202152111 -5.485478202152111 -5.485478202152111 -5.485478202152111 -5.485478202152111 -5.485478202152111 -5.485478202152111 -5.485478202152111 -5.485478202152111 -5.485478202152111 -5.485478202152111 -5.485478202152111 -5.485478202152111 -5.485478202152111 -5.485478202152111 -5.485478202152111 -5.485478202152111 -5.485478202152111 -5.487934190496963 -5.497683541035527 -5.508209524266576 -5.518553676759413 -5.529234240378262 -5.542103151659199 -5.554996653908051 -5.567077985546007 -5.578098674194621 -5.590244673546538 -5.601010114434166 -5.610921093602828 -5.620299478428263 -5.628942571369338 -5.636301930262732 -5.641890161496187 -5.644777766337171 -5.643733506838089 -5.638827573336669 -5.631389178757569 -5.622475429681748 -5.61310492361298 -5.60325625715685 -5.592917091764184 -5.582654218490408 -5.5717806865808175 -5.560285619056996 -5.550125992663497 -5.540054542350877 -5.529715801345376
-5.485478202152111 -5.485478202152111 -5.485478202152111 -5.485478202152111 -5.485478202152111 -5.485478202152111 -5.485478202152111 -5.485478202152111 -5.485478202152111 -5.485478202152111 -5.485478202152111 -5.485478202152111 -5.485478202152111 -5.485478202152111 -5.485478202152111 -5.485478202152111 -5.485478202152111 -5.485478202152111 -5.485478202152111 -5.493684316275109 -5.503338303387424 -5.515506917661199 -5.530198375514032 -5.542483788507535 -5.554448768626094 -5.5657977214655245 -5.576514897947444 -5.586629668779191 -5.596027497113429 -5.604941069098481 -5.61315890348492 -5.62093006668803 -5.627191475585939 -5.632065020615475 -5.6339178753197245 -5.63233605925825 -5.627912099268058 -5.6216378327202685 -5.613681849198984 -5.604995321865824 -5.596026341188128 -5.586490635912725 -5.576639405134748 -5.56575930896557 -5.554323109172993 -5.544344984064445 -5.534909713792098 -5.524463842784989
