output/Mappa_Temperature_20070102_0000.asc
NCOLS 153
NROWS 173
XLLCORNER 628082.1585431173
YLLCORNER 5141515.270487413
CELLSIZE 30.005356186399773
NODATA_VALUE -9999
[rows 126 to 146 of 173, columns 48 to 95 of 153]
-5.401596741991915 -5.401596741991915 -5.401596741991915 -5.401596741991915 -5.401596741991915 -5.401596741991915 -5.401596741991915 -5.401596741991915 -5.401596741991915 -5.401596741991915 -5.401596741991915 -5.401596741991915 -5.401596741991915 -5.401596741991915 -5.401596741991915 -5.401596741991915 -5.401596741991915 -5.401596741991915 -5.401596741991915 -5.401596741991915 -5.401596741991915 -5.401596741991915 -5.401596741991915 -5.401596741991915 -5.401596741991915 -5.401596741991915 -5.401596741991915 -5.401596741991915 -5.403109227067937 -5.4057815776118225 -5.407995226240936 -5.409765414651143 -5.411074073654245 -5.411907211611269 -5.412255626329378 -5.412115399353578 -5.41148811278985 -5.41038076130311 -5.408805370472455 -5.406778368737587 -5.404319786054826 -5.401596741991915 -5.401596741991915 -5.401596741991915 -5.401596741991915 -5.401596741991915 -5.401596741991915 -5.401596741991915
-5.401596741991915 -5.401596741991915 -5.401596741991915 -5.401596741991915 -5.401596741991915 -5.401596741991915 -5.401596741991915 -5.401596741991915 -5.401596741991915 -5.401596741991915 -5.401596741991915 -5.401596741991915 -5.401596741991915 -5.401596741991915 -5.401596741991915 -5.401596741991915 -5.401596741991915 -5.401596741991915 -5.401596741991915 -5.401596741991915 -5.401596741991915 -5.401596741991915 -5.401596741991915 -5.401596741991915 -5.401596741991915 -5.401596741991915 -5.403750858503223 -5.407337682093468 -5.4105394665936775 -5.413327334899514 -5.415673753003858 -5.417553630361759 -5.418945481546986 -5.419832545182749 -5.420203738328146 -5.420054327445267 -5.4193862247585765 -5.41820786782495 -5.416533699593452 -5.414383321369528 -5.411780428767931 -5.4087516541320655 -5.405325429075592 -5.401596741991915 -5.401596741991915 -5.401596741991915 -5.401596741991915 -5.401596741991915
-5.401596741991915 -5.401596741991915 -5.401596741991915 -5.401596741991915 -5.401596741991915 -5.401596741991915 -5.401596741991915 -5.401596741991915 -5.401596741991915 -5.401596741991915 -5.401596741991915 -5.401596741991915 -5.401596741991915 -5.401596741991915 -5.401596741991915 -5.401596741991915 -5.401596741991915 -5.401596741991915 -5.401596741991915 -5.401596741991915 -5.401596741991915 -5.401596741991915 -5.401596741991915 -5.401596741991915 -5.402072425075523 -5.406548913539177 -5.4106946630597195 -5.414477540881212 -5.417864211783242 -5.42082129124034 -5.423316505597445 -5.425320071068469 -5.426806200473982 -5.427754595629447 -5.428151748002649 -5.427991866990475 -5.427277293363434 -5.426018331008834 -5.424232524434461 -5.421943496039378 -5.419179512705415 -5.415971965196485 -5.412353920433454 -5.408358860304336 -5.404019667997432 -5.401596741991915 -5.401596741991915 -5.401596741991915
-5.401596741991915 -5.401596741991915 -5.401596741991915 -5.401596741991915 -5.401596741991915 -5.401596741991915 -5.401596741991915 -5.401596741991915 -5.401596741991915 -5.401596741991915 -5.401596741991915 -5.401596741991915 -5.401596741991915 -5.401596741991915 -5.401596741991915 -5.401596741991915 -5.401596741991915 -5.401596741991915 -5.401596741991915 -5.401596741991915 -5.401596741991915 -5.401596741991915 -5.401596741991915 -5.4034430229018255 -5.408450074767546 -5.4131511359704545 -5.4175176036067745 -5.421515551899144 -5.4251069730077415 -5.428253155035802 -5.430916060843001 -5.43306005451863 -5.434653869395014 -5.435672625062314 -5.436099632186722 -5.435927704545017 -5.435159749389293 -5.433808526756157 -5.431895622782954 -5.429449821960653 -5.426505146070348 -5.423098836978849 -5.419269509129876 -5.415055614935436 -5.410494282275933 -5.405620517512677 -5.401596741991915 -5.401596741991915
-5.401596741991915 -5.401596741991915 -5.401596741991915 -5.401596741991915 -5.401596741991915 -5.401596741991915 -5.401596741991915 -5.401596741991915 -5.401596741991915 -5.401596741991915 -5.401596741991915 -5.401596741991915 -5.401596741991915 -5.401596741991915 -5.401596741991915 -5.401596741991915 -5.401596741991915 -5.401596741991915 -5.401596741991915 -5.401596741991915 -5.401596741991915 -5.401596741991915 -5.403917566724161 -5.409422761258853 -5.414641174986438 -5.419591255888103 -5.424198572794106 -5.428432680631922 -5.43225143095545 -5.435609841367876 -5.438462852448876 -5.4407674767991 -5.442485382712365 -5.443585657145761 -5.444047360149931 -5.443861424752024 -5.443031522740098 -5.441573710891868 -5.439514934342645 -5.436890697381934 -5.433742336190024 -5.4301143188451615 -5.426051889416369 -5.421599226134449 -5.416798151506613 -5.411687342159399 -5.4063019412814795 -5.401596741991915
-5.401596741991915 -5.401596741991915 -5.401596741991915 -5.401596741991915 -5.401596741991915 -5.401596741991915 -5.401596741991915 -5.401596741991915 -5.401596741991915 -5.401596741991915 -5.401596741991915 -5.401596741991915 -5.401596741991915 -5.401596741991915 -5.401596741991915 -5.401596741991915 -5.401596741991915 -5.401596741991915 -5.401596741991915 -5.401596741991915 -5.401596741991915 -5.403474596920457 -5.409438996735529 -5.415171418733946 -5.420651902272667 -5.4258455115639705 -5.430711864011701 -5.435205306722881 -5.439276611707358 -5.4428741555673925 -5.445942897066059 -5.448434240470901 -5.450296574753632 -5.451492372623695 -5.451994890238589 -5.45179246531528 -5.450889826638042 -5.449307557458793 -5.447079848938589 -5.444251084697456 -5.440871982888847 -5.436995957296076 -5.432676132989271 -5.427963192463438 -5.422904026019666 -5.417541046665274 -5.411911992876948 -5.406050053680055
-5.401596741991915 -5.401596741991915 -5.401596741991915 -5.401596741991915 -5.401596741991915 -5.401596741991915 -5.401596741991915 -5.401596741991915 -5.401596741991915 -5.401596741991915 -5.401596741991915 -5.401596741991915 -5.401596741991915 -5.401596741991915 -5.401596741991915 -5.401596741991915 -5.401596741991915 -5.401596741991915 -5.401596741991915 -5.401596741991915 -5.402044292403706 -5.40849922270226 -5.414686613606534 -5.420665579191077 -5.426412763026268 -5.431879177602767 -5.437025750414179 -5.441803599576281 -5.4461203989253555 -5.449886719626489 -5.453168441310346 -5.455885130913666 -5.458081309974046 -5.459390944846712 -5.459942164546477 -5.459720045819174 -5.458730820667899 -5.457001452895337 -5.454576149427897 -5.451511213545955 -5.447869493885602 -5.4437154662752585 -5.439111517294257 -5.4341155453118875 -5.428779702299433 -5.423149981179571 -5.4172663540645845 -5.4111632236338565
-5.401596741991915 -5.401596741991915 -5.401596741991915 -5.401596741991915 -5.401596741991915 -5.401596741991915 -5.401596741991915 -5.401596741991915 -5.401596741991915 -5.401596741991915 -5.401596741991915 -5.401596741991915 -5.401596741991915 -5.401596741991915 -5.401596741991915 -5.401596741991915 -5.401596741991915 -5.401596741991915 -5.401596741991915 -5.401596741991915 -5.406598184551032 -5.41321880003097 -5.419635679638594 -5.425880778039747 -5.431898742073696 -5.4376486935456985 -5.443051494967685 -5.44802582072887 -5.452649027648298 -5.456773493304206 -5.460368097210933 -5.463316459426127 -5.465698757277328 -5.467271198599047 -5.467889100135363 -5.467643050822636 -5.466549065979886 -5.46464338508369 -5.461984407412471 -5.458644698036613 -5.454702874617235 -5.45023699427901 -5.445320092382761 -5.440017758638841 -5.4343872615715245 -5.428477671533053 -5.422330530771155 -5.415980758776827
-5.401596741991915 -5.401596741991915 -5.401596741991915 -5.401596741991915 -5.401596741991915 -5.401596741991915 -5.401596741991915 -5.401596741991915 -5.401596741991915 -5.401596741991915 -5.401596741991915 -5.401596741991915 -5.401596741991915 -5.401596741991915 -5.401596741991915 -5.401596741991915 -5.401596741991915 -5.401596741991915 -5.401596741991915 -5.403433497053231 -5.410755988741389 -5.417604392930308 -5.424268124768738 -5.430770582858413 -5.437040587126734 -5.443044741560816 -5.448554733628518 -5.453857518350905 -5.458899948757896 -5.4633679233177 -5.467501532566568 -5.470945770700776 -5.4734508156968245 -5.475099081025514 -5.475827013510906 -5.4755598289219325 -5.474336607966345 -5.472216136751542 -5.46927749354737 -5.46561577499403 -5.4613301009293265 -5.456514906805296 -5.4512549915894075 -5.445623584922601 -5.439682358693908 -5.4334824626591445 -5.427065962902812 -5.420467327688999
-5.401596741991915 -5.401596741991915 -5.401596741991915 -5.401596741991915 -5.401596741991915 -5.401596741991915 -5.401596741991915 -5.401596741991915 -5.401596741991915 -5.401596741991915 -5.401596741991915 -5.401596741991915 -5.401596741991915 -5.401596741991915 -5.401596741991915 -5.401596741991915 -5.401596741991915 -5.401596741991915 -5.401596741991915 -5.407199712736806 -5.4144248851128705 -5.421507476974001 -5.428468196813423 -5.435180290766108 -5.441509264692675 -5.447576453437507 -5.453423402975687 -5.459106753015852 -5.464684333469766 -5.470036373362505 -5.4745475513246165 -5.4783627773380354 -5.48115915431049 -5.482887151164157 -5.483678595429998 -5.483467222445452 -5.482081356329961 -5.479694239343099 -5.476416629077617 -5.4723752323829915 -5.46769555464275 -5.462491049454463 -5.456858569709198 -5.450877953901254 -5.444613705364164 -5.4381174111013815 -5.431430180350023 -5.424584794974864
-5.401596741991915 -5.401596741991915 -5.401596741991915 -5.401596741991915 -5.401596741991915 -5.401596741991915 -5.401596741991915 -5.401596741991915 -5.401596741991915 -5.401596741991915 -5.401596741991915 -5.401596741991915 -5.401596741991915 -5.401596741991915 -5.401596741991915 -5.401596741991915 -5.401596741991915 -5.401596741991915 -5.403009981325215 -5.410507996947642 -5.417867774081952 -5.425129141924107 -5.432266991879293 -5.439133227203364 -5.445569398568281 -5.451697194767403 -5.4578638155211125 -5.4639158339492795 -5.469824180742431 -5.475695246565561 -5.4810605345518875 -5.485345738832436 -5.488581597449155 -5.490802553519952 -5.4917149521202155 -5.491337655775636 -5.489764058222513 -5.487038630334779 -5.4833450078548145 -5.478854440218518 -5.473725347077014 -5.46809160063927 -5.462060608976562 -5.455716196851343 -5.449122976571025 -5.442330602952624 -5.435377339475577 -5.428292849956213
-5.401596741991915 -5.401596741991915 -5.401596741991915 -5.401596741991915 -5.401596741991915 -5.401596741991915 -5.401596741991915 -5.401596741991915 -5.401596741991915 -5.401596741991915 -5.401596741991915 -5.401596741991915 -5.401596741991915 -5.401596741991915 -5.401596741991915 -5.401596741991915 -5.401596741991915 -5.401596741991915 -5.40560415532315 -5.413250838465824 -5.420855517331086 -5.428213330113223 -5.435493988632034 -5.442319299134562 -5.449070844692952 -5.455747159401472 -5.462329632434161 -5.468752650558421 -5.474781696638846 -5.480296620823979 -5.485686811112774 -5.490673871431555 -5.495584409122713 -5.498277186322627 -5.499188217508773 -5.49893847594655 -5.49735224809491 -5.494186890859424 -5.489977398753671 -5.484956833698674 -5.4793216173452155 -5.473223957632788 -5.466777105979295 -5.460064035862014 -5.453145464442736 -5.446066114265316 -5.438859274671806 -5.431550031246511
-5.401596741991915 -5.401596741991915 -5.401596741991915 -5.401596741991915 -5.401596741991915 -5.401596741991915 -5.401596741991915 -5.401596741991915 -5.401596741991915 -5.401596741991915 -5.401596741991915 -5.401596741991915 -5.401596741991915 -5.401596741991915 -5.401596741991915 -5.401596741991915 -5.401596741991915 -5.401596741991915 -5.407791246176012 -5.41562959867046 -5.423382091383164 -5.430878789926375 -5.438114277496467 -5.445294374885877 -5.4517188407937445 -5.458362540554113 -5.465415699273387 -5.472550878571025 -5.47971461753924 -5.485259082143946 -5.491358047287333 -5.496643504741607 -5.501441882342769 -5.503887475418242 -5.505481070628043 -5.50622956803119 -5.5047861836158285 -5.501034731786877 -5.496183415350098 -5.490546623542776 -5.484356667319375 -5.477774748174902 -5.470910552654453 -5.463838973221369 -5.456611873010363 -5.449265835715863 -5.441827177351686 -5.434315194947484
-5.401596741991915 -5.401596741991915 -5.401596741991915 -5.401596741991915 -5.401596741991915 -5.401596741991915 -5.401596741991915 -5.401596741991915 -5.401596741991915 -5.401596741991915 -5.401596741991915 -5.401596741991915 -5.401596741991915 -5.401596741991915 -5.401596741991915 -5.401596741991915 -5.401596741991915 -5.401596741991915 -5.409392229824809 -5.417355713172924 -5.425066988459117 -5.43284158192888 -5.439794130598052 -5.446232464417756 -5.453165501686761 -5.460341925106809 -5.467526446368552 -5.474890254204004 -5.483089537224716 -5.490466931446484 -5.49686196496463 -5.502576928964359 -5.50727482020265 -5.510488642750284 -5.511981680453532 -5.513283092787055 -5.511951272087099 -5.507400235285165 -5.501762364023177 -5.495436477829118 -5.488669535718185 -5.481611065439365 -5.474353054037536 -5.466953827319385 -5.45945162006462 -5.451866042554457 -5.444210835758126 -5.436508932942405
-5.401596741991915 -5.401596741991915 -5.401596741991915 -5.401596741991915 -5.401596741991915 -5.401596741991915 -5.401596741991915 -5.401596741991915 -5.401596741991915 -5.401596741991915 -5.401596741991915 -5.401596741991915 -5.401596741991915 -5.401596741991915 -5.401596741991915 -5.401596741991915 -5.401596741991915 -5.4019307699348085 -5.41040410001858 -5.418181691484883 -5.42614337658151 -5.432992793953925 -5.439867206284897 -5.446949816978529 -5.454791829883122 -5.4622738603382865 -5.469017229961926 -5.476604172054465 -5.485074643667311 -5.49302174665059 -5.499625841861742 -5.50487416929934 -5.512283045674318 -5.518136721104374 -5.521336881316401 -5.52067595030088 -5.518586747963442 -5.512957881749736 -5.506413120135983 -5.4993814184036784 -5.4920705018280245 -5.484588029813134 -5.476993751005793 -5.469322989536325 -5.461597792750161 -5.453818141699896 -5.446007284145621 -5.438169243745653
-5.401596741991915 -5.401596741991915 -5.401596741991915 -5.401596741991915 -5.401596741991915 -5.401596741991915 -5.401596741991915 -5.401596741991915 -5.401596741991915 -5.401596741991915 -5.401596741991915 -5.401596741991915 -5.401596741991915 -5.401596741991915 -5.401596741991915 -5.401596741991915 -5.401596741991915 -5.4019435787220464 -5.410518492323507 -5.418380859899924 -5.425841472339333 -5.432835593881034 -5.439723187435603 -5.447119318191779 -5.45485744233217 -5.462637780231798 -5.469555717896076 -5.477148900043966 -5.485224260122164 -5.49271954942466 -5.501101910240647 -5.5109840265282175 -5.518851704520033 -5.526192634002673 -5.530282821550157 -5.529196691946955 -5.524021153578676 -5.517146211495178 -5.509724387624296 -5.5020960080859105 -5.494361423105873 -5.4865649027002314 -5.478726193186449 -5.4707997010497476 -5.462757088871838 -5.454848838637882 -5.44691038134428 -5.439043638742377
-5.401596741991915 -5.401596741991915 -5.401596741991915 -5.401596741991915 -5.401596741991915 -5.401596741991915 -5.401596741991915 -5.401596741991915 -5.401596741991915 -5.401596741991915 -5.401596741991915 -5.401596741991915 -5.401596741991915 -5.401596741991915 -5.401596741991915 -5.401596741991915 -5.401596741991915 -5.4017261931749845 -5.410091691456913 -5.4176062087042345 -5.425477190641049 -5.4324018898409525 -5.4398064730471285 -5.4473716802781835 -5.454495894693914 -5.461236600029222 -5.468776356162494 -5.477189464382569 -5.484829908806901 -5.495866554188916 -5.505724320383318 -5.5145157394047395 -5.523013029764827 -5.530989345727935 -5.538765794356659 -5.534812106328341 -5.527075538976671 -5.5191776238900765 -5.511251779417334 -5.503316352138729 -5.495376296791378 -5.4874102601003125 -5.479285207597642 -5.4709993755784 -5.462806742178264 -5.454999461958882 -5.447165534649381 -5.439359217300893
-5.401596741991915 -5.401596741991915 -5.401596741991915 -5.401596741991915 -5.401596741991915 -5.401596741991915 -5.401596741991915 -5.401596741991915 -5.401596741991915 -5.401596741991915 -5.401596741991915 -5.401596741991915 -5.401596741991915 -5.401596741991915 -5.401596741991915 -5.401596741991915 -5.401596741991915 -5.401596741991915 -5.408731123913268 -5.4167593229692965 -5.42323163446418 -5.430640826201833 -5.43832324585445 -5.4456760909047714 -5.452925024381413 -5.460821756693038 -5.468557197931512 -5.478620766859554 -5.488858660972024 -5.4976602996493895 -5.506855754226473 -5.514992984928883 -5.5228188667538305 -5.530041801649739 -5.534930408579978 -5.532747398106309 -5.526003842421848 -5.518471899381349 -5.510723206155533 -5.502841897097416 -5.4948613939292175 -5.486854756852095 -5.478852202752317 -5.47026502221693 -5.461995676096234 -5.454239683968859 -5.44645105510998 -5.438637208876491
-5.401596741991915 -5.401596741991915 -5.401596741991915 -5.401596741991915 -5.401596741991915 -5.401596741991915 -5.401596741991915 -5.401596741991915 -5.401596741991915 -5.401596741991915 -5.401596741991915 -5.401596741991915 -5.401596741991915 -5.401596741991915 -5.401596741991915 -5.401596741991915 -5.401596741991915 -5.401596741991915 -5.40629352699691 -5.41353160963664 -5.4212766496412 -5.4288092355783695 -5.435893399431188 -5.443571994856798 -5.45140625310129 -5.461279768825476 -5.469400550435491 -5.48023976525447 -5.488965582033994 -5.497160333556893 -5.505067369556345 -5.512323194037381 -5.518938777279167 -5.524400899634961 -5.527375057154542 -5.526111373859443 -5.521460071182149 -5.514988043489917 -5.507979732345197 -5.500480824479037 -5.49256706634859 -5.484798232794498 -5.476862508689316 -5.468267134043836 -5.460239419476549 -5.452247473059174 -5.444579505648595 -5.436970313228281
-5.401596741991915 -5.401596741991915 -5.401596741991915 -5.401596741991915 -5.401596741991915 -5.401596741991915 -5.401596741991915 -5.401596741991915 -5.401596741991915 -5.401596741991915 -5.401596741991915 -5.401596741991915 -5.401596741991915 -5.401596741991915 -5.401596741991915 -5.401596741991915 -5.401596741991915 -5.401596741991915 -5.4034134800155185 -5.4106252470688805 -5.418411503063024 -5.4260632556436414 -5.433963857485074 -5.44348321880267 -5.453020770494232 -5.461957545218117 -5.47010974356067 -5.479094354136505 -5.487057741195078 -5.4943890678052325 -5.501326424958439 -5.507719873697924 -5.51316372165388 -5.517297435149622 -5.519433447530445 -5.518660990306668 -5.5150319845127385 -5.509529672461972 -5.502936014591876 -5.496004485494346 -5.488719252699923 -5.481071189165524 -5.473479560261025 -5.465436216361441 -5.456933111573432 -5.4494178562126505 -5.441967826258671 -5.434320076650963
-5.401596741991915 -5.401596741991915 -5.401596741991915 -5.401596741991915 -5.401596741991915 -5.401596741991915 -5.401596741991915 -5.401596741991915 -5.401596741991915 -5.401596741991915 -5.401596741991915 -5.401596741991915 -5.401596741991915 -5.401596741991915 -5.401596741991915 -5.401596741991915 -5.401596741991915 -5.401596741991915 -5.401596741991915 -5.4076669497697845 -5.4148081748098305 -5.423809514043407 -5.434677045299956 -5.4437647826126145 -5.452615490059416 -5.461010511230705 -5.468938196254609 -5.476420271162897 -5.483372011023508 -5.489965537896429 -5.496044415360492 -5.501792882248907 -5.506424557171146 -5.510029604639492 -5.511400194040078 -5.5102300967180575 -5.506957615256194 -5.502316429302896 -5.496431247555769 -5.490005669628131 -5.483371155965116 -5.476317426092167 -5.469030296423515 -5.4609820968249965 -5.452522537539122 -5.44514154188946 -5.438162105564905 -5.430435109999944
