output/Mappa_Temperature_20070101_1600.asc
NCOLS 153
NROWS 173
XLLCORNER 628082.1585431173
YLLCORNER 5141515.270487413
CELLSIZE 30.005356186399773
NODATA_VALUE -9999
[rows 132 to 153 of 173, columns 50 to 99 of 153]
-1.6860301616246 -1.6860301616246 -1.6860301616246 -1.6860301616246 -1.6860301616246 -1.6860301616246 -1.6860301616246 -1.6860301616246 -1.6860301616246 -1.6860301616246 -1.6860301616246 -1.6860301616246 -1.6860301616246 -1.6860301616246 -1.6860301616246 -1.6860301616246 -1.6860301616246 -1.6860301616246 -1.6859374884572926 -1.6846008818543945 -1.6833196739784253 -1.6820816242227883 -1.6808915689461434 -1.6797596518720386 -1.6786939636486435 -1.6777046261279676 -1.676810757062542 -1.6760308742621237 -1.6753513361929837 -1.6747887979324823 -1.6743340405148976 -1.674062857630314 -1.673948717917519 -1.6739947114982103 -1.6741995479267693 -1.674557643874631 -1.6750598455218442 -1.6756944942860894 -1.6764485762542585 -1.6773087405745193 -1.6782620690107337 -1.679296572689417 -1.6804014526296482 -1.6815671851896046 -1.6827854934419209 -1.684049253708064 -1.685352372040645 -1.6860301616246 -1.6860301616246 -1.6860301616246
-1.6860301616246 -1.6860301616246 -1.6860301616246 -1.6860301616246 -1.6860301616246 -1.6860301616246 -1.6860301616246 -1.6860301616246 -1.6860301616246 -1.6860301616246 -1.6860301616246 -1.6860301616246 -1.6860301616246 -1.6860301616246 -1.6860301616246 -1.6860301616246 -1.6860301616246 -1.6860301616246 -1.68499452516699 -1.6836236105395008 -1.682294882999956 -1.6810017257739878 -1.6797556007049743 -1.6785649723405542 -1.6774462274865036 -1.6764162060378105 -1.6754588899074625 -1.6746048469086836 -1.6738605210841908 -1.6732500109435242 -1.6727567143639026 -1.6724311127917624 -1.6723031654344416 -1.6723541142628284 -1.672580643024047 -1.6729752476984674 -1.6735258356905796 -1.674217381129035 -1.6750336048473582 -1.6759583437479664 -1.6769764745776332 -1.678074415835723 -1.6792403090692167 -1.680463993400494 -1.6817368667780925 -1.6830516985085575 -1.684402432256015 -1.6857840004682836 -1.6860301616246 -1.6860301616246
-1.6860301616246 -1.6860301616246 -1.6860301616246 -1.6860301616246 -1.6860301616246 -1.6860301616246 -1.6860301616246 -1.6860301616246 -1.6860301616246 -1.6860301616246 -1.6860301616246 -1.6860301616246 -1.6860301616246 -1.6860301616246 -1.6860301616246 -1.6860301616246 -1.6860301616246 -1.685649829253943 -1.68413357883956 -1.6827154965621605 -1.68133565393595 -1.6799892058697876 -1.6786908914469214 -1.6774476258979194 -1.6763066853394706 -1.6752086506983745 -1.674164526987522 -1.6732393544415791 -1.6723834181014057 -1.6716702281490443 -1.671151514618859 -1.6708102123553554 -1.6706594811589812 -1.670714806417238 -1.6709680957837236 -1.6714071765631984 -1.6720156742120669 -1.6727738973020092 -1.6736613213310485 -1.6746583917814952 -1.675747549538906 -1.676913631120939 -1.6781438662806227 -1.6794276635633227 -1.6807563124479898 -1.682122675675624 -1.6835209075519044 -1.6849462116590226 -1.6860301616246 -1.6860301616246
-1.6860301616246 -1.6860301616246 -1.6860301616246 -1.6860301616246 -1.6860301616246 -1.6860301616246 -1.6860301616246 -1.6860301616246 -1.6860301616246 -1.6860301616246 -1.6860301616246 -1.6860301616246 -1.6860301616246 -1.6860301616246 -1.6860301616246 -1.6860301616246 -1.6860301616246 -1.6848699681992545 -1.6833738694563962 -1.6819072945114566 -1.680465955307477 -1.6790760984567479 -1.6777655733312202 -1.67650925542192 -1.675298541905575 -1.6741217045364816 -1.6729667686164824 -1.671858534827935 -1.6709244162593204 -1.6701344067556978 -1.6695553678268973 -1.6691975557518528 -1.6690336733266955 -1.669077441812759 -1.6693644097140403 -1.6698587041802775 -1.6705373909080854 -1.6713742330205665 -1.6723432424254272 -1.6734209265641735 -1.67458723034593 -1.6758256218092846 -1.6771227444069918 -1.678467916144617 -1.6798526246331587 -1.6812700818121826 -1.6827148562578615 -1.684182579994299 -1.685669719016755 -1.6860301616246
-1.6860301616246 -1.6860301616246 -1.6860301616246 -1.6860301616246 -1.6860301616246 -1.6860301616246 -1.6860301616246 -1.6860301616246 -1.6860301616246 -1.6860301616246 -1.6860301616246 -1.6860301616246 -1.6860301616246 -1.6860301616246 -1.6860301616246 -1.6860301616246 -1.6857375256181668 -1.68418492989273 -1.6826609588723547 -1.6811573652230023 -1.6796793481199073 -1.6782575735930427 -1.6769248513565786 -1.6756559836102012 -1.6743790765584228 -1.6731258999294296 -1.6719024730339183 -1.670686765817531 -1.6695757887787006 -1.668688462026712 -1.6680184207105202 -1.6675585327780944 -1.6673696046352382 -1.6674477304649646 -1.6677735714551098 -1.6683379191307601 -1.6691027484886265 -1.6700325993275678 -1.6710946680785415 -1.6722612341512066 -1.673510056819391 -1.6748237786948907 -1.67618902066551 -1.6775955008299392 -1.6790352960632335 -1.6805022639516132 -1.681991605007895 -1.6834995360862077 -1.6850230479676012 -1.6860301616246
-1.6860301616246 -1.6860301616246 -1.6860301616246 -1.6860301616246 -1.6860301616246 -1.6860301616246 -1.6860301616246 -1.6860301616246 -1.6860301616246 -1.6860301616246 -1.6860301616246 -1.6860301616246 -1.6860301616246 -1.6860301616246 -1.6860301616246 -1.6860301616246 -1.6852003563639197 -1.683616976419286 -1.6820422941974695 -1.6805187299306836 -1.6790111418081846 -1.6775978414838548 -1.6761998154857856 -1.674817367355496 -1.6734543507911102 -1.6721243521639655 -1.6708759323627382 -1.669733970522814 -1.6686178370252174 -1.6675851786628813 -1.6665683656535712 -1.6660107788758571 -1.6658221338800896 -1.6658738472535346 -1.6662023035686513 -1.6668577463365497 -1.6677293955539916 -1.6687689916599764 -1.669935862104487 -1.6711984895623955 -1.6725334233400468 -1.6739234823227862 -1.675356093956672 -1.6768219976541032 -1.6783143002725942 -1.6798278074016488 -1.6813585540775993 -1.6829034749815435 -1.6844615446771571 -1.6860301616246
-1.6860301616246 -1.6860301616246 -1.6860301616246 -1.6860301616246 -1.6860301616246 -1.6860301616246 -1.6860301616246 -1.6860301616246 -1.6860301616246 -1.6860301616246 -1.6860301616246 -1.6860301616246 -1.6860301616246 -1.6860301616246 -1.6860301616246 -1.6860301616246 -1.684747480819205 -1.6831244123714726 -1.6815191226983939 -1.6799667996973218 -1.6784685650125089 -1.6769817998367085 -1.6756515014205609 -1.6742758067876726 -1.6728153264913104 -1.6713378623947288 -1.6698544845171281 -1.6687064058148942 -1.6674435080445957 -1.6663490613184593 -1.6653554730242008 -1.6648490700575571 -1.6645190882016359 -1.6643640986781207 -1.6646629767528425 -1.6654397806923267 -1.6664443309015808 -1.6676115275714642 -1.6688932666417773 -1.6702561685138861 -1.6716775206636156 -1.6731418152920594 -1.6746383132269742 -1.6761594391723862 -1.6776997439357784 -1.6792552317285006 -1.6808260234650985 -1.6824105789641721 -1.6840025014475957 -1.6856296600860707
-1.6860301616246 -1.6860301616246 -1.6860301616246 -1.6860301616246 -1.6860301616246 -1.6860301616246 -1.6860301616246 -1.6860301616246 -1.6860301616246 -1.6860301616246 -1.6860301616246 -1.6860301616246 -1.6860301616246 -1.6860301616246 -1.6860301616246 -1.6860301616246 -1.684415969057321 -1.6827669900702773 -1.681170235188734 -1.6795603691660375 -1.6781207219462588 -1.676787551935585 -1.675351944893635 -1.6738659404776735 -1.6723782592614647 -1.6708534536136765 -1.6691556481661196 -1.6676280292186048 -1.6663038252952875 -1.6651204417010361 -1.6641476608717545 -1.6634821825104051 -1.6631730228510089 -1.6629035425874559 -1.6631793194369506 -1.664121691477872 -1.6652891116677917 -1.6665989974241135 -1.6680002115485988 -1.6694617916965848 -1.6709646903360553 -1.672496830085109 -1.6740502937615842 -1.6756210207125994 -1.6772061656293138 -1.6788009797763617 -1.6804023188581698 -1.6820159250189461 -1.6836507757339387 -1.685301687111352
-1.6860301616246 -1.6860301616246 -1.6860301616246 -1.6860301616246 -1.6860301616246 -1.6860301616246 -1.6860301616246 -1.6860301616246 -1.6860301616246 -1.6860301616246 -1.6860301616246 -1.6860301616246 -1.6860301616246 -1.6860301616246 -1.6860301616246 -1.6859609952768029 -1.6842064435752915 -1.6825959567647983 -1.6809473501372871 -1.6795290580624669 -1.6781055903428157 -1.676639011498277 -1.6750151850983832 -1.6734658993823661 -1.672069566355079 -1.670498556843333 -1.6687445970383916 -1.6670990098933685 -1.665731516077463 -1.6646447577729127 -1.66311061989306 -1.6618985136627602 -1.6612358643277774 -1.661372721693935 -1.6618053277035836 -1.6629708832402135 -1.6643260909934678 -1.665782128244109 -1.6672959818283055 -1.6688453589770165 -1.670417887684319 -1.6720062534690918 -1.6736058910415301 -1.6752168043250322 -1.67683417946286 -1.6784571832859507 -1.6800888095559512 -1.681720264697081 -1.6833828855295032 -1.6850409512706621
-1.6860301616246 -1.6860301616246 -1.6860301616246 -1.6860301616246 -1.6860301616246 -1.6860301616246 -1.6860301616246 -1.6860301616246 -1.6860301616246 -1.6860301616246 -1.6860301616246 -1.6860301616246 -1.6860301616246 -1.6860301616246 -1.6860301616246 -1.6859583429926146 -1.6841827566409608 -1.6825547154490383 -1.6810098647090748 -1.6795616090964351 -1.6781354119731051 -1.6766039132973116 -1.6750015988892974 -1.673390543381589 -1.671958062977801 -1.6703857613530821 -1.6687136163256362 -1.6671615851325845 -1.6654258702144857 -1.6633796046051559 -1.6617504637985303 -1.660230395515212 -1.6593834504003617 -1.6596083525963732 -1.6606800386466627 -1.6621036160608738 -1.663640434946983 -1.6652200248091205 -1.6668216063718666 -1.6684360127514521 -1.6700591551263049 -1.6717004744338237 -1.6733658384337944 -1.6750033804351985 -1.676647177338444 -1.6782761244561748 -1.6799076421459684 -1.681554496945749 -1.6832497439474903 -1.684942265273172
-1.6860301616246 -1.6860301616246 -1.6860301616246 -1.6860301616246 -1.6860301616246 -1.6860301616246 -1.6860301616246 -1.6860301616246 -1.6860301616246 -1.6860301616246 -1.6860301616246 -1.6860301616246 -1.6860301616246 -1.6860301616246 -1.6860301616246 -1.6860033564852668 -1.6842711332507836 -1.6827151205743034 -1.6810852956278775 -1.6796514151294755 -1.6781181662255713 -1.676551657298344 -1.6750764636729973 -1.673680682333365 -1.6721194435026085 -1.6703773617948716 -1.668795273686359 -1.6665099425659442 -1.6644687190707526 -1.6626483014722122 -1.660888788374982 -1.6592371521697924 -1.6576269020038776 -1.6584455824977042 -1.6600475745452845 -1.661682976473048 -1.6633241616703796 -1.6649673311558457 -1.6666114589641623 -1.6682609666656725 -1.669943401381717 -1.671659128318364 -1.6733555568452776 -1.6749721912331366 -1.6765943433686603 -1.6782107783772033 -1.679850480820702 -1.6814996501837067 -1.6831984570390441 -1.6849402527209805
-1.6860301616246 -1.6860301616246 -1.6860301616246 -1.6860301616246 -1.6860301616246 -1.6860301616246 -1.6860301616246 -1.6860301616246 -1.6860301616246 -1.6860301616246 -1.6860301616246 -1.6860301616246 -1.6860301616246 -1.6860301616246 -1.6860301616246 -1.6860301616246 -1.68455286263877 -1.6828904831286386 -1.6815502774440012 -1.6800160742627728 -1.6784252944465765 -1.6769027588358527 -1.6754017399401069 -1.673766582926658 -1.6721648240605755 -1.6700809854975287 -1.6679610498456245 -1.6661385160879656 -1.6642344358367658 -1.6625494794107356 -1.6609289932339857 -1.6594333578006624 -1.6584210859402904 -1.6588731165708799 -1.6602694881253246 -1.66182910911811 -1.6634336120407418 -1.665065575398874 -1.6667180786383615 -1.668375993362345 -1.670033062634212 -1.6718111890698177 -1.6735235023118404 -1.675129516600139 -1.6767422888964683 -1.6783602828927828 -1.6799963135957785 -1.6816205543001257 -1.683299084654426 -1.6850402079936913
-1.6860301616246 -1.6860301616246 -1.6860301616246 -1.6860301616246 -1.6860301616246 -1.6860301616246 -1.6860301616246 -1.6860301616246 -1.6860301616246 -1.6860301616246 -1.6860301616246 -1.6860301616246 -1.6860301616246 -1.6860301616246 -1.6860301616246 -1.6860301616246 -1.6850576098603338 -1.6835588378208104 -1.6819550913617511 -1.6803953372459366 -1.6789284367925257 -1.677338448849647 -1.6757162281882234 -1.6736717434764852 -1.6719901931237175 -1.669745743466305 -1.6679389099632698 -1.666242042841863 -1.6646047522690197 -1.6631023064698824 -1.6617324338556159 -1.6606014055611373 -1.6599855540499888 -1.6602472218539863 -1.6612103557040812 -1.662550502622398 -1.6640016964413715 -1.6655544769215365 -1.667193159429577 -1.668801832760641 -1.670445063709259 -1.6722248868791674 -1.6738871660673982 -1.6755420388324604 -1.6771298260583016 -1.678705442890908 -1.680310258813528 -1.6818940985479345 -1.6835696089571048 -1.6853327826397633
-1.6860301616246 -1.6860301616246 -1.6860301616246 -1.6860301616246 -1.6860301616246 -1.6860301616246 -1.6860301616246 -1.6860301616246 -1.6860301616246 -1.6860301616246 -1.6860301616246 -1.6860301616246 -1.6860301616246 -1.6860301616246 -1.6860301616246 -1.6860301616246 -1.685653974132904 -1.6841606511973752 -1.682548370244331 -1.6809639405836012 -1.679327982316095 -1.6773568314896812 -1.6753819140270962 -1.6735313979793534 -1.6718433422407524 -1.6699829209403423 -1.668333961891738 -1.6668158820516954 -1.6653793805019133 -1.664055504734828 -1.6629282604755533 -1.6620723025492319 -1.6616300036985827 -1.6617899545234578 -1.6625414038624515 -1.6636807541386127 -1.6650460867198735 -1.6664813814684445 -1.6679899167749896 -1.669573582553957 -1.6711455625523708 -1.6728110780681524 -1.6745717951447274 -1.6761279606605513 -1.6776706201111868 -1.679254220886122 -1.6808593940780425 -1.6824831168328727 -1.6840410924258518 -1.6857432088120492
-1.6860301616246 -1.6860301616246 -1.6860301616246 -1.6860301616246 -1.6860301616246 -1.6860301616246 -1.6860301616246 -1.6860301616246 -1.6860301616246 -1.6860301616246 -1.6860301616246 -1.6860301616246 -1.6860301616246 -1.6860301616246 -1.6860301616246 -1.6860301616246 -1.6860301616246 -1.6847732185715258 -1.6832945025978747 -1.6814306173352886 -1.679180304262517 -1.677298528761364 -1.6754658344538327 -1.6737274979869765 -1.6720859316712289 -1.6705366367504109 -1.6690971570086415 -1.6677318515526423 -1.6664731132888868 -1.6652827923335574 -1.6643237227546173 -1.6635772344074031 -1.6632934298180506 -1.6635357190038802 -1.6642133437228916 -1.6651743827277339 -1.6663930128939195 -1.667723541573275 -1.6690973340634876 -1.6705579326272415 -1.6720668607148865 -1.6737333816883508 -1.6754850819044855 -1.6770134465908486 -1.6784586613715535 -1.680058671412711 -1.6816059311094373 -1.6831215781067197 -1.684693660548907 -1.6860301616246
-1.6860301616246 -1.6860301616246 -1.6860301616246 -1.6860301616246 -1.6860301616246 -1.6860301616246 -1.6860301616246 -1.6860301616246 -1.6860301616246 -1.6860301616246 -1.6860301616246 -1.6860301616246 -1.6860301616246 -1.6860301616246 -1.6860301616246 -1.6860301616246 -1.6860301616246 -1.6853466536926929 -1.6834297035240868 -1.6813474995168658 -1.6793623230518824 -1.6775523686538114 -1.6759089593698355 -1.6743687563565925 -1.6728817588163791 -1.671472420139684 -1.670253500371023 -1.6688649011850702 -1.667635836742537 -1.6665609099785228 -1.6657094905086973 -1.665157622272089 -1.6650178323138274 -1.6652229491925954 -1.6658905229378778 -1.6668418107333416 -1.6679564403560374 -1.669184303555257 -1.6704808831686795 -1.671839183202984 -1.6734725669001123 -1.6751792746308805 -1.6768778232565862 -1.6780882262856216 -1.6795561162296204 -1.6809911554390518 -1.682505658762654 -1.683984796299786 -1.6854024622663208 -1.6860301616246
-1.6860301616246 -1.6860301616246 -1.6860301616246 -1.6860301616246 -1.6860301616246 -1.6860301616246 -1.6860301616246 -1.6860301616246 -1.6860301616246 -1.6860301616246 -1.6860301616246 -1.6860301616246 -1.6860301616246 -1.6860301616246 -1.6860301616246 -1.6860301616246 -1.6860301616246 -1.6854623144576613 -1.6835227510088404 -1.6817996542919182 -1.6800745453753219 -1.678426226494248 -1.6768282346592795 -1.675486159321627 -1.6740611438304625 -1.672689123865333 -1.6712713283611589 -1.6700159134872063 -1.6688815866750084 -9999 -9999 -9999 -9999 -9999 -1.6674902533920886 -1.668630432559488 -1.6698937177222737 -1.6709168542924357 -1.672335599375536 -1.673438176222743 -1.6746033320868945 -9999 -9999 -9999 -9999 -9999 -9999 -9999 -9999 -9999
-1.6860301616246 -1.6860301616246 -1.6860301616246 -1.6860301616246 -1.6860301616246 -1.6860301616246 -1.6860301616246 -1.6860301616246 -1.6860301616246 -1.6860301616246 -1.6860301616246 -1.6860301616246 -1.6860301616246 -1.6860301616246 -1.6860301616246 -1.6860301616246 -1.6860301616246 -1.6857628171159413 -1.6841556983243668 -1.682490681736336 -1.6809425866971595 -1.6794962455093367 -1.678022068436444 -1.676516431759682 -1.675018672284564 -1.6736385857068574 -1.6723641509246143 -9999 -9999 -9999 -9999 -9999 -9999 -9999 -9999 -9999 -1.6717340144973747 -1.6730218275905138 -9999 -9999 -9999 -9999 -9999 -9999 -9999 -9999 -9999 -9999 -9999 -9999
-1.6860301616246 -1.6860301616246 -1.6860301616246 -1.6860301616246 -1.6860301616246 -1.6860301616246 -1.6860301616246 -1.6860301616246 -1.6860301616246 -1.6860301616246 -1.6860301616246 -1.6860301616246 -1.6860301616246 -1.6860301616246 -1.6860301616246 -1.6860301616246 -1.6860301616246 -1.6860301616246 -1.6850161492000968 -1.6834206881604523 -1.68182551698677 -1.6802846338945914 -1.678843003607913 -1.677307976697968 -1.6760487675697133 -1.6748049917772372 -1.6736497393649814 -9999 -9999 -9999 -9999 -9999 -9999 -9999 -9999 -9999 -9999 -9999 -9999 -9999 -9999 -9999 -9999 -9999 -9999 -9999 -9999 -9999 -9999 -9999
-1.6860301616246 -1.6860301616246 -1.6860301616246 -1.6860301616246 -1.6860301616246 -1.6860301616246 -1.6860301616246 -1.6860301616246 -1.6860301616246 -1.6860301616246 -1.6860301616246 -1.6860301616246 -1.6860301616246 -1.6860301616246 -1.6860301616246 -1.6860301616246 -1.6860301616246 -1.6860301616246 -1.6856800975118105 -1.6841953876082971 -1.6826010043137218 -1.6811501800227413 -1.6798091374164135 -1.6785317497333208 -1.6772914719261187 -1.6761041082986012 -9999 -9999 -9999 -9999 -9999 -9999 -9999 -9999 -9999 -9999 -9999 -9999 -9999 -9999 -9999 -9999 -9999 -9999 -9999 -9999 -9999 -9999 -9999 -9999
-1.6860301616246 -1.6860301616246 -1.6860301616246 -1.6860301616246 -1.6860301616246 -1.6860301616246 -1.6860301616246 -1.6860301616246 -1.6860301616246 -1.6860301616246 -1.6860301616246 -1.6860301616246 -1.6860301616246 -1.6860301616246 -1.6860301616246 -1.6860301616246 -1.6860301616246 -1.6860301616246 -1.6860301616246 -1.6850054903217648 -1.6835912358586502 -1.682245300194739 -1.6809103260071303 -9999 -9999 -9999 -9999 -9999 -9999 -9999 -9999 -9999 -9999 -9999 -9999 -9999 -9999 -9999 -9999 -9999 -9999 -9999 -9999 -9999 -9999 -9999 -9999 -9999 -9999 -9999
-1.6860301616246 -1.6860301616246 -1.6860301616246 -1.6860301616246 -1.6860301616246 -1.6860301616246 -1.6860301616246 -1.6860301616246 -1.6860301616246 -1.6860301616246 -1.6860301616246 -1.6860301616246 -1.6860301616246 -1.6860301616246 -1.6860301616246 -1.6860301616246 -1.6860301616246 -1.6860301616246 -1.6860301616246 -1.6860301616246 -1.6848656024173525 -1.6834820872859892 -9999 -9999 -9999 -9999 -9999 -9999 -9999 -9999 -9999 -9999 -9999 -9999 -9999 -9999 -9999 -9999 -9999 -9999 -9999 -9999 -9999 -9999 -9999 -9999 -9999 -9999 -9999 -9999
