output/Mappa_Temperature_20070701_1200.asc
NCOLS 153
NROWS 173
XLLCORNER 628082.1585431173
YLLCORNER 5141515.270487413
CELLSIZE 30.005356186399773
NODATA_VALUE -9999
[rows 63 to 83 of 173, columns 96 to 143 of 153]
9.703721811275743 9.707795194980642 9.712343003212693 9.718370973571934 9.72487253372188 9.732351281275838 9.738291653594082 9.74269470739241 9.749585044855985 9.757957399825917 9.765800357313148 9.773113906370515 9.776374894810901 9.779613111428517 9.782829177145688 9.786023731884148 9.789197434057607 9.793854632788833 9.796987471343384 9.800101534642407 9.803197550285255 9.805776587381715 9.804847355420772 9.804908765670541 9.803471470447578 9.80401693873755 9.805545855520302 9.800142889966812 9.797224993763555 9.795791146485497 9.786028933148398 9.774865323588397 9.759903349700627 9.75807595458711 9.75096423354515 9.741504546400003 9.72402904810494 9.716641123738537 -9999 -9999 -9999 -9999 -9999 -9999 -9999 -9999 -9999 -9999
9.713195115565062 9.718815412323469 9.724908283894521 9.729461378427903 9.735996788204075 9.745018058589801 9.751494180731791 9.754922876823645 9.761844520123839 9.772763990687212 9.780637675382893 9.787981048432247 9.79378691521314 9.796546757175948 9.800290405551308 9.804011310223812 9.807710135970586 9.811387565841116 9.814542834173245 9.81767887616133 9.820796429852745 9.823896249253028 9.826979103844646 9.829546423536184 9.82960583639714 9.828662692169592 9.828710089488384 9.824291007201957 9.823841199752332 9.819442910887858 9.810640564727226 9.797979535992036 9.785408785450883 9.77728091845831 9.768723299258566 9.757348683628653 9.746538889784087 9.732973510399104 -9999 -9999 -9999 -9999 -9999 -9999 -9999 -9999 -9999 -9999
9.723238079222149 9.72788841038186 9.732005567272973 9.740616726099583 9.748191783652251 9.756239693081742 9.762245139414404 9.769730367494411 9.7766833496465 9.785621216655382 9.793021140550508 9.802408861453328 9.810258861176251 9.81304347257456 9.816308976793039 9.821060694009674 9.823778085331599 9.828986290336287 9.83216346248013 9.835320946681689 9.838459491785498 9.841579862491363 9.844682838853807 9.84776921579435 9.850340365056967 9.851400968121823 9.85294991771324 9.84902009743343 9.84609354112375 9.841198254667662 9.834845592441322 9.823620342317637 9.807596224837566 9.794607905856907 9.783645262965658 9.770847128687636 9.76101100474374 9.753146636425114 -9999 -9999 -9999 -9999 -9999 -9999 -9999 -9999 -9999 -9999
9.724802895768443 9.730999581651341 9.738670018639885 9.748820263708208 9.759444628844175 9.767525259649746 9.77456922693907 9.782589327493225 9.791083426760293 9.798541696153569 9.806474962699319 9.816396180548022 9.824274781849931 9.830109669826697 9.831888116362537 9.836161997254626 9.84041214750109 9.845644707437563 9.848844077830666 9.85302731342674 9.8561862939401 9.859326650260856 9.862449173354436 9.865554668899465 9.868643956796257 9.87171787069118 9.87228242928423 9.86835918839506 9.864943928503044 9.859065036816308 9.852719081345223 9.84591247467847 9.831319686897944 9.81489797705791 9.804403989846916 9.792064191945986 9.777436640724437 9.775757170657226 9.776465031212565 -9999 -9999 -9999 -9999 -9999 -9999 -9999 -9999 -9999
9.731966888338727 9.738701408244406 9.746907727046052 9.756085662642812 9.76473055036631 9.774349195002552 9.786452947243722 9.79651787826963 9.805547139946464 9.812532037796458 9.821503006539551 9.830950416387545 9.839866518464733 9.846737183150966 9.849042030599469 9.851325239538424 9.856606361735944 9.862366157179514 9.866090014854572 9.869792454112368 9.873976396234305 9.877136163133352 9.880277648731933 9.883401669803304 9.88650905715638 9.889600655143411 9.892677321185099 9.88875736646917 9.88435176940658 9.87797972706144 9.872130003043486 9.865323053103292 9.847295107623243 9.834763809547333 9.822807874934425 9.812864883082858 9.799644033260591 9.800347830065048 9.80200805049425 -9999 -9999 -9999 -9999 -9999 -9999 -9999 -9999 -9999
9.742705069511977 9.74847264488252 9.760225130169921 9.76793226140398 9.778117620398806 9.784755333514699 9.79990808571183 9.806984637483986 9.818058326719939 9.827088707079742 9.835081529123222 9.844558072269145 9.854511874083833 9.861914422107747 9.865251952812063 9.866549847422997 9.872359118093815 9.879150173180983 9.883902266130896 9.888631215084793 9.891829360307979 9.895007953286235 9.898167807873964 9.901309752287982 9.90343275317714 9.90754329212431 9.90913649660181 9.90522959090731 9.903821042041484 9.897449734500345 9.891600944129575 9.884792934306354 9.868703775339993 9.853228761540125 9.843687225176387 9.832763446986364 9.82479830577477 9.825021056016274 9.820948598578314 -9999 -9999 -9999 -9999 -9999 -9999 -9999 -9999 -9999
9.759023178461657 9.763821078745682 9.773604319900343 9.783355328282427 9.792571658003975 9.801252894660436 9.808895881562519 9.821036161837304 9.830126693346232 9.83918677191104 9.850738874457475 9.857722164768735 9.869723893468539 9.8751333460964 9.881524587995415 9.883347694212487 9.889180950023404 9.895492232855384 9.903290197573067 9.906527894014731 9.909744749160106 9.912941574137289 9.915616827869304 9.917772839424673 9.918409939684832 9.920537478518863 9.92065209736014 9.921258274305579 9.91986432622873 9.917476745384493 9.911131415761112 9.904321620761566 9.891650191924223 9.874185662930365 9.865599793906783 9.855618293116509 9.849556712279364 9.848814900298782 9.844727089858152 -9999 -9999 -9999 -9999 -9999 -9999 -9999 -9999 -9999
9.77943219566557 9.785769455317183 9.792071803972025 9.800351708968533 9.808597495375357 9.816809543162492 9.82750646188113 9.838173045714024 9.84628752894428 9.856388116935424 9.865954109928037 9.875995568191657 9.882976237998834 9.890937639769817 9.898870104086292 9.903237453241221 9.90808363439809 9.91239952627663 9.921230845333199 9.924487156462435 9.927722126765488 9.930936579959459 9.931617396532399 9.932787220098952 9.933442341867282 9.935087425217 9.935719752719958 9.933848121497338 9.933968689628975 9.934083526050093 9.92972929149512 9.921932437186594 9.912208353152607 9.892762097810422 9.887578295857976 9.876121172892265 9.872947587945063 9.871237958204198 9.867138824766592 9.863066976974988 -9999 -9999 -9999 -9999 -9999 -9999 -9999 -9999
9.801435809295466 9.806292988569616 9.813636210718773 9.821448123854168 9.825191835498185 9.83848034127862 9.849216900464409 9.857396076657103 9.867057710743289 9.874665766376573 9.885274846828517 9.89281903791307 9.902861705945133 9.90933240011643 9.915773455022714 9.92269138285628 9.925536433719579 9.931893477576773 9.93923424675041 9.942508577007588 9.944248184808737 9.94748098482782 9.94666896986164 9.94785676942669 9.94953222118666 9.948689605333048 9.948341186604907 9.945492871854752 9.94563491133369 9.947261910676225 9.944413943114212 9.937618786018925 9.926427013526233 9.910902761317875 9.907670994288354 9.898138564800446 9.896410351674295 9.89662617724955 9.891542358674242 9.884571827780142 -9999 -9999 -9999 -9999 -9999 -9999 -9999 -9999
9.825551740214953 9.832966031326723 9.841355688186882 9.852747676627978 9.865121027848975 9.871882512653102 9.880130047767045 9.885300470451256 9.892464830698934 9.90213033054686 9.907199882095206 9.912744781224667 9.921804892354132 9.92627375592902 9.931726432403519 9.93866853922483 9.947100370704524 9.953478786659142 9.957299987069062 9.960591730518699 9.961337089070753 9.960051596969597 9.959261006187827 9.96247843377667 9.96417165683027 9.962844892971164 9.960514857317689 9.958186141698322 9.956357220778223 9.95701202587885 9.957659885607589 9.95236534099223 9.941676587338874 9.92713682240207 9.92782039101517 9.923628282653228 9.915575860140665 9.918218790991329 9.915055247492477 9.907097973989066 -9999 -9999 -9999 -9999 -9999 -9999 -9999 -9999
9.84875215687937 9.854678846458576 9.867673509384428 9.882162542346013 9.895605716230111 9.904941840417436 9.915771391730003 9.921468781309013 9.926113172031748 9.931233819666692 9.933270513350847 9.93578827790749 9.937771617188309 9.943277408133879 9.951794539125382 9.96078856944799 9.966202587337825 9.976152118872246 9.977453792050206 9.97823024576711 9.976464480450336 9.975699301342578 9.975427068501522 9.977655991158533 9.977358459818445 9.975549661716403 9.975737494100636 9.972923591825607 9.971606749702751 9.970288786435558 9.969962107520653 9.960735701592407 9.958942804912626 9.948808804962647 9.9460686992451 9.945293510185572 9.937222867357558 9.935988544312131 9.936215647660323 9.924867258175212 -9999 -9999 -9999 -9999 -9999 -9999 -9999 -9999
9.867976642809568 9.875968260535073 9.884938270065907 9.897941838678406 9.910913070952457 9.924362510782109 9.937781300034457 9.944525070870924 9.949701222114445 9.9533128463196 9.95740288463374 9.960443039915429 9.960403075483113 9.96542113043839 9.975489385125213 9.984001958874796 9.99146719756864 9.998394320071066 10.0037680513182 10.000995783030998 9.999736737627282 9.999478144391615 9.992655184605434 9.992383803129341 9.990094848706113 9.992311815983546 9.990510934629272 9.986214353759134 9.98640769420442 9.988085292325074 9.983302728379742 9.972117563140324 9.967391605159403 9.969068790477815 9.968777572902793 9.967508878581487 9.956494364176297 9.95428989238507 9.955007270447586 9.943163048776006 -9999 -9999 -9999 -9999 -9999 -9999 -9999 -9999
9.880657635307074 9.886140970366652 9.89972411306436 9.913784366068024 9.92781342574948 9.940278799811805 9.953221520621709 9.965108079083313 9.966217588746884 9.968831381333933 9.97396554236207 9.980086190776849 9.984134283651748 9.99018906662607 9.999268045980886 10.00627691913949 10.015292573059936 10.023258673446467 10.02711969989246 10.028920140576904 10.031715852024334 10.030937695109445 10.01952768093067 10.014210714879807 10.012926086736428 10.011133489507973 10.007335458441348 10.00454329472698 10.004744521760639 10.004938354556401 9.99916877756524 9.987986946838461 9.983760756151373 9.984465453645422 9.983694425542204 9.98439544646143 9.981673853379434 9.975557485171002 9.973360458952136 9.965853895271122 -9999 -9999 -9999 -9999 -9999 -9999 -9999 -9999
9.897979695425906 9.907059796701542 9.919158739370848 9.932241737536183 9.941713845632023 9.956257736033496 9.969235140212799 9.981154202285378 9.987914900496262 9.990033387962283 9.993655194847438 9.995713576424935 10.001313892646671 10.008410974516826 10.01853537017193 10.028627742382811 10.037667550848287 10.04463383293155 10.053611941952054 10.0574559747723 10.062294259107638 10.057942034112038 10.052578019623626 10.043177716225536 10.044403093724261 10.034536028466055 10.028722191147216 10.027427865489408 10.024132909426271 10.019848895988023 10.017564466830203 10.008352356937714 10.004120354598243 10.002365966737075 9.997181199462164 9.998875757149298 10.002522894293483 10.002251329980597 9.994190878028595 9.984729364102051 -9999 -9999 -9999 -9999 -9999 -9999 -9999 -9999
9.916389343389245 9.924484751858074 9.937133980753739 9.94616826160695 9.959762884983201 9.97332273314361 9.983774022843102 9.995211789014345 10.00456183136566 10.010798567133284 10.014438206569237 10.018556709386909 10.022131332849478 10.02873955967407 10.036846323286232 10.049008355769974 10.057048413751545 10.06556773162148 10.0745672990419 10.084559897872847 10.092476883566423 10.09065355582461 10.08270859417038 10.076817143340099 10.074990051990463 10.07214621790702 10.062245469185857 10.054897941438613 10.044076771013415 10.042781925609235 10.041983552415184 10.026296745702217 10.026018558875084 10.023765061220416 10.01611021212184 10.018791557947667 10.019504716698428 10.020706027008082 10.015074221968813 10.008018818382448 -9999 -9999 -9999 -9999 -9999 -9999 -9999 -9999
9.943568342539988 9.949137422508436 9.956200437051374 9.968852415546678 9.979928506467472 9.98993930390212 10.00555282100554 10.015484961006878 10.02332392019749 10.027531970288459 10.031192485697186 10.036355947985303 10.042508312117697 10.051696844857313 10.061362259164541 10.071505734028927 10.082128618554849 10.092719618055057 10.099177085576683 10.11073100695684 10.121230439885855 10.120931367196492 10.112949693020548 10.110084717087279 10.11230545478688 10.110440468814136 10.097425238655653 10.09759373741512 10.10532425152821 10.09840535193702 10.067974964633033 10.06068668360039 10.050951663798397 10.046210969518198 10.04346277672037 10.038758403935732 10.03996346047139 10.044107175175245 10.037475780135315 10.028937160506125 -9999 -9999 -9999 -9999 -9999 -9999 -9999 -9999
9.978061986546683 9.987767297517243 9.986115189927505 9.993162928396666 10.002222296081605 10.013294291607279 10.027925173816163 10.03583069598382 10.041124865343367 10.047408562999891 10.054167533285021 10.058321843722366 10.066032665157518 10.074219613551065 10.085962904593396 10.100241668980136 10.110377603878858 10.11534030065906 10.121812917738028 10.14007515548054 10.14853984264228 10.147207301044412 10.135617960990091 10.135813075686032 10.136503486720407 10.139726749586165 10.140892861409341 10.139502880152596 10.134051412959794 10.130130716803889 10.129749607447529 10.115778302053762 10.096891353898473 10.094061672056657 10.075856218357476 10.062717722386457 10.063425468113993 10.064622857726032 10.047219311133283 10.046006983638446 -9999 -9999 -9999 -9999 -9999 -9999 -9999 -9999
10.003429748122677 10.012139287362588 10.026999970144956 10.038720041323193 10.043161816727363 10.046531343428066 10.053472743535158 10.060372378576885 10.063623889668659 10.06735453381201 10.074649976749523 10.086537560829981 10.090152669047319 10.106595597296854 10.109618634193161 10.128051775698118 10.137696189630187 10.148337397435935 10.155851516243724 10.165395353591947 10.173876301038241 10.169964712897274 10.15989313485559 10.160598111016665 10.156685643833537 10.163490447376311 10.167206886960015 10.166315159092234 10.16389000478121 10.162478878993753 10.157013239715324 10.151059028317633 10.144622055148256 10.137708405311791 10.119836351819014 10.102093814637453 10.08547148515986 10.080760767917495 10.06285954411183 10.062139832478659 -9999 -9999 -9999 -9999 -9999 -9999 -9999 -9999
10.024242107301593 10.033501790962218 10.046854233251645 10.05861034946504 10.073431221234108 10.078881826907885 10.079633477977938 10.087071852167616 10.092917182249543 10.098722144452525 10.102422935876552 10.1091822940328 10.116418377319787 10.130321845297106 10.146774593894358 10.158027388231238 10.167693346738332 10.175772816544509 10.180717225899297 10.189245923539874 10.19980891728944 10.200527135731146 10.197618928571414 10.198303586956182 10.195376125625277 10.192956754250716 10.193089601547236 10.193209661197935 10.19025881138686 10.18679998203676 10.183345296265257 10.175847295529568 10.169891213435873 10.16747885764902 10.142021979722387 10.126723550323495 10.106091253728021 10.100382899757523 10.091269965567196 10.083680417298071 -9999 -9999 -9999 -9999 -9999 -9999 -9999 -9999
10.046687170209184 10.054943784035624 10.067299957568736 10.079610642727939 10.090319312889891 10.102539537412943 10.103818215117913 10.109206517992217 10.115071221996027 10.121412215760277 10.124609002327078 10.132420920236973 10.14794952098909 10.160855070709022 10.171133730709439 10.182410361532959 10.191059795234434 10.19915497651442 10.203073548213982 10.211099997522142 10.220645499325423 10.226019965550654 10.2236169216608 10.223781413993748 10.223414498070692 10.223033544850653 10.219562064802632 10.218137455688156 10.216194791956628 10.21118925443921 10.207211348186968 10.201719015504557 10.198266526605853 10.194821648663234 10.183334132813984 10.169905954479745 10.13468813736183 10.126468732654304 10.114852308878925 10.103803529949015 -9999 -9999 -9999 -9999 -9999 -9999 -9999 -9999
10.074934443780098 10.080101748028758 10.08885952350109 10.098088701922492 10.110388191858243 10.122641654976757 10.12757061597719 10.132457181670103 10.13522705597245 10.142106289319228 10.152571833151969 10.163513379547682 10.172857183312024 10.185791395715277 10.197648999622684 10.206353140560735 10.213462270825811 10.220016256488021 10.224461778598151 10.230947565423998 10.239989987804902 10.2479633371578 10.247107551629496 10.24778560577283 10.251540119684087 10.249601805317576 10.24714109939085 10.243649159362294 10.241181459805874 10.236156761910456 10.232161252941431 10.229697869283763 10.225713444614186 10.2181963795999 10.209701179625773 10.19321188906807 10.171345551288937 10.156099867959217 10.136030888953972 10.127406325827552 10.131566478212271 -9999 -9999 -9999 -9999 -9999 -9999 -9999
