output/Mappa_Temperature_20070102_0700.asc
NCOLS 153
NROWS 173
XLLCORNER 628082.1585431173
YLLCORNER 5141515.270487413
CELLSIZE 30.005356186399773
NODATA_VALUE -9999
[rows 126 to 146 of 173, columns 48 to 95 of 153]
-5.204261262377029 -5.204261262377029 -5.204261262377029 -5.204261262377029 -5.204261262377029 -5.204261262377029 -5.204261262377029 -5.204261262377029 -5.204261262377029 -5.204261262377029 -5.204261262377029 -5.204261262377029 -5.204261262377029 -5.204261262377029 -5.204261262377029 -5.204261262377029 -5.204261262377029 -5.204261262377029 -5.204261262377029 -5.204261262377029 -5.204261262377029 -5.204261262377029 -5.204261262377029 -5.204261262377029 -5.204261262377029 -5.204261262377029 -5.204261262377029 -5.204261262377029 -5.207789492640709 -5.214023384276132 -5.219187244872324 -5.223316629300858 -5.226369386893499 -5.228312878832957 -5.229125638821292 -5.228798526132617 -5.2273352314044645 -5.224752071352181 -5.221077098491975 -5.216348636056956 -5.21061340867217 -5.204261262377029 -5.204261262377029 -5.204261262377029 -5.204261262377029 -5.204261262377029 -5.204261262377029 -5.204261262377029
-5.204261262377029 -5.204261262377029 -5.204261262377029 -5.204261262377029 -5.204261262377029 -5.204261262377029 -5.204261262377029 -5.204261262377029 -5.204261262377029 -5.204261262377029 -5.204261262377029 -5.204261262377029 -5.204261262377029 -5.204261262377029 -5.204261262377029 -5.204261262377029 -5.204261262377029 -5.204261262377029 -5.204261262377029 -5.204261262377029 -5.204261262377029 -5.204261262377029 -5.204261262377029 -5.204261262377029 -5.204261262377029 -5.204261262377029 -5.2092862501849675 -5.217653367151752 -5.225122289093877 -5.2316256533146195 -5.237099230210191 -5.241484490131958 -5.244731313226029 -5.246800599604539 -5.247666495678503 -5.247317959347767 -5.2457594513295405 -5.243010654226971 -5.239105259645228 -5.234088992279492 -5.22801712777275 -5.220951792384289 -5.212959309598121 -5.204261262377029 -5.204261262377029 -5.204261262377029 -5.204261262377029 -5.204261262377029
-5.204261262377029 -5.204261262377029 -5.204261262377029 -5.204261262377029 -5.204261262377029 -5.204261262377029 -5.204261262377029 -5.204261262377029 -5.204261262377029 -5.204261262377029 -5.204261262377029 -5.204261262377029 -5.204261262377029 -5.204261262377029 -5.204261262377029 -5.204261262377029 -5.204261262377029 -5.204261262377029 -5.204261262377029 -5.204261262377029 -5.204261262377029 -5.204261262377029 -5.204261262377029 -5.204261262377029 -5.205370906021196 -5.215813377370423 -5.225484321669924 -5.234308781643254 -5.242208994980293 -5.249107084355227 -5.254927763810968 -5.259601555600522 -5.263068305010099 -5.265280661708679 -5.2662071138401 -5.265834153448836 -5.264167240937415 -5.261230412567495 -5.257064595065768 -5.251724893282264 -5.2452772464249104 -5.237794880897723 -5.229354933138465 -5.220035507594202 -5.209913312102914 -5.204261262377029 -5.204261262377029 -5.204261262377029
-5.204261262377029 -5.204261262377029 -5.204261262377029 -5.204261262377029 -5.204261262377029 -5.204261262377029 -5.204261262377029 -5.204261262377029 -5.204261262377029 -5.204261262377029 -5.204261262377029 -5.204261262377029 -5.204261262377029 -5.204261262377029 -5.204261262377029 -5.204261262377029 -5.204261262377029 -5.204261262377029 -5.204261262377029 -5.204261262377029 -5.204261262377029 -5.204261262377029 -5.204261262377029 -5.208568150613401 -5.220248286969477 -5.231214627510938 -5.241400449178933 -5.250726612049162 -5.259104453818227 -5.266443669802863 -5.2726555293492785 -5.277656903241434 -5.2813748545592505 -5.283751343844103 -5.284747439265489 -5.284346377252888 -5.282554939661516 -5.27940289230397 -5.274940589966727 -5.269235179303843 -5.26236602419109 -5.254420000118117 -5.24548718443583 -5.23565727651774 -5.225016885953156 -5.213647673384769 -5.204261262377029 -5.204261262377029
-5.204261262377029 -5.204261262377029 -5.204261262377029 -5.204261262377029 -5.204261262377029 -5.204261262377029 -5.204261262377029 -5.204261262377029 -5.204261262377029 -5.204261262377029 -5.204261262377029 -5.204261262377029 -5.204261262377029 -5.204261262377029 -5.204261262377029 -5.204261262377029 -5.204261262377029 -5.204261262377029 -5.204261262377029 -5.204261262377029 -5.204261262377029 -5.204261262377029 -5.209675136660377 -5.222517308971813 -5.23469049701445 -5.246237735081006 -5.256985394809911 -5.2668624558466846 -5.275770596941447 -5.2836048859819424 -5.290260211180315 -5.295636294229193 -5.2996437173300395 -5.302210368476427 -5.303287400268654 -5.302853661841488 -5.300917718511677 -5.297517026522565 -5.292714441794759 -5.286592786506624 -5.279248487105328 -5.2707852759330365 -5.261308695514512 -5.250921802053985 -5.239722156471577 -5.227799981174368 -5.21523725598734 -5.204261262377029
-5.204261262377029 -5.204261262377029 -5.204261262377029 -5.204261262377029 -5.204261262377029 -5.204261262377029 -5.204261262377029 -5.204261262377029 -5.204261262377029 -5.204261262377029 -5.204261262377029 -5.204261262377029 -5.204261262377029 -5.204261262377029 -5.204261262377029 -5.204261262377029 -5.204261262377029 -5.204261262377029 -5.204261262377029 -5.204261262377029 -5.204261262377029 -5.208641804502523 -5.22255518207289 -5.235927416351206 -5.248711944402081 -5.260827270212444 -5.272179191796353 -5.2826612129501855 -5.292158497707997 -5.3005506222473535 -5.307709189825087 -5.313520839366319 -5.317865175903324 -5.32065465812784 -5.321826899682487 -5.321354695525326 -5.31924907666753 -5.315558058427399 -5.310361399799659 -5.303762636107627 -5.295880079476685 -5.2868383302283535 -5.276761315192184 -5.2657672633117425 -5.253965557338629 -5.241455135674544 -5.228324032269467 -5.214649668398881
-5.204261262377029 -5.204261262377029 -5.204261262377029 -5.204261262377029 -5.204261262377029 -5.204261262377029 -5.204261262377029 -5.204261262377029 -5.204261262377029 -5.204261262377029 -5.204261262377029 -5.204261262377029 -5.204261262377029 -5.204261262377029 -5.204261262377029 -5.204261262377029 -5.204261262377029 -5.204261262377029 -5.204261262377029 -5.204261262377029 -5.2053052798899495 -5.220362936187118 -5.234796493375737 -5.248743849059003 -5.262150518823705 -5.2749022276824595 -5.286907829744484 -5.298053296418036 -5.308123255022662 -5.316909091584717 -5.324564485972096 -5.330901808982696 -5.336024917665319 -5.33907995170523 -5.340365802426989 -5.339847657799831 -5.3375400554494625 -5.333505894842577 -5.327848299122729 -5.3206986090488515 -5.312203433974925 -5.302513179067063 -5.291773375822228 -5.280119085922677 -5.2676719662140155 -5.254539306099816 -5.240814350015013 -5.226577350371004
-5.204261262377029 -5.204261262377029 -5.204261262377029 -5.204261262377029 -5.204261262377029 -5.204261262377029 -5.204261262377029 -5.204261262377029 -5.204261262377029 -5.204261262377029 -5.204261262377029 -5.204261262377029 -5.204261262377029 -5.204261262377029 -5.204261262377029 -5.204261262377029 -5.204261262377029 -5.204261262377029 -5.204261262377029 -5.204261262377029 -5.215928313694697 -5.231372469984796 -5.246341364018168 -5.260909537633857 -5.274947866452404 -5.288360992386569 -5.300964308470765 -5.312568103424021 -5.32335283037902 -5.332974125014841 -5.341359391415637 -5.34823714575574 -5.3537944206729975 -5.357462513103867 -5.358903915029062 -5.358329946634081 -5.355777967450027 -5.351332514653517 -5.345129818416189 -5.337339153980149 -5.328143915691299 -5.31772619031132 -5.306256350146331 -5.293887398756306 -5.280752928560587 -5.266967407797277 -5.252627743614736 -5.237815394010077
-5.204261262377029 -5.204261262377029 -5.204261262377029 -5.204261262377029 -5.204261262377029 -5.204261262377029 -5.204261262377029 -5.204261262377029 -5.204261262377029 -5.204261262377029 -5.204261262377029 -5.204261262377029 -5.204261262377029 -5.204261262377029 -5.204261262377029 -5.204261262377029 -5.204261262377029 -5.204261262377029 -5.204261262377029 -5.208545929311635 -5.225627378371395 -5.241602905866079 -5.257147641291343 -5.272316167436845 -5.286942439896402 -5.300948554547053 -5.313801918242411 -5.326171921646697 -5.337934586843542 -5.348357197492189 -5.357999821727831 -5.366034324291259 -5.371877936044566 -5.375722905960275 -5.377420981178066 -5.376797709737081 -5.3739442566596995 -5.368997754487913 -5.362142672046765 -5.353600844810388 -5.343603493315764 -5.3323709106587485 -5.320100910548789 -5.306964318496461 -5.293104998814046 -5.278642270441828 -5.263674262501705 -5.248281380396975
-5.204261262377029 -5.204261262377029 -5.204261262377029 -5.204261262377029 -5.204261262377029 -5.204261262377029 -5.204261262377029 -5.204261262377029 -5.204261262377029 -5.204261262377029 -5.204261262377029 -5.204261262377029 -5.204261262377029 -5.204261262377029 -5.204261262377029 -5.204261262377029 -5.204261262377029 -5.204261262377029 -5.204261262377029 -5.217331520895314 -5.2341859495714695 -5.250707775370557 -5.266945305765943 -5.282602857296197 -5.2973666904736465 -5.3115198476084595 -5.32515924454393 -5.338417006837725 -5.3514280364786835 -5.363912939253174 -5.374436332087331 -5.383336251892654 -5.389859464596892 -5.393890427210218 -5.395736658723523 -5.395243581090683 -5.392010719591679 -5.386442202897185 -5.378796399368565 -5.369368882792313 -5.35845242425057 -5.3463116811755285 -5.333172585913121 -5.319221380692275 -5.304608534841301 -5.289454387284346 -5.273854835069763 -5.257886349674368
-5.204261262377029 -5.204261262377029 -5.204261262377029 -5.204261262377029 -5.204261262377029 -5.204261262377029 -5.204261262377029 -5.204261262377029 -5.204261262377029 -5.204261262377029 -5.204261262377029 -5.204261262377029 -5.204261262377029 -5.204261262377029 -5.204261262377029 -5.204261262377029 -5.204261262377029 -5.204261262377029 -5.20755797840063 -5.225048878678597 -5.242217304887162 -5.259156168075036 -5.275806896488005 -5.291824019335706 -5.306837915969768 -5.3211324543703045 -5.335517560255194 -5.349635329027359 -5.363417949626007 -5.3771136035175005 -5.389629410613276 -5.39962566622491 -5.407174074127579 -5.4123549810651275 -5.414483367258832 -5.413603234024843 -5.409932444409918 -5.403574737277836 -5.394958486563676 -5.384483172204097 -5.372518345619031 -5.359376295495904 -5.345307576642583 -5.330507730204201 -5.3151274797164865 -5.299282656820301 -5.283062520159118 -5.266536267621995
-5.204261262377029 -5.204261262377029 -5.204261262377029 -5.204261262377029 -5.204261262377029 -5.204261262377029 -5.204261262377029 -5.204261262377029 -5.204261262377029 -5.204261262377029 -5.204261262377029 -5.204261262377029 -5.204261262377029 -5.204261262377029 -5.204261262377029 -5.204261262377029 -5.204261262377029 -5.204261262377029 -5.213609504695917 -5.231447207234931 -5.249186924831731 -5.266350768722832 -5.283334631990541 -5.299256287982938 -5.315005869743046 -5.330579957697967 -5.345935137680899 -5.36091835126063 -5.374982531581703 -5.387847400611079 -5.400421298235218 -5.412054799565237 -5.4235097937119985 -5.4297913353686535 -5.4319165317445215 -5.431333950301636 -5.427633697518994 -5.420249750813889 -5.410430111812017 -5.3987184527360705 -5.385572973685811 -5.37134873579011 -5.356309924849145 -5.340650096183386 -5.324510886977332 -5.30799662317456 -5.291184960063 -5.274134415719394
-5.204261262377029 -5.204261262377029 -5.204261262377029 -5.204261262377029 -5.204261262377029 -5.204261262377029 -5.204261262377029 -5.204261262377029 -5.204261262377029 -5.204261262377029 -5.204261262377029 -5.204261262377029 -5.204261262377029 -5.204261262377029 -5.204261262377029 -5.204261262377029 -5.204261262377029 -5.204261262377029 -5.2187114129784 -5.236996229752305 -5.255080758215816 -5.272568586094049 -5.289447077407463 -5.306196357983594 -5.321182948862068 -5.336680954712821 -5.353134120725775 -5.369778619196422 -5.386489739874229 -5.3994235189404645 -5.41365080206358 -5.425980385504252 -5.437173739632098 -5.442878665676218 -5.4465961045696085 -5.448342152336914 -5.444975115757746 -5.436223964367568 -5.4249071178463675 -5.411757963676211 -5.397318422272129 -5.381964534364865 -5.365952169843034 -5.349456033144969 -5.3325971073364515 -5.315460732563898 -5.298108297172788 -5.280584816062833
-5.204261262377029 -5.204261262377029 -5.204261262377029 -5.204261262377029 -5.204261262377029 -5.204261262377029 -5.204261262377029 -5.204261262377029 -5.204261262377029 -5.204261262377029 -5.204261262377029 -5.204261262377029 -5.204261262377029 -5.204261262377029 -5.204261262377029 -5.204261262377029 -5.204261262377029 -5.204261262377029 -5.222446087158598 -5.241022801334883 -5.259011180372575 -5.277147264095133 -5.293365733297373 -5.30838467437024 -5.324557628602686 -5.3412983387736634 -5.358057939081546 -5.375235767856766 -5.394362540710793 -5.4115720629553525 -5.426489995802226 -5.439821505156847 -5.450780451003786 -5.4582774545474475 -5.461760319200419 -5.464796172217056 -5.461689384471589 -5.451073011437391 -5.437921339183127 -5.423164708874291 -5.407379211002672 -5.390913654516962 -5.373982621022435 -5.3567221693004905 -5.339221491045671 -5.3215263318912625 -5.303668745907932 -5.285702230381149
-5.204261262377029 -5.204261262377029 -5.204261262377029 -5.204261262377029 -5.204261262377029 -5.204261262377029 -5.204261262377029 -5.204261262377029 -5.204261262377029 -5.204261262377029 -5.204261262377029 -5.204261262377029 -5.204261262377029 -5.204261262377029 -5.204261262377029 -5.204261262377029 -5.204261262377029 -5.205040461799037 -5.224806514442926 -5.24294959170366 -5.261522111031731 -5.277500002017285 -5.293536199673502 -5.310058069403873 -5.328351424952839 -5.34580503603583 -5.361535545488459 -5.379233887854996 -5.3989932724373 -5.417531775526505 -5.432937394370376 -5.445180363238376 -5.4624633250741645 -5.476118411748097 -5.483583544652678 -5.482041766258871 -5.477168206161807 -5.464037540319037 -5.448770331167477 -5.43236721866711 -5.415312771303356 -5.3978581301775455 -5.3801426731831645 -5.3622488022345305 -5.344227947995401 -5.326080066266453 -5.307859387963438 -5.289575299223952
-5.204261262377029 -5.204261262377029 -5.204261262377029 -5.204261262377029 -5.204261262377029 -5.204261262377029 -5.204261262377029 -5.204261262377029 -5.204261262377029 -5.204261262377029 -5.204261262377029 -5.204261262377029 -5.204261262377029 -5.204261262377029 -5.204261262377029 -5.204261262377029 -5.204261262377029 -5.205070341334042 -5.225073361632742 -5.243414199282711 -5.26081784776271 -5.277133295552919 -5.293200241540314 -5.310453471196458 -5.328504481556226 -5.346653965524257 -5.36279169634642 -5.3805045951224635 -5.3993422883134405 -5.416826828803374 -5.436380674048489 -5.459433054734947 -5.477786280188682 -5.49491073977828 -5.50445207259403 -5.501918417619807 -5.489845246524567 -5.473807813094898 -5.456494648153233 -5.438699643113589 -5.420656888684978 -5.402469655182514 -5.384184005576308 -5.365693582176487 -5.346932281232083 -5.328484411398152 -5.309966076431226 -5.291615032996374
-5.204261262377029 -5.204261262377029 -5.204261262377029 -5.204261262377029 -5.204261262377029 -5.204261262377029 -5.204261262377029 -5.204261262377029 -5.204261262377029 -5.204261262377029 -5.204261262377029 -5.204261262377029 -5.204261262377029 -5.204261262377029 -5.204261262377029 -5.204261262377029 -5.204261262377029 -5.2045632379727 -5.224077747356633 -5.241607141589536 -5.2599680742788175 -5.276121577986936 -5.293394524987974 -5.311042165633697 -5.327661085915973 -5.343385380283995 -5.360973650206079 -5.380599221065784 -5.398422370314187 -5.424167964015368 -5.4471635423326665 -5.467671612887438 -5.4874935585602 -5.506100207855382 -5.524240619176332 -5.5150177038723625 -5.496970325091623 -5.4785465644408315 -5.460057651870842 -5.441546385132748 -5.4230243223263335 -5.404441651871856 -5.385488039311703 -5.3661593703856045 -5.347048109349137 -5.328835776028445 -5.310561282048267 -5.292351194852369
-5.204261262377029 -5.204261262377029 -5.204261262377029 -5.204261262377029 -5.204261262377029 -5.204261262377029 -5.204261262377029 -5.204261262377029 -5.204261262377029 -5.204261262377029 -5.204261262377029 -5.204261262377029 -5.204261262377029 -5.204261262377029 -5.204261262377029 -5.204261262377029 -5.204261262377029 -5.204261262377029 -5.220903900778327 -5.2396315796965585 -5.254729781757701 -5.272013479251738 -5.289934545678372 -5.307086801156453 -5.323996658236819 -5.342417659784393 -5.360462411638944 -5.383938073657354 -5.407820390525569 -5.428352300852357 -5.449802880194616 -5.468784901294835 -5.487040627273575 -5.503889836496441 -5.515293671940479 -5.510201282110497 -5.494470338626863 -5.4769002945972485 -5.458824629338305 -5.4404396061885745 -5.421823189244139 -5.4031458087571 -5.3844779527833655 -5.3644463169510646 -5.345156105294462 -5.327063413616029 -5.30889458901859 -5.290666938912268
-5.204261262377029 -5.204261262377029 -5.204261262377029 -5.204261262377029 -5.204261262377029 -5.204261262377029 -5.204261262377029 -5.204261262377029 -5.204261262377029 -5.204261262377029 -5.204261262377029 -5.204261262377029 -5.204261262377029 -5.204261262377029 -5.204261262377029 -5.204261262377029 -5.204261262377029 -5.204261262377029 -5.2152176276723665 -5.2321021726013655 -5.250169315855036 -5.267740859593645 -5.284266352436288 -5.302178497946163 -5.320453763910722 -5.343486081742679 -5.362429731432481 -5.387714771506706 -5.408069809268701 -5.427186011329025 -5.445631048672913 -5.462556980655852 -5.477989398056611 -5.490731094292283 -5.497669022299576 -5.494721181215944 -5.483870914240255 -5.468773374216133 -5.452424825810521 -5.434931844162366 -5.416471125853167 -5.398348478500402 -5.379836519343893 -5.3597857688058115 -5.3410592200725215 -5.322416109034567 -5.30452875589116 -5.286778509356397
-5.204261262377029 -5.204261262377029 -5.204261262377029 -5.204261262377029 -5.204261262377029 -5.204261262377029 -5.204261262377029 -5.204261262377029 -5.204261262377029 -5.204261262377029 -5.204261262377029 -5.204261262377029 -5.204261262377029 -5.204261262377029 -5.204261262377029 -5.204261262377029 -5.204261262377029 -5.204261262377029 -5.208499234822301 -5.225322392402955 -5.243485681730465 -5.26133520993616 -5.279765238080021 -5.301971406738568 -5.324220008759898 -5.345067155975043 -5.364084092646831 -5.385042828335282 -5.403619317893371 -5.420721376504704 -5.436904407891898 -5.45181864386657 -5.464517710729168 -5.474160578145383 -5.479143333773913 -5.477341394040726 -5.468875877076482 -5.456040428842644 -5.440659157572955 -5.424489721508287 -5.407495187657503 -5.3896542650273 -5.371944989559964 -5.353181981701161 -5.333346472495851 -5.315815356438188 -5.298436394116053 -5.280596203794339
-5.204261262377029 -5.204261262377029 -5.204261262377029 -5.204261262377029 -5.204261262377029 -5.204261262377029 -5.204261262377029 -5.204261262377029 -5.204261262377029 -5.204261262377029 -5.204261262377029 -5.204261262377029 -5.204261262377029 -5.204261262377029 -5.204261262377029 -5.204261262377029 -5.204261262377029 -5.204261262377029 -5.204261262377029 -5.218421462122643 -5.23508006372176 -5.256077822973119 -5.281428917855808 -5.302628221123815 -5.323274595996447 -5.342857974523862 -5.361351180616083 -5.378804895396535 -5.39502147786092 -5.41040244354862 -5.42458286739408 -5.437992530184824 -5.4487970107653245 -5.457206639251244 -5.460403864188466 -5.457674334589495 -5.450040495212079 -5.439213827895216 -5.425485245262121 -5.41049606033372 -5.395019483234361 -5.378564984869966 -5.361566026110022 -5.342791691181479 -5.3230577621906825 -5.305839838761162 -5.289558647723882 -5.2715335974064645
