output/Mappa_Temperature_20070101_1900.asc
NCOLS 153
NROWS 173
XLLCORNER 628082.1585431173
YLLCORNER 5141515.270487413
CELLSIZE 30.005356186399773
NODATA_VALUE -9999
[rows 126 to 146 of 173, columns 46 to 91 of 153]
-2.9966159620614943 -2.9966159620614943 -2.9966159620614943 -2.9966159620614943 -2.9966159620614943 -2.9966159620614943 -2.9966159620614943 -2.9966159620614943 -2.9966159620614943 -2.9966159620614943 -2.9966159620614943 -2.9966159620614943 -2.9966159620614943 -2.9966159620614943 -2.9966159620614943 -2.9966159620614943 -2.9966159620614943 -2.9966159620614943 -2.9966159620614943 -2.9966159620614943 -2.9966159620614943 -2.9966159620614943 -2.9966159620614943 -2.9966159620614943 -2.9966159620614943 -2.9966159620614943 -2.9966159620614943 -2.9966159620614943 -2.9966159620614943 -2.9966159620614943 -2.997126716920844 -2.9980291496441978 -2.99877668217337 -2.9993744615146776 -2.9998163858388684 -3.000097730274466 -3.000215387310005 -3.000168033712646 -2.999956203747702 -2.999582259461026 -2.9990502618004258 -2.998365758526701 -2.997535513605777 -2.9966159620614943 -2.9966159620614943 -2.9966159620614943
-2.9966159620614943 -2.9966159620614943 -2.9966159620614943 -2.9966159620614943 -2.9966159620614943 -2.9966159620614943 -2.9966159620614943 -2.9966159620614943 -2.9966159620614943 -2.9966159620614943 -2.9966159620614943 -2.9966159620614943 -2.9966159620614943 -2.9966159620614943 -2.9966159620614943 -2.9966159620614943 -2.9966159620614943 -2.9966159620614943 -2.9966159620614943 -2.9966159620614943 -2.9966159620614943 -2.9966159620614943 -2.9966159620614943 -2.9966159620614943 -2.9966159620614943 -2.9966159620614943 -2.9966159620614943 -2.9966159620614943 -2.997343391041257 -2.998554634449475 -2.999635853046608 -3.000577295251238 -3.0013696630357956 -3.0020044835115516 -3.002474501211308 -3.0027740559439167 -3.0028994050834052 -3.0028489501495463 -3.0026233368861956 -3.0022254145929836 -3.0016600605454187 -3.0009338939572454 -3.0000549166597423 -2.9990321221954055 -2.9978751117067923 -2.9966159620614943
-2.9966159620614943 -2.9966159620614943 -2.9966159620614943 -2.9966159620614943 -2.9966159620614943 -2.9966159620614943 -2.9966159620614943 -2.9966159620614943 -2.9966159620614943 -2.9966159620614943 -2.9966159620614943 -2.9966159620614943 -2.9966159620614943 -2.9966159620614943 -2.9966159620614943 -2.9966159620614943 -2.9966159620614943 -2.9966159620614943 -2.9966159620614943 -2.9966159620614943 -2.9966159620614943 -2.9966159620614943 -2.9966159620614943 -2.9966159620614943 -2.9966159620614943 -2.9966159620614943 -2.9967765966689455 -2.9982882732281997 -2.9996882617284792 -3.000965711179247 -3.0021093645267523 -3.0031079480672727 -3.0039505632297105 -3.004627152253018 -3.0051290070002334 -3.005449272926766 -3.005583388302667 -3.0055293976847253 -3.005288091533566 -3.0048629493946164 -3.0042598959164777 -3.003486908206044 -3.002553531777165 -3.001470367055239 -3.0002485804912777 -2.9988994786675987
-2.9966159620614943 -2.9966159620614943 -2.9966159620614943 -2.9966159620614943 -2.9966159620614943 -2.9966159620614943 -2.9966159620614943 -2.9966159620614943 -2.9966159620614943 -2.9966159620614943 -2.9966159620614943 -2.9966159620614943 -2.9966159620614943 -2.9966159620614943 -2.9966159620614943 -2.9966159620614943 -2.9966159620614943 -2.9966159620614943 -2.9966159620614943 -2.9966159620614943 -2.9966159620614943 -2.9966159620614943 -2.9966159620614943 -2.9966159620614943 -2.9966159620614943 -2.9972394372688953 -2.9989302811072847 -3.00051779419522 -3.0019923175467635 -3.003342394681499 -3.0045551906371597 -3.0056176326967288 -3.0065168760033805 -3.0072408865775078 -3.0077791059000827 -3.008123132043424 -3.008267329144756 -3.0082092704704255 -3.0079499377776453 -3.0074936400350234 -3.0068476667191337 -3.006021738136567 -3.0050273431874626 -3.003877058170758 -3.0025839228943045 -3.0011609224490603
-2.9966159620614943 -2.9966159620614943 -2.9966159620614943 -2.9966159620614943 -2.9966159620614943 -2.9966159620614943 -2.9966159620614943 -2.9966159620614943 -2.9966159620614943 -2.9966159620614943 -2.9966159620614943 -2.9966159620614943 -2.9966159620614943 -2.9966159620614943 -2.9966159620614943 -2.9966159620614943 -2.9966159620614943 -2.9966159620614943 -2.9966159620614943 -2.9966159620614943 -2.9966159620614943 -2.9966159620614943 -2.9966159620614943 -2.9966159620614943 -2.997399687156365 -2.9992587500356302 -3.0010209691885494 -3.002692574359928 -3.0042484307023303 -3.005678257143244 -3.0069678204687396 -3.0081019304609886 -3.0090653708919106 -3.0098436252393532 -3.010423749173811 -3.010795303592684 -3.010951217232227 -3.0108884282437547 -3.0106081765625308 -3.010115884441897 -3.0094206510518253 -3.008534465924432 -3.007471287977583 -3.006246133747583 -3.004874281816992 -3.0033706508428084
-2.9966159620614943 -2.9966159620614943 -2.9966159620614943 -2.9966159620614943 -2.9966159620614943 -2.9966159620614943 -2.9966159620614943 -2.9966159620614943 -2.9966159620614943 -2.9966159620614943 -2.9966159620614943 -2.9966159620614943 -2.9966159620614943 -2.9966159620614943 -2.9966159620614943 -2.9966159620614943 -2.9966159620614943 -2.9966159620614943 -2.9966159620614943 -2.9966159620614943 -2.9966159620614943 -2.9966159620614943 -2.9966159620614943 -2.997250099578033 -2.999264232634261 -3.001200028522739 -3.0030507466841114 -3.0048045895650524 -3.006447920265897 -3.0079653221473035 -3.009340171286442 -3.0105550348493093 -3.0115913258232765 -3.012432633794185 -3.013061530105113 -3.0134653420716675 -3.0136350384989496 -3.013566681121499 -3.01326186681427 -3.012727546386972 -3.0119752659380916 -3.0110200134830256 -3.0098789161615684 -3.008570011407488 -3.0071112391582773 -3.0055197145121366
-2.9966159620614943 -2.9966159620614943 -2.9966159620614943 -2.9966159620614943 -2.9966159620614943 -2.9966159620614943 -2.9966159620614943 -2.9966159620614943 -2.9966159620614943 -2.9966159620614943 -2.9966159620614943 -2.9966159620614943 -2.9966159620614943 -2.9966159620614943 -2.9966159620614943 -2.9966159620614943 -2.9966159620614943 -2.9966159620614943 -2.9966159620614943 -2.9966159620614943 -2.9966159620614943 -2.9966159620614943 -2.996767096476804 -2.998946877995992 -3.001036313469552 -3.003055365276816 -3.0049961461267887 -3.006842113305206 -3.0085800723198837 -3.010193516125367 -3.0116512668690527 -3.0129231251045363 -3.014031337888677 -3.014948743579645 -3.015690376766563 -3.0161326306345835 -3.0163187733904246 -3.0162437655631598 -3.0159097116534634 -3.0153257171351395 -3.0145067103554766 -3.0134717045097195 -3.0122419231106097 -3.010839139161531 -3.009284420142128 -3.0075973178971944
-2.9966159620614943 -2.9966159620614943 -2.9966159620614943 -2.9966159620614943 -2.9966159620614943 -2.9966159620614943 -2.9966159620614943 -2.9966159620614943 -2.9966159620614943 -2.9966159620614943 -2.9966159620614943 -2.9966159620614943 -2.9966159620614943 -2.9966159620614943 -2.9966159620614943 -2.9966159620614943 -2.9966159620614943 -2.9966159620614943 -2.9966159620614943 -2.9966159620614943 -2.9966159620614943 -2.9966159620614943 -2.9983049116791376 -3.0005406438406568 -3.002707575927081 -3.004816498789256 -3.006848720080212 -3.008790435540364 -3.0106149210339006 -3.012294713512389 -3.01385593579307 -3.0152487368919925 -3.016462607654696 -3.0174582474480474 -3.0182627315538504 -3.0187937331874197 -3.019002393899036 -3.0189193048926675 -3.018549874421352 -3.0179063402843638 -3.017008423479753 -3.0158806286872046 -3.0145495045008768 -3.013041410225967 -3.011381009355717 -3.0095904510430778
-2.9966159620614943 -2.9966159620614943 -2.9966159620614943 -2.9966159620614943 -2.9966159620614943 -2.9966159620614943 -2.9966159620614943 -2.9966159620614943 -2.9966159620614943 -2.9966159620614943 -2.9966159620614943 -2.9966159620614943 -2.9966159620614943 -2.9966159620614943 -2.9966159620614943 -2.9966159620614943 -2.9966159620614943 -2.9966159620614943 -2.9966159620614943 -2.9966159620614943 -2.9966159620614943 -2.997236220461314 -2.9997089709509464 -3.002021625649988 -3.0042719178821926 -3.0064677491797616 -3.0085850825663663 -3.010612640459084 -3.0124733234292416 -3.0142640340339226 -3.01596682494019 -3.017475626418009 -3.018871515239652 -3.0200346086094334 -3.020880543504866 -3.021437150336544 -3.021682967673913 -3.021592741443368 -3.0211796689066333 -3.020463601690998 -3.0194712439347295 -3.0182347090595467 -3.0167874690908008 -3.0151614141719363 -3.0133851802778735 -3.011483496508786
-2.9966159620614943 -2.9966159620614943 -2.9966159620614943 -2.9966159620614943 -2.9966159620614943 -2.9966159620614943 -2.9966159620614943 -2.9966159620614943 -2.9966159620614943 -2.9966159620614943 -2.9966159620614943 -2.9966159620614943 -2.9966159620614943 -2.9966159620614943 -2.9966159620614943 -2.9966159620614943 -2.9966159620614943 -2.9966159620614943 -2.9966159620614943 -2.9966159620614943 -2.9966159620614943 -2.998508043233156 -3.0009479297214474 -3.003339667839878 -3.005690250691199 -3.007956874446439 -3.0100941214440815 -3.012142965550484 -3.014117436529639 -3.0160366611860887 -3.017920168247034 -3.019727511953099 -3.0212509028956442 -3.0225392760880627 -3.023483591605553 -3.024067123174855 -3.024334387963837 -3.024263008893258 -3.0237950123066346 -3.0229889008148847 -3.021882076425873 -3.020517327091766 -3.018937035038692 -3.0171795126951118 -3.0152774665554807 -3.013257857480158
-2.9966159620614943 -2.9966159620614943 -2.9966159620614943 -2.9966159620614943 -2.9966159620614943 -2.9966159620614943 -2.9966159620614943 -2.9966159620614943 -2.9966159620614943 -2.9966159620614943 -2.9966159620614943 -2.9966159620614943 -2.9966159620614943 -2.9966159620614943 -2.9966159620614943 -2.9966159620614943 -2.9966159620614943 -2.9966159620614943 -2.9966159620614943 -2.9966159620614943 -2.997093202378343 -2.9996252259833134 -3.002110567488292 -3.0045626769138414 -3.006973075275938 -3.009291751415506 -3.011465198183589 -3.013534508972461 -3.015616930522046 -3.0176606517263598 -3.01965585609775 -3.0216384709653457 -3.02345028845319 -3.0248973697793504 -3.0259900949499072 -3.0267400951472982 -3.027048205307286 -3.026920795163236 -3.026389403079001 -3.025469046534965 -3.024221737943189 -3.0227053069529943 -3.020973250691666 -3.019070776799492 -3.0170341561760727 -3.014891695814605
-2.9966159620614943 -2.9966159620614943 -2.9966159620614943 -2.9966159620614943 -2.9966159620614943 -2.9966159620614943 -2.9966159620614943 -2.9966159620614943 -2.9966159620614943 -2.9966159620614943 -2.9966159620614943 -2.9966159620614943 -2.9966159620614943 -2.9966159620614943 -2.9966159620614943 -2.9966159620614943 -2.9966159620614943 -2.9966159620614943 -2.9966159620614943 -2.9966159620614943 -2.997969235468821 -3.000551462979665 -3.003119505961259 -3.005604184119251 -3.0080628078615383 -3.010367663996003 -3.012647610262415 -3.01490215163542 -3.0171250033787507 -3.0192940083961752 -3.0213299720110576 -3.023192320520256 -3.0250125473287577 -3.0266966401717763 -3.028354891897727 -3.029264222549521 -3.0295718709440225 -3.029487535092708 -3.0289518778514495 -3.027882960468239 -3.026461446575306 -3.024766039434315 -3.022863069162635 -3.020803935239152 -3.0186268818177684 -3.0163599284190687
-2.9966159620614943 -2.9966159620614943 -2.9966159620614943 -2.9966159620614943 -2.9966159620614943 -2.9966159620614943 -2.9966159620614943 -2.9966159620614943 -2.9966159620614943 -2.9966159620614943 -2.9966159620614943 -2.9966159620614943 -2.9966159620614943 -2.9966159620614943 -2.9966159620614943 -2.9966159620614943 -2.9966159620614943 -2.9966159620614943 -2.9966159620614943 -2.9966159620614943 -2.9987077996362657 -3.001354752448774 -3.003972711057342 -3.006504289894544 -3.008947659746448 -3.0113723247500226 -3.013541818673109 -3.015785346222884 -3.0181671449902003 -3.0205766414912847 -3.0229957823787865 -3.024868106465982 -3.026927681223702 -3.0287125405399817 -3.0303329166452735 -3.0311587750733002 -3.0316969202161173 -3.0319496821718754 -3.0314622620870457 -3.030195424958113 -3.0285571718053252 -3.026653669514697 -3.024563367752121 -3.0223407030526825 -3.020022715739492 -3.0176346964353677
-2.9966159620614943 -2.9966159620614943 -2.9966159620614943 -2.9966159620614943 -2.9966159620614943 -2.9966159620614943 -2.9966159620614943 -2.9966159620614943 -2.9966159620614943 -2.9966159620614943 -2.9966159620614943 -2.9966159620614943 -2.9966159620614943 -2.9966159620614943 -2.9966159620614943 -2.9966159620614943 -2.9966159620614943 -2.9966159620614943 -2.9966159620614943 -2.9966159620614943 -2.9992484397994845 -3.001937648362199 -3.004541688155164 -3.00716711002353 -3.0095149335319764 -3.0116891105448143 -3.0140303451998522 -3.016453769531549 -3.018879928443611 -3.0213666310861127 -3.0241354674286476 -3.0266267580918496 -3.0287863129178056 -3.0307162133711456 -3.0323026559858217 -3.033387939741228 -3.0338921273687407 -3.0343316045469995 -3.0338818586916045 -3.03234500771798 -3.0304411409036143 -3.028304936610066 -3.026019791043406 -3.023636198602296 -3.0211852226214515 -3.018686559288068
-2.9966159620614943 -2.9966159620614943 -2.9966159620614943 -2.9966159620614943 -2.9966159620614943 -2.9966159620614943 -2.9966159620614943 -2.9966159620614943 -2.9966159620614943 -2.9966159620614943 -2.9966159620614943 -2.9966159620614943 -2.9966159620614943 -2.9966159620614943 -2.9966159620614943 -2.9966159620614943 -2.9966159620614943 -2.9966159620614943 -2.9966159620614943 -2.996728760791011 -2.999590140770089 -3.0022165750393883 -3.004905176346073 -3.00721817318958 -3.009539610643011 -3.0119313551210376 -3.0145795440265792 -3.0171061695605292 -3.019383354875137 -3.021945408281691 -3.024805822976587 -3.0274895000130293 -3.0297196534037587 -3.0314919741920563 -3.0339938961421296 -3.0359706384044953 -3.037051308491698 -3.0368281170478792 -3.0361226090974673 -3.0342217832203238 -3.0320116663401517 -3.029637113436308 -3.0271682717753006 -3.0246414971299465 -3.022076966169863 -3.019486607588762
-2.9966159620614943 -2.9966159620614943 -2.9966159620614943 -2.9966159620614943 -2.9966159620614943 -2.9966159620614943 -2.9966159620614943 -2.9966159620614943 -2.9966159620614943 -2.9966159620614943 -2.9966159620614943 -2.9966159620614943 -2.9966159620614943 -2.9966159620614943 -2.9966159620614943 -2.9966159620614943 -2.9966159620614943 -2.9966159620614943 -2.9966159620614943 -2.9967330862223394 -2.9996287701929765 -3.0022838327184376 -3.0048032255492045 -3.0071650879047125 -3.00949097655843 -3.011988594408687 -3.0146017008582144 -3.0172290625774405 -3.0195651982092806 -3.0221293588356977 -3.0248563473305587 -3.0273874502777476 -3.030218110617794 -3.0335552271253032 -3.036212082938194 -3.03869105973265 -3.0400722853716036 -3.039705507555732 -3.037957767089878 -3.0356361507429956 -3.033129856520722 -3.030553809999683 -3.027941898698042 -3.0253090722679845 -3.022661998892727 -3.0199852819844963
-2.9966159620614943 -2.9966159620614943 -2.9966159620614943 -2.9966159620614943 -2.9966159620614943 -2.9966159620614943 -2.9966159620614943 -2.9966159620614943 -2.9966159620614943 -2.9966159620614943 -2.9966159620614943 -2.9966159620614943 -2.9966159620614943 -2.9966159620614943 -2.9966159620614943 -2.9966159620614943 -2.9966159620614943 -2.9966159620614943 -2.9966159620614943 -2.9966596767545197 -2.9994846427433624 -3.0020222388232174 -3.0046802103535364 -3.0070186293052164 -3.0095191014844045 -3.0120738151913504 -3.0144796089341037 -3.016755894538536 -3.0193020136007673 -3.022143057108422 -3.024723177850901 -3.0284501701691564 -3.0317790638329463 -3.034747860059089 -3.0376173312436596 -3.0403108732841515 -3.042936921625779 -3.0416017908500517 -3.038989210116387 -3.0363221434635133 -3.0336456452665406 -3.030965911027947 -3.0282846139252664 -3.0255945431177977 -3.022850773864125 -3.020052710574316
-2.9966159620614943 -2.9966159620614943 -2.9966159620614943 -2.9966159620614943 -2.9966159620614943 -2.9966159620614943 -2.9966159620614943 -2.9966159620614943 -2.9966159620614943 -2.9966159620614943 -2.9966159620614943 -2.9966159620614943 -2.9966159620614943 -2.9966159620614943 -2.9966159620614943 -2.9966159620614943 -2.9966159620614943 -2.9966159620614943 -2.9966159620614943 -2.9966159620614943 -2.9990251892945894 -3.0017362518661934 -3.0039219028849433 -3.0064239313306254 -3.009018226792684 -3.0115012273849255 -3.0139491378185586 -3.016615805057202 -3.019228005510891 -3.022626397213332 -3.02608365722229 -3.029055904549549 -3.0321611405506532 -3.0349090222909823 -3.0375517638519915 -3.039990894760027 -3.041641740632603 -3.0409045543785873 -3.0386273062326365 -3.0360838255932037 -3.0334671500428407 -3.030805691121161 -3.0281107350929304 -3.025406953839787 -3.022704551377449 -3.019804724955284
-2.9966159620614943 -2.9966159620614943 -2.9966159620614943 -2.9966159620614943 -2.9966159620614943 -2.9966159620614943 -2.9966159620614943 -2.9966159620614943 -2.9966159620614943 -2.9966159620614943 -2.9966159620614943 -2.9966159620614943 -2.9966159620614943 -2.9966159620614943 -2.9966159620614943 -2.9966159620614943 -2.9966159620614943 -2.9966159620614943 -2.9966159620614943 -2.9966159620614943 -2.9982020311094875 -3.0006462772969327 -3.0032617191818924 -3.0058054169227124 -3.0081976858909347 -3.0107906899402335 -3.0134362601552582 -3.0167704723170603 -3.0195127993223343 -3.0231731208211214 -3.0261197636625017 -3.028887069752232 -3.0315572164689284 -3.034007453943033 -3.0362414867554923 -3.0380860044831897 -3.0390903551572475 -3.038663618792116 -3.037092908784854 -3.034907353604129 -3.032540699526172 -3.030008374617191 -3.027335957887307 -3.0247124810992316 -3.0220326466245293 -3.0191300531128795
-2.9966159620614943 -2.9966159620614943 -2.9966159620614943 -2.9966159620614943 -2.9966159620614943 -2.9966159620614943 -2.9966159620614943 -2.9966159620614943 -2.9966159620614943 -2.9966159620614943 -2.9966159620614943 -2.9966159620614943 -2.9966159620614943 -2.9966159620614943 -2.9966159620614943 -2.9966159620614943 -2.9966159620614943 -2.9966159620614943 -2.9966159620614943 -2.9966159620614943 -2.997229460857902 -2.9996648204693206 -3.0022941806846486 -3.0048781201066412 -3.0075460940564605 -3.0107607109329964 -3.0139814705623076 -3.0169993523183134 -3.019752288518393 -3.0227863240826065 -3.0254755001290667 -3.0279512341055494 -3.030293927553066 -3.0324529472111594 -3.034291293811177 -3.0356872178362053 -3.036408533186973 -3.036147680179602 -3.0349221921577665 -3.033064102671697 -3.0308374738927095 -3.028496748535859 -3.0260365800950253 -3.023453886436255 -3.020890250328475 -3.0181740734568616
-2.9966159620614943 -2.9966159620614943 -2.9966159620614943 -2.9966159620614943 -2.9966159620614943 -2.9966159620614943 -2.9966159620614943 -2.9966159620614943 -2.9966159620614943 -2.9966159620614943 -2.9966159620614943 -2.9966159620614943 -2.9966159620614943 -2.9966159620614943 -2.9966159620614943 -2.9966159620614943 -2.9966159620614943 -2.9966159620614943 -2.9966159620614943 -2.9966159620614943 -2.9966159620614943 -2.998665825672697 -3.0010773637756185 -3.0041170484820077 -3.0077869322292528 -3.0108557929185498 -3.0138446104009997 -3.016679546048017 -3.0193566657853057 -3.0218833063307406 -3.0242308567106058 -3.0264574412528296 -3.0285102325519917 -3.030451446679411 -3.032015528541094 -3.0332329260161783 -3.033695763770827 -3.033300630686466 -3.0321955382559476 -3.0306282445904538 -3.0286408628812604 -3.0264709934374436 -3.024230567963803 -3.021848576322179 -3.0193877673211538 -3.0166699507164494
