output/Mappa_Temperature_20070102_0800.asc
NCOLS 153
NROWS 173
XLLCORNER 628082.1585431173
YLLCORNER 5141515.270487413
CELLSIZE 30.005356186399773
NODATA_VALUE -9999
[rows 126 to 146 of 173, columns 48 to 95 of 153]
-5.135946382584149 -5.135946382584149 -5.135946382584149 -5.135946382584149 -5.135946382584149 -5.135946382584149 -5.135946382584149 -5.135946382584149 -5.135946382584149 -5.135946382584149 -5.135946382584149 -5.135946382584149 -5.135946382584149 -5.135946382584149 -5.135946382584149 -5.135946382584149 -5.135946382584149 -5.135946382584149 -5.135946382584149 -5.135946382584149 -5.135946382584149 -5.135946382584149 -5.135946382584149 -5.135946382584149 -5.135946382584149 -5.135946382584149 -5.135946382584149 -5.135946382584149 -5.140263033036929 -5.147889953373628 -5.154207732972678 -5.159259871815945 -5.162994800224715 -5.1653725858944295 -5.166366965656929 -5.165966756194917 -5.164176472857733 -5.161016078502501 -5.156519894275453 -5.150734807139507 -5.1437179828289805 -5.135946382584149 -5.135946382584149 -5.135946382584149 -5.135946382584149 -5.135946382584149 -5.135946382584149 -5.135946382584149
-5.135946382584149 -5.135946382584149 -5.135946382584149 -5.135946382584149 -5.135946382584149 -5.135946382584149 -5.135946382584149 -5.135946382584149 -5.135946382584149 -5.135946382584149 -5.135946382584149 -5.135946382584149 -5.135946382584149 -5.135946382584149 -5.135946382584149 -5.135946382584149 -5.135946382584149 -5.135946382584149 -5.135946382584149 -5.135946382584149 -5.135946382584149 -5.135946382584149 -5.135946382584149 -5.135946382584149 -5.135946382584149 -5.135946382584149 -5.142094256808695 -5.152331094130488 -5.161469025295335 -5.1694256347028995 -5.176122339968373 -5.181487532377072 -5.185459892266219 -5.187991582466448 -5.189050972132203 -5.188624551689817 -5.186717778650711 -5.183354733902883 -5.178576637795294 -5.172439432687551 -5.165010746146866 -5.1563665871990825 -5.146588100008809 -5.135946382584149 -5.135946382584149 -5.135946382584149 -5.135946382584149 -5.135946382584149
-5.135946382584149 -5.135946382584149 -5.135946382584149 -5.135946382584149 -5.135946382584149 -5.135946382584149 -5.135946382584149 -5.135946382584149 -5.135946382584149 -5.135946382584149 -5.135946382584149 -5.135946382584149 -5.135946382584149 -5.135946382584149 -5.135946382584149 -5.135946382584149 -5.135946382584149 -5.135946382584149 -5.135946382584149 -5.135946382584149 -5.135946382584149 -5.135946382584149 -5.135946382584149 -5.135946382584149 -5.1373039877802515 -5.150079939265558 -5.161911957861104 -5.172708336298056 -5.182373935459602 -5.190813475511777 -5.197934847057944 -5.203653046817255 -5.207894477871957 -5.210601208961178 -5.211734686572815 -5.211278384256498 -5.2092389825991745 -5.205645889018166 -5.200549175748024 -5.194016261397524 -5.186127819984653 -5.1769734411241615 -5.166647498202732 -5.155245548928221 -5.142861442312398 -5.135946382584149 -5.135946382584149 -5.135946382584149
-5.135946382584149 -5.135946382584149 -5.135946382584149 -5.135946382584149 -5.135946382584149 -5.135946382584149 -5.135946382584149 -5.135946382584149 -5.135946382584149 -5.135946382584149 -5.135946382584149 -5.135946382584149 -5.135946382584149 -5.135946382584149 -5.135946382584149 -5.135946382584149 -5.135946382584149 -5.135946382584149 -5.135946382584149 -5.135946382584149 -5.135946382584149 -5.135946382584149 -5.135946382584149 -5.141215690329447 -5.155505876094527 -5.1689227608571 -5.181384711588514 -5.192794903715394 -5.203044862409421 -5.212024103455347 -5.219624068400851 -5.225743051931581 -5.230291818604968 -5.233199359434453 -5.2344180428622336 -5.233927359321504 -5.231735606144418 -5.227879200627692 -5.22241974986486 -5.2154394051365855 -5.2070352650120295 -5.197313618223417 -5.186384670853835 -5.1743581665459395 -5.1613400687133915 -5.1474302859290155 -5.135946382584149 -5.135946382584149
-5.135946382584149 -5.135946382584149 -5.135946382584149 -5.135946382584149 -5.135946382584149 -5.135946382584149 -5.135946382584149 -5.135946382584149 -5.135946382584149 -5.135946382584149 -5.135946382584149 -5.135946382584149 -5.135946382584149 -5.135946382584149 -5.135946382584149 -5.135946382584149 -5.135946382584149 -5.135946382584149 -5.135946382584149 -5.135946382584149 -5.135946382584149 -5.135946382584149 -5.142570044060292 -5.158281934946065 -5.173175349986724 -5.187302939940658 -5.200452277361368 -5.212536471648628 -5.223435230634387 -5.233020174021437 -5.241162701686562 -5.247740127079119 -5.252643051052308 -5.255783247412857 -5.257100953295445 -5.256570291451379 -5.25420174120759 -5.250041128799245 -5.24416535596401 -5.236675752367753 -5.22769029196221 -5.217335887173239 -5.205741665113668 -5.193033710981284 -5.179331386710691 -5.164745075855479 -5.149375077495412 -5.135946382584149
-5.135946382584149 -5.135946382584149 -5.135946382584149 -5.135946382584149 -5.135946382584149 -5.135946382584149 -5.135946382584149 -5.135946382584149 -5.135946382584149 -5.135946382584149 -5.135946382584149 -5.135946382584149 -5.135946382584149 -5.135946382584149 -5.135946382584149 -5.135946382584149 -5.135946382584149 -5.135946382584149 -5.135946382584149 -5.135946382584149 -5.135946382584149 -5.141305802955343 -5.158328271190213 -5.174688671968576 -5.190330037377022 -5.205152660260571 -5.219041288207994 -5.231865627318027 -5.243485180319426 -5.253752613419102 -5.262510838270173 -5.26962116207239 -5.274936286335262 -5.278349107723772 -5.2797832989923315 -5.279205575846024 -5.2766294342915945 -5.272113619175588 -5.265755712479619 -5.257682385584772 -5.248038388706143 -5.236976165418595 -5.224647335306139 -5.211196546814211 -5.196757625421576 -5.181451618357179 -5.165386231683721 -5.148656187275608
-5.135946382584149 -5.135946382584149 -5.135946382584149 -5.135946382584149 -5.135946382584149 -5.135946382584149 -5.135946382584149 -5.135946382584149 -5.135946382584149 -5.135946382584149 -5.135946382584149 -5.135946382584149 -5.135946382584149 -5.135946382584149 -5.135946382584149 -5.135946382584149 -5.135946382584149 -5.135946382584149 -5.135946382584149 -5.135946382584149 -5.137223696799224 -5.155646144886598 -5.173305032350613 -5.190369071465345 -5.206771602701982 -5.222372815124388 -5.237061195333127 -5.250697233847412 -5.263017430694424 -5.273766554912315 -5.283132627753042 -5.290886092294376 -5.297154013535835 -5.3008917270879765 -5.302464914687844 -5.301830985189969 -5.299007724805551 -5.294072088549167 -5.28715024351623 -5.278402879940691 -5.26800936857983 -5.256153724217229 -5.243013998894648 -5.228755435248853 -5.213526875628107 -5.197459584382492 -5.180667642397382 -5.163249235330204
-5.135946382584149 -5.135946382584149 -5.135946382584149 -5.135946382584149 -5.135946382584149 -5.135946382584149 -5.135946382584149 -5.135946382584149 -5.135946382584149 -5.135946382584149 -5.135946382584149 -5.135946382584149 -5.135946382584149 -5.135946382584149 -5.135946382584149 -5.135946382584149 -5.135946382584149 -5.135946382584149 -5.135946382584149 -5.135946382584149 -5.15022055932126 -5.169115874893126 -5.187429725854585 -5.2052533112032116 -5.222428652357849 -5.238839082462969 -5.254258742183422 -5.268455527255686 -5.28165021496431 -5.293421489156236 -5.3036805315941065 -5.312095192533876 -5.318894299024948 -5.323382065318308 -5.325145563675281 -5.3244433360010905 -5.321321090207294 -5.31588225419242 -5.308293500193872 -5.2987619297883155 -5.2875119187185815 -5.274766242949819 -5.260733346273216 -5.245600422504671 -5.22953091669577 -5.21266487621726 -5.195120863139811 -5.176998538107384
-5.135946382584149 -5.135946382584149 -5.135946382584149 -5.135946382584149 -5.135946382584149 -5.135946382584149 -5.135946382584149 -5.135946382584149 -5.135946382584149 -5.135946382584149 -5.135946382584149 -5.135946382584149 -5.135946382584149 -5.135946382584149 -5.135946382584149 -5.135946382584149 -5.135946382584149 -5.135946382584149 -5.135946382584149 -5.141188503443909 -5.162086982088274 -5.181632409353377 -5.200650779526813 -5.2192088724970995 -5.237103539487783 -5.254239467879639 -5.269965050981862 -5.28509926184833 -5.2994904183923115 -5.312242071094449 -5.324039441209781 -5.333869337938826 -5.34101876624583 -5.345722935159751 -5.347800463158187 -5.34703791515342 -5.3435468279516405 -5.337494977804755 -5.329108055038393 -5.318657466598339 -5.306426101684294 -5.292683480203094 -5.277671619419667 -5.261599517602962 -5.244643187060097 -5.226948609804467 -5.2086358429431225 -5.189803259313037
-5.135946382584149 -5.135946382584149 -5.135946382584149 -5.135946382584149 -5.135946382584149 -5.135946382584149 -5.135946382584149 -5.135946382584149 -5.135946382584149 -5.135946382584149 -5.135946382584149 -5.135946382584149 -5.135946382584149 -5.135946382584149 -5.135946382584149 -5.135946382584149 -5.135946382584149 -5.135946382584149 -5.135946382584149 -5.151937327940432 -5.172558056106953 -5.192771857782686 -5.212637835254387 -5.231794231478928 -5.249857198577824 -5.267173027644633 -5.283860291387935 -5.300080640211947 -5.315999121374844 -5.331273907085167 -5.3441488628129585 -5.355037563375621 -5.3630184566192325 -5.367950180256739 -5.370208971634353 -5.369605710614525 -5.365650432185818 -5.358837571824058 -5.349483233020431 -5.337949038635113 -5.324593182530132 -5.30973946262658 -5.293664298231157 -5.276595549359148 -5.258717309294059 -5.240176807959274 -5.221091371607966 -5.201554560073359
-5.135946382584149 -5.135946382584149 -5.135946382584149 -5.135946382584149 -5.135946382584149 -5.135946382584149 -5.135946382584149 -5.135946382584149 -5.135946382584149 -5.135946382584149 -5.135946382584149 -5.135946382584149 -5.135946382584149 -5.135946382584149 -5.135946382584149 -5.135946382584149 -5.135946382584149 -5.135946382584149 -5.139979784503082 -5.161379210550074 -5.182384102302628 -5.203108132761238 -5.2234796416966995 -5.243075959234265 -5.261444869101216 -5.278933672565699 -5.2965332817721835 -5.3138058145742315 -5.330668306815756 -5.347424398724039 -5.362736994651526 -5.374967018795993 -5.384202197895906 -5.390540833020713 -5.393144829511904 -5.392068021242866 -5.387576955051287 -5.3797985513419695 -5.369256908714673 -5.356440775102659 -5.3418022820803905 -5.325723502529518 -5.308510980366963 -5.290403952464919 -5.271586823119627 -5.252201307771302 -5.232356610846786 -5.212137393231812
-5.135946382584149 -5.135946382584149 -5.135946382584149 -5.135946382584149 -5.135946382584149 -5.135946382584149 -5.135946382584149 -5.135946382584149 -5.135946382584149 -5.135946382584149 -5.135946382584149 -5.135946382584149 -5.135946382584149 -5.135946382584149 -5.135946382584149 -5.135946382584149 -5.135946382584149 -5.135946382584149 -5.147383588044889 -5.169207312968457 -5.190911157183123 -5.211910442651148 -5.232689528931076 -5.25216904653968 -5.271438038117605 -5.290492319952404 -5.309278776524733 -5.327610146885907 -5.3448171163334175 -5.360556775757647 -5.375940443153497 -5.390173572805086 -5.404188305964427 -5.411873524221148 -5.4144736180961335 -5.413760852697824 -5.409233739483586 -5.400199772166885 -5.388185831472623 -5.373857078904122 -5.357774104196257 -5.340371310624374 -5.321971919086406 -5.3028127368764615 -5.283067051498735 -5.26286250162699 -5.242294095440605 -5.221433427496507
-5.135946382584149 -5.135946382584149 -5.135946382584149 -5.135946382584149 -5.135946382584149 -5.135946382584149 -5.135946382584149 -5.135946382584149 -5.135946382584149 -5.135946382584149 -5.135946382584149 -5.135946382584149 -5.135946382584149 -5.135946382584149 -5.135946382584149 -5.135946382584149 -5.135946382584149 -5.135946382584149 -5.153625571433649 -5.175996322974032 -5.198122029672909 -5.2195176967601125 -5.24016786461346 -5.260659948230263 -5.278995450583131 -5.297956648966775 -5.318086448104479 -5.3384503349514345 -5.358895731438977 -5.374719699573121 -5.3921262188605406 -5.407210977497075 -5.420905604421362 -5.427885356237711 -5.43243349598004 -5.434569716499121 -5.430450280156315 -5.419743591877035 -5.4058978768842705 -5.389810405812286 -5.372144196896876 -5.353359321128122 -5.333768825214424 -5.313586453139727 -5.292960222909281 -5.271994544823473 -5.250764525099729 -5.22932523769091
-5.135946382584149 -5.135946382584149 -5.135946382584149 -5.135946382584149 -5.135946382584149 -5.135946382584149 -5.135946382584149 -5.135946382584149 -5.135946382584149 -5.135946382584149 -5.135946382584149 -5.135946382584149 -5.135946382584149 -5.135946382584149 -5.135946382584149 -5.135946382584149 -5.135946382584149 -5.135946382584149 -5.158194797869034 -5.180922674358748 -5.202930746030582 -5.225119528553789 -5.244962185408105 -5.2633372669468095 -5.283124238032259 -5.303605836096669 -5.324110545497904 -5.345126940919599 -5.368527792488287 -5.38958296361864 -5.407834465580078 -5.42414504102189 -5.437552878667618 -5.446725166563443 -5.450986313982297 -5.454700560309624 -5.45089952814168 -5.437910814809482 -5.42182026296099 -5.403766108287514 -5.384453174764923 -5.364308216372905 -5.343593765235037 -5.322476283899516 -5.301064894883823 -5.279415566164505 -5.257567514631703 -5.235586192102421
-5.135946382584149 -5.135946382584149 -5.135946382584149 -5.135946382584149 -5.135946382584149 -5.135946382584149 -5.135946382584149 -5.135946382584149 -5.135946382584149 -5.135946382584149 -5.135946382584149 -5.135946382584149 -5.135946382584149 -5.135946382584149 -5.135946382584149 -5.135946382584149 -5.135946382584149 -5.136899702318531 -5.161082687474916 -5.1832800263160195 -5.206002770574531 -5.225551089477416 -5.245170744290241 -5.265384599714164 -5.2877657981087705 -5.30911960229768 -5.328365259660273 -5.350018482913976 -5.37419330996023 -5.396874436693262 -5.415722603220909 -5.430701392346843 -5.4518464139180765 -5.468552873437042 -5.477686168864024 -5.475799863860007 -5.469837255462195 -5.453772404128951 -5.435093576396205 -5.415025015755314 -5.394159572620139 -5.372804508214499 -5.35113034588922 -5.329237901133697 -5.307190097334845 -5.284986880416538 -5.26269459976346 -5.2403247389444525
-5.135946382584149 -5.135946382584149 -5.135946382584149 -5.135946382584149 -5.135946382584149 -5.135946382584149 -5.135946382584149 -5.135946382584149 -5.135946382584149 -5.135946382584149 -5.135946382584149 -5.135946382584149 -5.135946382584149 -5.135946382584149 -5.135946382584149 -5.135946382584149 -5.135946382584149 -5.136936258750135 -5.16140916447802 -5.183848455348875 -5.205141132265268 -5.225102438593792 -5.244759712776034 -5.265868358199137 -5.287953056821194 -5.310158234015774 -5.329902110649165 -5.351573143095296 -5.374620317107487 -5.396011962204873 -5.419935319985619 -5.448138997776201 -5.470593444635963 -5.49154454496577 -5.503217989027284 -5.500118162180875 -5.485347113927247 -5.46572594719439 -5.444543973315362 -5.422772487096816 -5.400697889280633 -5.378446527020816 -5.356074756542989 -5.333452453412002 -5.3104987422979475 -5.287928501775048 -5.2652720499435 -5.242820272697708
-5.135946382584149 -5.135946382584149 -5.135946382584149 -5.135946382584149 -5.135946382584149 -5.135946382584149 -5.135946382584149 -5.135946382584149 -5.135946382584149 -5.135946382584149 -5.135946382584149 -5.135946382584149 -5.135946382584149 -5.135946382584149 -5.135946382584149 -5.135946382584149 -5.135946382584149 -5.136315837805141 -5.160191069712494 -5.181637591593826 -5.204101467952037 -5.223864642088772 -5.24499741090502 -5.266588602604728 -5.2869211955478965 -5.30615924899981 -5.32767780296277 -5.3516889142016435 -5.373494833748629 -5.404993551349709 -5.4331277336838655 -5.45821854846349 -5.482469916534356 -5.505234417460369 -5.527428494629382 -5.516144621824182 -5.494064366295714 -5.471523622406691 -5.448903167716361 -5.426255363583771 -5.403594350887765 -5.380859187126804 -5.357670190342272 -5.334022326899136 -5.310640453426915 -5.288358382530299 -5.266000260520554 -5.243720937668956
-5.135946382584149 -5.135946382584149 -5.135946382584149 -5.135946382584149 -5.135946382584149 -5.135946382584149 -5.135946382584149 -5.135946382584149 -5.135946382584149 -5.135946382584149 -5.135946382584149 -5.135946382584149 -5.135946382584149 -5.135946382584149 -5.135946382584149 -5.135946382584149 -5.135946382584149 -5.135946382584149 -5.15630799370968 -5.179220569601922 -5.197692623830998 -5.218838545451061 -5.240764262800393 -5.261749370302527 -5.2824379129336 -5.30497528116875 -5.327052322756726 -5.355773868548168 -5.3849929404958825 -5.410112922295505 -5.436356859371636 -5.459580612883531 -5.48191577298437 -5.502530115355827 -5.516482257861845 -5.510251919923986 -5.491005731541588 -5.46950947623861 -5.447394613320649 -5.424901263235033 -5.402124811975729 -5.379273774228553 -5.356434389347428 -5.3319264736437635 -5.308325661151778 -5.286189967081682 -5.263961127390479 -5.2416603170112674
-5.135946382584149 -5.135946382584149 -5.135946382584149 -5.135946382584149 -5.135946382584149 -5.135946382584149 -5.135946382584149 -5.135946382584149 -5.135946382584149 -5.135946382584149 -5.135946382584149 -5.135946382584149 -5.135946382584149 -5.135946382584149 -5.135946382584149 -5.135946382584149 -5.135946382584149 -5.135946382584149 -5.149351063026858 -5.1700086372399126 -5.192113073820821 -5.213611163958556 -5.2338294521173285 -5.2557442550771505 -5.278103321579308 -5.306282453259379 -5.329459260865316 -5.360394509283903 -5.385298094482446 -5.408686013102312 -5.4312527881854535 -5.451960997825273 -5.470841951329415 -5.486430913702722 -5.494919194748979 -5.491312627547464 -5.478037754210677 -5.459566509957763 -5.439564706332923 -5.4181627338116645 -5.395576773686459 -5.373404430031301 -5.3507557787521165 -5.326224476960471 -5.303313283804893 -5.2805041733759035 -5.258619702897793 -5.236902976943151
-5.135946382584149 -5.135946382584149 -5.135946382584149 -5.135946382584149 -5.135946382584149 -5.135946382584149 -5.135946382584149 -5.135946382584149 -5.135946382584149 -5.135946382584149 -5.135946382584149 -5.135946382584149 -5.135946382584149 -5.135946382584149 -5.135946382584149 -5.135946382584149 -5.135946382584149 -5.135946382584149 -5.141131374579445 -5.161713843795029 -5.1839359113019725 -5.205774104461914 -5.2283225163813025 -5.255490887159462 -5.282711173481955 -5.30821683517069 -5.331483306506127 -5.357125492287063 -5.379853093965284 -5.4007767875824495 -5.420576087668942 -5.438823066653176 -5.454359873671297 -5.466157541308462 -5.472253746128593 -5.470049143995562 -5.459691918161158 -5.4439882539188975 -5.42516987568716 -5.405387208941108 -5.384595067623996 -5.362767403045971 -5.341100803575019 -5.3181450041185805 -5.2938770416010525 -5.272428413135098 -5.251165938758381 -5.229339170130883
-5.135946382584149 -5.135946382584149 -5.135946382584149 -5.135946382584149 -5.135946382584149 -5.135946382584149 -5.135946382584149 -5.135946382584149 -5.135946382584149 -5.135946382584149 -5.135946382584149 -5.135946382584149 -5.135946382584149 -5.135946382584149 -5.135946382584149 -5.135946382584149 -5.135946382584149 -5.135946382584149 -5.135946382584149 -5.153270828007269 -5.173651969475196 -5.19934189904492 -5.230357962914186 -5.256294473632446 -5.281554498285493 -5.30551398887132 -5.328139696516618 -5.349493627575279 -5.369333976080305 -5.388151980444545 -5.405501169255497 -5.421907362341343 -5.435126217831009 -5.445415066318349 -5.4493267448204445 -5.445987273102696 -5.436647571965788 -5.423401571879991 -5.406605192956204 -5.388266516885648 -5.3693315357334495 -5.3492001065163475 -5.328402551497551 -5.305432893818415 -5.281289210683526 -5.260223761035003 -5.240304366491424 -5.218251428956424
