output/Mappa_Temperature_20070102_1000.asc
NCOLS 153
NROWS 173
XLLCORNER 628082.1585431173
YLLCORNER 5141515.270487413
CELLSIZE 30.005356186399773
NODATA_VALUE -9999
[rows 126 to 146 of 173, columns 46 to 91 of 153]
-4.9092781828592305 -4.9092781828592305 -4.9092781828592305 -4.9092781828592305 -4.9092781828592305 -4.9092781828592305 -4.9092781828592305 -4.9092781828592305 -4.9092781828592305 -4.9092781828592305 -4.9092781828592305 -4.9092781828592305 -4.9092781828592305 -4.9092781828592305 -4.9092781828592305 -4.9092781828592305 -4.9092781828592305 -4.9092781828592305 -4.9092781828592305 -4.9092781828592305 -4.9092781828592305 -4.9092781828592305 -4.9092781828592305 -4.9092781828592305 -4.9092781828592305 -4.9092781828592305 -4.9092781828592305 -4.9092781828592305 -4.9092781828592305 -4.9092781828592305 -4.91582831347254 -4.927401482282284 -4.936988147223672 -4.9446543156248355 -4.950321735115112 -4.9539298119972806 -4.955438694264876 -4.9548314122350865 -4.952114817546293 -4.947319202047009 -4.940496645004038 -4.931718293186038 -4.921070890477073 -4.9092781828592305 -4.9092781828592305 -4.9092781828592305
-4.9092781828592305 -4.9092781828592305 -4.9092781828592305 -4.9092781828592305 -4.9092781828592305 -4.9092781828592305 -4.9092781828592305 -4.9092781828592305 -4.9092781828592305 -4.9092781828592305 -4.9092781828592305 -4.9092781828592305 -4.9092781828592305 -4.9092781828592305 -4.9092781828592305 -4.9092781828592305 -4.9092781828592305 -4.9092781828592305 -4.9092781828592305 -4.9092781828592305 -4.9092781828592305 -4.9092781828592305 -4.9092781828592305 -4.9092781828592305 -4.9092781828592305 -4.9092781828592305 -4.9092781828592305 -4.9092781828592305 -4.918607031605611 -4.934140515787023 -4.948006508255007 -4.960079950714325 -4.970241601431129 -4.97838280059167 -4.984410501097333 -4.988252114326232 -4.989859643301994 -4.989212588456028 -4.986319231073329 -4.9812161117455895 -4.973965778662102 -4.964653119345318 -4.9533807525741125 -4.940264015240487 -4.92542603634979 -4.9092781828592305
-4.9092781828592305 -4.9092781828592305 -4.9092781828592305 -4.9092781828592305 -4.9092781828592305 -4.9092781828592305 -4.9092781828592305 -4.9092781828592305 -4.9092781828592305 -4.9092781828592305 -4.9092781828592305 -4.9092781828592305 -4.9092781828592305 -4.9092781828592305 -4.9092781828592305 -4.9092781828592305 -4.9092781828592305 -4.9092781828592305 -4.9092781828592305 -4.9092781828592305 -4.9092781828592305 -4.9092781828592305 -4.9092781828592305 -4.9092781828592305 -4.9092781828592305 -4.9092781828592305 -4.911338227204504 -4.930724589814472 -4.948678618769958 -4.965061156500621 -4.979727837914037 -4.992534084392114 -5.003340128171561 -5.012016984383616 -5.0184529762943715 -5.022560198401757 -5.024280149202661 -5.02358775128818 -5.0204931418509355 -5.0150409440139985 -5.007307137910585 -4.997394025243846 -4.985424021613725 -4.97153307124008 -4.955864377288413 -4.938562940025571
-4.9092781828592305 -4.9092781828592305 -4.9092781828592305 -4.9092781828592305 -4.9092781828592305 -4.9092781828592305 -4.9092781828592305 -4.9092781828592305 -4.9092781828592305 -4.9092781828592305 -4.9092781828592305 -4.9092781828592305 -4.9092781828592305 -4.9092781828592305 -4.9092781828592305 -4.9092781828592305 -4.9092781828592305 -4.9092781828592305 -4.9092781828592305 -4.9092781828592305 -4.9092781828592305 -4.9092781828592305 -4.9092781828592305 -4.9092781828592305 -4.9092781828592305 -4.9172738856271465 -4.938957963194616 -4.959316884673185 -4.97822677925008 -4.995540724303445 -5.011094118992531 -5.024719313411812 -5.0362515798286 -5.045536589533557 -5.052438935731399 -5.056850868642107 -5.058700111640946 -5.057955543296408 -5.054629754067219 -5.048778003940874 -5.040493776166432 -5.02990172795769 -5.017149197700589 -5.002397469030772 -4.9858137698130935 -4.96756462620048
-4.9092781828592305 -4.9092781828592305 -4.9092781828592305 -4.9092781828592305 -4.9092781828592305 -4.9092781828592305 -4.9092781828592305 -4.9092781828592305 -4.9092781828592305 -4.9092781828592305 -4.9092781828592305 -4.9092781828592305 -4.9092781828592305 -4.9092781828592305 -4.9092781828592305 -4.9092781828592305 -4.9092781828592305 -4.9092781828592305 -4.9092781828592305 -4.9092781828592305 -4.9092781828592305 -4.9092781828592305 -4.9092781828592305 -4.9092781828592305 -4.919328996164985 -4.943170383974734 -4.965769807963701 -4.98720716094417 -5.007160103283675 -5.025496786275271 -5.0420346773231195 -5.056578970819458 -5.068934527590265 -5.078915181778468 -5.086354929972774 -5.091119896823354 -5.093119397532361 -5.092314165691573 -5.0887201027414415 -5.082406745891234 -5.073490786643215 -5.062125983693792 -5.048491351953078 -5.03277946966547 -5.015186275664559 -4.995903092950172
-4.9092781828592305 -4.9092781828592305 -4.9092781828592305 -4.9092781828592305 -4.9092781828592305 -4.9092781828592305 -4.9092781828592305 -4.9092781828592305 -4.9092781828592305 -4.9092781828592305 -4.9092781828592305 -4.9092781828592305 -4.9092781828592305 -4.9092781828592305 -4.9092781828592305 -4.9092781828592305 -4.9092781828592305 -4.9092781828592305 -4.9092781828592305 -4.9092781828592305 -4.9092781828592305 -4.9092781828592305 -4.9092781828592305 -4.9174106234696 -4.94324069507697 -4.968066138590781 -4.991800510302498 -5.014292513530728 -5.0353672630594275 -5.054827049558002 -5.072458680995384 -5.088038591530645 -5.10132841366074 -5.112117693477791 -5.120182918709394 -5.1253615696331085 -5.127537826486958 -5.1266611833331925 -5.122752119153801 -5.115899773994295 -5.106252219775721 -5.094001668978599 -5.079367767095561 -5.062581833603917 -5.043873937648649 -5.0234635702960215
-4.9092781828592305 -4.9092781828592305 -4.9092781828592305 -4.9092781828592305 -4.9092781828592305 -4.9092781828592305 -4.9092781828592305 -4.9092781828592305 -4.9092781828592305 -4.9092781828592305 -4.9092781828592305 -4.9092781828592305 -4.9092781828592305 -4.9092781828592305 -4.9092781828592305 -4.9092781828592305 -4.9092781828592305 -4.9092781828592305 -4.9092781828592305 -4.9092781828592305 -4.9092781828592305 -4.9092781828592305 -4.911216392828856 -4.939170808528999 -4.965966589341071 -4.991859741036998 -5.016749113749504 -5.040422556899602 -5.062710858886904 -5.083402326563921 -5.102097122311776 -5.1184079559954565 -5.132620133032172 -5.144385321343561 -5.15389633069088 -5.159567976386882 -5.161955147729825 -5.160993216469434 -5.15670917158889 -5.149219785433411 -5.138716505275154 -5.125443164158318 -5.1096719411488865 -5.091682062206993 -5.071743705365876 -5.05010761153345
-4.9092781828592305 -4.9092781828592305 -4.9092781828592305 -4.9092781828592305 -4.9092781828592305 -4.9092781828592305 -4.9092781828592305 -4.9092781828592305 -4.9092781828592305 -4.9092781828592305 -4.9092781828592305 -4.9092781828592305 -4.9092781828592305 -4.9092781828592305 -4.9092781828592305 -4.9092781828592305 -4.9092781828592305 -4.9092781828592305 -4.9092781828592305 -4.9092781828592305 -4.9092781828592305 -4.9092781828592305 -4.9309379681599665 -4.959609917934288 -4.987399547218024 -5.014445242325396 -5.040507284902542 -5.065408643440828 -5.088806596619247 -5.1103489469970755 -5.130370704338505 -5.1482325590996485 -5.163799737556788 -5.176568232209095 -5.186885267618263 -5.193695051200479 -5.196371002079731 -5.195305434451183 -5.190567705978623 -5.182314759238672 -5.1707995044302235 -5.156336199655075 -5.139265315015693 -5.119924893095148 -5.0986312286855995 -5.07566837164412
-4.9092781828592305 -4.9092781828592305 -4.9092781828592305 -4.9092781828592305 -4.9092781828592305 -4.9092781828592305 -4.9092781828592305 -4.9092781828592305 -4.9092781828592305 -4.9092781828592305 -4.9092781828592305 -4.9092781828592305 -4.9092781828592305 -4.9092781828592305 -4.9092781828592305 -4.9092781828592305 -4.9092781828592305 -4.9092781828592305 -4.9092781828592305 -4.9092781828592305 -4.9092781828592305 -4.9172326319622535 -4.948944202365616 -4.978602638433082 -5.007461312548806 -5.035621557215135 -5.062775112350728 -5.08877734958879 -5.112639514111209 -5.1356043242085585 -5.157441615893585 -5.176791107275441 -5.194692560264113 -5.209608548527448 -5.220457165929676 -5.227595321115118 -5.230747783861737 -5.229590685531729 -5.224293273243138 -5.2151101324380384 -5.202383727980613 -5.186525895613341 -5.167965894371073 -5.14711269658362 -5.124333541783873 -5.09994556613437
-4.9092781828592305 -4.9092781828592305 -4.9092781828592305 -4.9092781828592305 -4.9092781828592305 -4.9092781828592305 -4.9092781828592305 -4.9092781828592305 -4.9092781828592305 -4.9092781828592305 -4.9092781828592305 -4.9092781828592305 -4.9092781828592305 -4.9092781828592305 -4.9092781828592305 -4.9092781828592305 -4.9092781828592305 -4.9092781828592305 -4.9092781828592305 -4.9092781828592305 -4.9092781828592305 -4.933543010845588 -4.964833119764479 -4.995505754163754 -5.025650596472421 -5.054718712763896 -5.082127648246608 -5.108402868653275 -5.133724297453926 -5.15833722466518 -5.182492094725447 -5.20567021456336 -5.225206807247926 -5.241729435539204 -5.25383972654571 -5.26132317565232 -5.264750689349213 -5.263835294758657 -5.257833513839992 -5.247495608163374 -5.233301236477469 -5.21579912909824 -5.19553281314397 -5.17299362297185 -5.1486010001333185 -5.12270070180237
-4.9092781828592305 -4.9092781828592305 -4.9092781828592305 -4.9092781828592305 -4.9092781828592305 -4.9092781828592305 -4.9092781828592305 -4.9092781828592305 -4.9092781828592305 -4.9092781828592305 -4.9092781828592305 -4.9092781828592305 -4.9092781828592305 -4.9092781828592305 -4.9092781828592305 -4.9092781828592305 -4.9092781828592305 -4.9092781828592305 -4.9092781828592305 -4.9092781828592305 -4.915398509180295 -4.947870222419752 -4.979743265188142 -5.011190126087125 -5.04210206713427 -5.071837724634235 -5.099710900877901 -5.126248594447478 -5.152954425810645 -5.179163948011639 -5.204751270370989 -5.230177139750146 -5.253412633207642 -5.271970599952111 -5.285984157455422 -5.295602468790047 -5.299553800342251 -5.297919840195407 -5.291105049313067 -5.279302018046944 -5.263306019102174 -5.243858683712241 -5.221646081064248 -5.197247972550971 -5.171129511122941 -5.143653717316
-4.9092781828592305 -4.9092781828592305 -4.9092781828592305 -4.9092781828592305 -4.9092781828592305 -4.9092781828592305 -4.9092781828592305 -4.9092781828592305 -4.9092781828592305 -4.9092781828592305 -4.9092781828592305 -4.9092781828592305 -4.9092781828592305 -4.9092781828592305 -4.9092781828592305 -4.9092781828592305 -4.9092781828592305 -4.9092781828592305 -4.9092781828592305 -4.9092781828592305 -4.926633118228355 -4.959748667027595 -4.992682307583418 -5.024546843316937 -5.0560772464958905 -5.085635670560185 -5.114874640220303 -5.143787807067145 -5.172294573055293 -5.200110786459669 -5.226220822139723 -5.250104346220604 -5.273447684268658 -5.295045184291858 -5.316311287190055 -5.327972917874301 -5.331918327555793 -5.330836769874291 -5.323967280862181 -5.310259044226374 -5.2920289647726895 -5.270286365533729 -5.245881891245287 -5.219474709987681 -5.191555280537123 -5.16248293676222
-4.9092781828592305 -4.9092781828592305 -4.9092781828592305 -4.9092781828592305 -4.9092781828592305 -4.9092781828592305 -4.9092781828592305 -4.9092781828592305 -4.9092781828592305 -4.9092781828592305 -4.9092781828592305 -4.9092781828592305 -4.9092781828592305 -4.9092781828592305 -4.9092781828592305 -4.9092781828592305 -4.9092781828592305 -4.9092781828592305 -4.9092781828592305 -4.9092781828592305 -4.936104769206293 -4.970050381923908 -5.003624161032219 -5.036090170386719 -5.067424951394773 -5.098519853726387 -5.126342337058243 -5.155114258101273 -5.185659426169426 -5.216559801379633 -5.247583860172267 -5.271595315172692 -5.298008149870077 -5.320897920635724 -5.341678290979783 -5.352269439497753 -5.359170834383841 -5.362412357776082 -5.356161481919035 -5.339915040973114 -5.31890540801132 -5.294494110892866 -5.267687220433758 -5.239182853173515 -5.209456029466582 -5.178831086673146
-4.9092781828592305 -4.9092781828592305 -4.9092781828592305 -4.9092781828592305 -4.9092781828592305 -4.9092781828592305 -4.9092781828592305 -4.9092781828592305 -4.9092781828592305 -4.9092781828592305 -4.9092781828592305 -4.9092781828592305 -4.9092781828592305 -4.9092781828592305 -4.9092781828592305 -4.9092781828592305 -4.9092781828592305 -4.9092781828592305 -4.9092781828592305 -4.9092781828592305 -4.943038161261301 -4.977525679117864 -5.010920957603924 -5.044590448628783 -5.074699903988354 -5.102582445191384 -5.132607402381977 -5.163686393826552 -5.194800454655717 -5.226690953212164 -5.262199650502874 -5.294148987725801 -5.321844007983816 -5.346593846010032 -5.36693903929873 -5.380857165030182 -5.38732307475843 -5.392959111041682 -5.387191385014807 -5.367482175349723 -5.343066203428722 -5.31567064001265 -5.286364992385413 -5.255796821505972 -5.224364496368627 -5.192320608987684
-4.9092781828592305 -4.9092781828592305 -4.9092781828592305 -4.9092781828592305 -4.9092781828592305 -4.9092781828592305 -4.9092781828592305 -4.9092781828592305 -4.9092781828592305 -4.9092781828592305 -4.9092781828592305 -4.9092781828592305 -4.9092781828592305 -4.9092781828592305 -4.9092781828592305 -4.9092781828592305 -4.9092781828592305 -4.9092781828592305 -4.9092781828592305 -4.910724760210065 -4.947420275199475 -4.98110274967073 -5.015582479825906 -5.045245303694832 -5.075016373420726 -5.1056890893780675 -5.139650554261713 -5.172053040415834 -5.201256602493183 -5.234113430272594 -5.270796566060237 -5.305213145346315 -5.333813550667059 -5.3565425221873015 -5.388628199410398 -5.413978756082114 -5.427837714232905 -5.424975415261049 -5.415927690820785 -5.3915507171308334 -5.363207268271268 -5.332755024139644 -5.301093582163969 -5.268689183743776 -5.235800582797824 -5.202580757805747
-4.9092781828592305 -4.9092781828592305 -4.9092781828592305 -4.9092781828592305 -4.9092781828592305 -4.9092781828592305 -4.9092781828592305 -4.9092781828592305 -4.9092781828592305 -4.9092781828592305 -4.9092781828592305 -4.9092781828592305 -4.9092781828592305 -4.9092781828592305 -4.9092781828592305 -4.9092781828592305 -4.9092781828592305 -4.9092781828592305 -4.9092781828592305 -4.910780231322302 -4.947915674823779 -4.981965289839396 -5.0142750208299 -5.044564516144466 -5.074392669895579 -5.106423149570461 -5.139934702593454 -5.173629071064383 -5.203588636282015 -5.23647248791656 -5.271444511178322 -5.303904417523342 -5.340205971213403 -5.383002527322092 -5.4170751401940285 -5.448866559294086 -5.46657996559059 -5.461876255863633 -5.439462512519081 -5.409689148589889 -5.377547399547877 -5.344511118306829 -5.3110148923524765 -5.277250442179778 -5.243303283315809 -5.2089759635796415
-4.9092781828592305 -4.9092781828592305 -4.9092781828592305 -4.9092781828592305 -4.9092781828592305 -4.9092781828592305 -4.9092781828592305 -4.9092781828592305 -4.9092781828592305 -4.9092781828592305 -4.9092781828592305 -4.9092781828592305 -4.9092781828592305 -4.9092781828592305 -4.9092781828592305 -4.9092781828592305 -4.9092781828592305 -4.9092781828592305 -4.9092781828592305 -4.9098387980815525 -4.946067325067213 -4.978610502019022 -5.012697423310678 -5.042686270762019 -5.074753355526353 -5.107516055975961 -5.1383689454887564 -5.167560969312395 -5.200213448499387 -5.2366481602060135 -5.269736690940323 -5.317533174972504 -5.36022427794766 -5.398297343116753 -5.435096623056897 -5.469639715216737 -5.503317240392601 -5.486194973601129 -5.452690162574892 -5.418486601686805 -5.384162086793855 -5.349796071570738 -5.315410013535139 -5.280911437896854 -5.245724211274771 -5.209840695578359
-4.9092781828592305 -4.9092781828592305 -4.9092781828592305 -4.9092781828592305 -4.9092781828592305 -4.9092781828592305 -4.9092781828592305 -4.9092781828592305 -4.9092781828592305 -4.9092781828592305 -4.9092781828592305 -4.9092781828592305 -4.9092781828592305 -4.9092781828592305 -4.9092781828592305 -4.9092781828592305 -4.9092781828592305 -4.9092781828592305 -4.9092781828592305 -4.9092781828592305 -4.9401751048659115 -4.974942887530565 -5.002972576109742 -5.035059619076356 -5.068329932250807 -5.100172954190373 -5.131565965488118 -5.165764404123661 -5.1992643382829264 -5.24284671272071 -5.287184038559536 -5.325301362070293 -5.365124187090887 -5.400364153935143 -5.43425575982958 -5.465536178876151 -5.48670730606136 -5.477253326012612 -5.448048958160245 -5.41543031519348 -5.381872990551922 -5.347741345517567 -5.313180119796818 -5.278505715758085 -5.2438489939003645 -5.2066604258949125
-4.9092781828592305 -4.9092781828592305 -4.9092781828592305 -4.9092781828592305 -4.9092781828592305 -4.9092781828592305 -4.9092781828592305 -4.9092781828592305 -4.9092781828592305 -4.9092781828592305 -4.9092781828592305 -4.9092781828592305 -4.9092781828592305 -4.9092781828592305 -4.9092781828592305 -4.9092781828592305 -4.9092781828592305 -4.9092781828592305 -4.9092781828592305 -4.9092781828592305 -4.929618585374998 -4.9609646048708544 -4.994506108479356 -5.027127535643598 -5.057806977879229 -5.091060729444712 -5.124988611162927 -5.167747920746409 -5.202916651381215 -5.249858121373627 -5.287647082415187 -5.323136155113882 -5.3573792160085985 -5.3888020702314225 -5.417452226853745 -5.441107081651025 -5.453987288224073 -5.448514645374254 -5.428371213520719 -5.4003427540078555 -5.369991807671654 -5.337516230385471 -5.303244057906966 -5.269599511392684 -5.23523221070045 -5.198008156400129
-4.9092781828592305 -4.9092781828592305 -4.9092781828592305 -4.9092781828592305 -4.9092781828592305 -4.9092781828592305 -4.9092781828592305 -4.9092781828592305 -4.9092781828592305 -4.9092781828592305 -4.9092781828592305 -4.9092781828592305 -4.9092781828592305 -4.9092781828592305 -4.9092781828592305 -4.9092781828592305 -4.9092781828592305 -4.9092781828592305 -4.9092781828592305 -4.9092781828592305 -4.9171459440249 -4.948377998410881 -4.982097996418712 -5.0152354994713795 -5.049450695909065 -5.09067626631242 -5.131980613906555 -5.170683172120993 -5.2059879594381515 -5.244897680740165 -5.279384781594889 -5.311134613462103 -5.341178278808021 -5.368866435853044 -5.392442149568046 -5.410344054019464 -5.419594499070353 -5.4162492127008175 -5.400533049729321 -5.376704145114607 -5.348148940866098 -5.318130515125198 -5.286580302096075 -5.253458775223892 -5.220581650232315 -5.18574827967859
-4.9092781828592305 -4.9092781828592305 -4.9092781828592305 -4.9092781828592305 -4.9092781828592305 -4.9092781828592305 -4.9092781828592305 -4.9092781828592305 -4.9092781828592305 -4.9092781828592305 -4.9092781828592305 -4.9092781828592305 -4.9092781828592305 -4.9092781828592305 -4.9092781828592305 -4.9092781828592305 -4.9092781828592305 -4.9092781828592305 -4.9092781828592305 -4.9092781828592305 -4.9092781828592305 -4.935566477815219 -4.9664930353680266 -5.005475203595255 -5.052539303799059 -5.091895636843975 -5.130225462847444 -5.166581844834424 -5.200914330616261 -5.233317009283872 -5.263422961930051 -5.291977598868099 -5.318303439699967 -5.343198368940824 -5.363256798726354 -5.3788692051951745 -5.384804827128499 -5.3797374777635225 -5.365565317426424 -5.345465698146388 -5.319978696827901 -5.292151397663584 -5.263419258922171 -5.232871617354463 -5.201313189517699 -5.166458790351688
