output/Mappa_Temperature_20070101_0200.asc
NCOLS 153
NROWS 173
XLLCORNER 628082.1585431173
YLLCORNER 5141515.270487413
CELLSIZE 30.005356186399773
NODATA_VALUE -9999
[rows 126 to 146 of 173, columns 46 to 91 of 153]
-1.4894864806666686 -1.4894864806666686 -1.4894864806666686 -1.4894864806666686 -1.4894864806666686 -1.4894864806666686 -1.4894864806666686 -1.4894864806666686 -1.4894864806666686 -1.4894864806666686 -1.4894864806666686 -1.4894864806666686 -1.4894864806666686 -1.4894864806666686 -1.4894864806666686 -1.4894864806666686 -1.4894864806666686 -1.4894864806666686 -1.4894864806666686 -1.4894864806666686 -1.4894864806666686 -1.4894864806666686 -1.4894864806666686 -1.4894864806666686 -1.4894864806666686 -1.4894864806666686 -1.4894864806666686 -1.4894864806666686 -1.4894864806666686 -1.4894864806666686 -1.4846219555879596 -1.4760270170686076 -1.4689073770519951 -1.4632140144846462 -1.459005044332818 -1.456325467158652 -1.4552048794841648 -1.455655884027153 -1.4576733923445415 -1.4612349078686315 -1.4663017533707643 -1.4728210909365886 -1.480728499285914 -1.4894864806666686 -1.4894864806666686 -1.4894864806666686
-1.4894864806666686 -1.4894864806666686 -1.4894864806666686 -1.4894864806666686 -1.4894864806666686 -1.4894864806666686 -1.4894864806666686 -1.4894864806666686 -1.4894864806666686 -1.4894864806666686 -1.4894864806666686 -1.4894864806666686 -1.4894864806666686 -1.4894864806666686 -1.4894864806666686 -1.4894864806666686 -1.4894864806666686 -1.4894864806666686 -1.4894864806666686 -1.4894864806666686 -1.4894864806666686 -1.4894864806666686 -1.4894864806666686 -1.4894864806666686 -1.4894864806666686 -1.4894864806666686 -1.4894864806666686 -1.4894864806666686 -1.4825583106252866 -1.4710222012221217 -1.460724472507423 -1.4517580003716861 -1.4442113409733937 -1.4381651916940599 -1.433688654964064 -1.4308356395056085 -1.4296417907903711 -1.4301223330438435 -1.4322711160805108 -1.436061002636208 -1.4414455406241886 -1.4483616874112315 -1.456733232055472 -1.466474518371292 -1.4774941032761313 -1.4894864806666686
-1.4894864806666686 -1.4894864806666686 -1.4894864806666686 -1.4894864806666686 -1.4894864806666686 -1.4894864806666686 -1.4894864806666686 -1.4894864806666686 -1.4894864806666686 -1.4894864806666686 -1.4894864806666686 -1.4894864806666686 -1.4894864806666686 -1.4894864806666686 -1.4894864806666686 -1.4894864806666686 -1.4894864806666686 -1.4894864806666686 -1.4894864806666686 -1.4894864806666686 -1.4894864806666686 -1.4894864806666686 -1.4894864806666686 -1.4894864806666686 -1.4894864806666686 -1.4894864806666686 -1.4879565665363346 -1.4735590754527994 -1.4602253223913932 -1.4480586542211744 -1.4371662852336085 -1.4276555882972477 -1.4196303634475456 -1.4131864026871108 -1.4084066439457175 -1.4053563711916734 -1.4040790311966296 -1.4045932479685208 -1.406891493012013 -1.4109406264839437 -1.4166842209196753 -1.4240463008570496 -1.4329359530317165 -1.443252217003978 -1.454888741399932 -1.4677378402090133
-1.4894864806666686 -1.4894864806666686 -1.4894864806666686 -1.4894864806666686 -1.4894864806666686 -1.4894864806666686 -1.4894864806666686 -1.4894864806666686 -1.4894864806666686 -1.4894864806666686 -1.4894864806666686 -1.4894864806666686 -1.4894864806666686 -1.4894864806666686 -1.4894864806666686 -1.4894864806666686 -1.4894864806666686 -1.4894864806666686 -1.4894864806666686 -1.4894864806666686 -1.4894864806666686 -1.4894864806666686 -1.4894864806666686 -1.4894864806666686 -1.4894864806666686 -1.4835483858510636 -1.4674444719960837 -1.4523246995892956 -1.4382810626245426 -1.425422674770059 -1.4138717786138253 -1.4037528811646354 -1.3951883192481422 -1.3882927067432522 -1.3831666049655114 -1.3798900354500696 -1.3785166752110862 -1.3790696369150037 -1.3815395701219817 -1.3858854354068837 -1.3920378064274859 -1.3999041051607723 -1.4093749091668168 -1.4203304394157608 -1.432646502331853 -1.4461994254732826
-1.4894864806666686 -1.4894864806666686 -1.4894864806666686 -1.4894864806666686 -1.4894864806666686 -1.4894864806666686 -1.4894864806666686 -1.4894864806666686 -1.4894864806666686 -1.4894864806666686 -1.4894864806666686 -1.4894864806666686 -1.4894864806666686 -1.4894864806666686 -1.4894864806666686 -1.4894864806666686 -1.4894864806666686 -1.4894864806666686 -1.4894864806666686 -1.4894864806666686 -1.4894864806666686 -1.4894864806666686 -1.4894864806666686 -1.4894864806666686 -1.4820221358659813 -1.4643160723142017 -1.4475323665762834 -1.431611685394338 -1.4167934177696735 -1.4031754825651923 -1.3908934395800157 -1.3800919632978064 -1.3709159759288096 -1.3635037355527522 -1.3579785263917414 -1.3544397724168533 -1.3529548216703629 -1.3535528357734323 -1.3562220053499625 -1.36091068784223 -1.3675322210486962 -1.3759724144167058 -1.3860983205943416 -1.397766919273349 -1.410832694367682 -1.4251535577899888
-1.4894864806666686 -1.4894864806666686 -1.4894864806666686 -1.4894864806666686 -1.4894864806666686 -1.4894864806666686 -1.4894864806666686 -1.4894864806666686 -1.4894864806666686 -1.4894864806666686 -1.4894864806666686 -1.4894864806666686 -1.4894864806666686 -1.4894864806666686 -1.4894864806666686 -1.4894864806666686 -1.4894864806666686 -1.4894864806666686 -1.4894864806666686 -1.4894864806666686 -1.4894864806666686 -1.4894864806666686 -1.4894864806666686 -1.483446836018992 -1.4642638550165124 -1.4458269718927443 -1.428200384999283 -1.4114964564468089 -1.395845066625426 -1.381393046499864 -1.368298725429165 -1.3567281369940571 -1.3468583073891245 -1.3388455324767317 -1.3328558060543503 -1.3290098251450364 -1.3273936045430001 -1.3280446530271237 -1.330947761660753 -1.3360367296286098 -1.3432015897230138 -1.3522995932741946 -1.36316761819033 -1.3756338725690913 -1.389527493080926 -1.4046854723204152
-1.4894864806666686 -1.4894864806666686 -1.4894864806666686 -1.4894864806666686 -1.4894864806666686 -1.4894864806666686 -1.4894864806666686 -1.4894864806666686 -1.4894864806666686 -1.4894864806666686 -1.4894864806666686 -1.4894864806666686 -1.4894864806666686 -1.4894864806666686 -1.4894864806666686 -1.4894864806666686 -1.4894864806666686 -1.4894864806666686 -1.4894864806666686 -1.4894864806666686 -1.4894864806666686 -1.4894864806666686 -1.4880470481481967 -1.4672864001150578 -1.4473862247660316 -1.4281563966560868 -1.4096720358240615 -1.3920906981834014 -1.375538050552417 -1.360171309128114 -1.34628741762647 -1.3341740012393721 -1.3236191748245107 -1.3148816309532199 -1.3078181773787438 -1.3036060685896989 -1.3018332100696919 -1.302547598685189 -1.3057291907770148 -1.3112912641047487 -1.3190916382888442 -1.3289492280916975 -1.340661896797172 -1.3540222742372727 -1.3688297097844 -1.384897988001515
-1.4894864806666686 -1.4894864806666686 -1.4894864806666686 -1.4894864806666686 -1.4894864806666686 -1.4894864806666686 -1.4894864806666686 -1.4894864806666686 -1.4894864806666686 -1.4894864806666686 -1.4894864806666686 -1.4894864806666686 -1.4894864806666686 -1.4894864806666686 -1.4894864806666686 -1.4894864806666686 -1.4894864806666686 -1.4894864806666686 -1.4894864806666686 -1.4894864806666686 -1.4894864806666686 -1.4894864806666686 -1.4734006077253303 -1.4521070752804592 -1.4314688076550686 -1.4113830307617707 -1.3920277740190585 -1.3735345117843698 -1.3561577697396228 -1.340159111109166 -1.3252897372818235 -1.3120244383790425 -1.3004633055589419 -1.2909806454227735 -1.2833185879084037 -1.2782612287545367 -1.2762739050002476 -1.2770652602812549 -1.280583785381204 -1.2867129252044875 -1.2952648532667455 -1.3060061824024949 -1.3186840588215225 -1.333047431557037 -1.3488614008735218 -1.365915014083937
-1.4894864806666686 -1.4894864806666686 -1.4894864806666686 -1.4894864806666686 -1.4894864806666686 -1.4894864806666686 -1.4894864806666686 -1.4894864806666686 -1.4894864806666686 -1.4894864806666686 -1.4894864806666686 -1.4894864806666686 -1.4894864806666686 -1.4894864806666686 -1.4894864806666686 -1.4894864806666686 -1.4894864806666686 -1.4894864806666686 -1.4894864806666686 -1.4894864806666686 -1.4894864806666686 -1.4835790233298087 -1.4600280838723743 -1.4380019267523416 -1.4165697214633435 -1.39565621233063 -1.3754903320251626 -1.3561794903619355 -1.3384579967606172 -1.321402933092216 -1.3051852331219251 -1.2908151248532393 -1.2775204179001036 -1.2664428984941138 -1.2583860558847144 -1.2530848280214468 -1.2507436175943716 -1.2516029491370735 -1.255537129453685 -1.26235708792244 -1.271808489321853 -1.2835854794001564 -1.297369264309787 -1.3128561163432708 -1.3297733011044373 -1.3478852940049897
-1.4894864806666686 -1.4894864806666686 -1.4894864806666686 -1.4894864806666686 -1.4894864806666686 -1.4894864806666686 -1.4894864806666686 -1.4894864806666686 -1.4894864806666686 -1.4894864806666686 -1.4894864806666686 -1.4894864806666686 -1.4894864806666686 -1.4894864806666686 -1.4894864806666686 -1.4894864806666686 -1.4894864806666686 -1.4894864806666686 -1.4894864806666686 -1.4894864806666686 -1.4894864806666686 -1.47146594470509 -1.4482280081604093 -1.425448645721112 -1.40306125376495 -1.3814735039873538 -1.3611179627153331 -1.3416043871605023 -1.3227991552191407 -1.304520099617368 -1.2865812250944142 -1.2693677446487395 -1.2548586835815483 -1.242587975646994 -1.2335941375406367 -1.228036473426221 -1.2254909934471983 -1.226170821103401 -1.2306281083728245 -1.2383056654161975 -1.2488472684954233 -1.261845397128691 -1.276896395045014 -1.2936353674898171 -1.3117508116753702 -1.3309859473108219
-1.4894864806666686 -1.4894864806666686 -1.4894864806666686 -1.4894864806666686 -1.4894864806666686 -1.4894864806666686 -1.4894864806666686 -1.4894864806666686 -1.4894864806666686 -1.4894864806666686 -1.4894864806666686 -1.4894864806666686 -1.4894864806666686 -1.4894864806666686 -1.4894864806666686 -1.4894864806666686 -1.4894864806666686 -1.4894864806666686 -1.4894864806666686 -1.4894864806666686 -1.4849411543768067 -1.460825686651479 -1.437154828002261 -1.4138004779105289 -1.3908433918106244 -1.3687598853616814 -1.3480595706862666 -1.3283510666088072 -1.3085176931872275 -1.2890529091127494 -1.2700502084549778 -1.2511674125926233 -1.2339113230101553 -1.2201290490422354 -1.20972172956401 -1.2025785870124661 -1.199644088058978 -1.2008575661682177 -1.2059186440474798 -1.2146842923968693 -1.2265638933727208 -1.241006666548288 -1.257503095249267 -1.2756226134302797 -1.2950197702405222 -1.3154249645674394
-1.4894864806666686 -1.4894864806666686 -1.4894864806666686 -1.4894864806666686 -1.4894864806666686 -1.4894864806666686 -1.4894864806666686 -1.4894864806666686 -1.4894864806666686 -1.4894864806666686 -1.4894864806666686 -1.4894864806666686 -1.4894864806666686 -1.4894864806666686 -1.4894864806666686 -1.4894864806666686 -1.4894864806666686 -1.4894864806666686 -1.4894864806666686 -1.4894864806666686 -1.4765976509125056 -1.4520040317712692 -1.4275455087470974 -1.4038809679389896 -1.380464574272863 -1.3585126921446384 -1.336798056271846 -1.315325381368917 -1.2941545244427273 -1.273496513833697 -1.2541056144959775 -1.2363682579884134 -1.2190320764587212 -1.2029924603498814 -1.187198959886783 -1.178538324203138 -1.1756082231907379 -1.1764114536568686 -1.181513153691586 -1.1916937233376728 -1.2052324882760523 -1.2213798638809483 -1.2395041096734787 -1.2591156873761595 -1.2798503524940559 -1.3014412418577705
-1.4894864806666686 -1.4894864806666686 -1.4894864806666686 -1.4894864806666686 -1.4894864806666686 -1.4894864806666686 -1.4894864806666686 -1.4894864806666686 -1.4894864806666686 -1.4894864806666686 -1.4894864806666686 -1.4894864806666686 -1.4894864806666686 -1.4894864806666686 -1.4894864806666686 -1.4894864806666686 -1.4894864806666686 -1.4894864806666686 -1.4894864806666686 -1.4894864806666686 -1.4695634272551468 -1.444353352200853 -1.4194194233830748 -1.3953081917093684 -1.372037078956322 -1.3489441146870653 -1.328281447648834 -1.3069136704640454 -1.2842289722690265 -1.2612804756625466 -1.2382401241108631 -1.2204077583274224 -1.2007919820367736 -1.183792647136626 -1.1683598811887033 -1.1604942506204678 -1.1553688553446497 -1.1529615030694556 -1.1576037833789086 -1.1696693778054668 -1.1852724081067927 -1.2034017209475492 -1.2233101469956529 -1.2444792224807162 -1.2665561684180815 -1.2893001121724215
-1.4894864806666686 -1.4894864806666686 -1.4894864806666686 -1.4894864806666686 -1.4894864806666686 -1.4894864806666686 -1.4894864806666686 -1.4894864806666686 -1.4894864806666686 -1.4894864806666686 -1.4894864806666686 -1.4894864806666686 -1.4894864806666686 -1.4894864806666686 -1.4894864806666686 -1.4894864806666686 -1.4894864806666686 -1.4894864806666686 -1.4894864806666686 -1.4894864806666686 -1.4644142689370556 -1.4388017421922021 -1.4140003787849194 -1.3889953684810061 -1.3666342570238865 -1.3459269873604982 -1.323628629379051 -1.300547481501499 -1.2774402889675982 -1.2537564665892886 -1.2273855499342945 -1.2036580303863278 -1.18309002517332 -1.1647092912795753 -1.1495997142609222 -1.1392632682163637 -1.1344612906854434 -1.1302756276104684 -1.1345590914925252 -1.1491963484202716 -1.1673291330535143 -1.187674743416156 -1.2094388983996982 -1.2321406798803805 -1.2554842348321007 -1.2792819730737097
-1.4894864806666686 -1.4894864806666686 -1.4894864806666686 -1.4894864806666686 -1.4894864806666686 -1.4894864806666686 -1.4894864806666686 -1.4894864806666686 -1.4894864806666686 -1.4894864806666686 -1.4894864806666686 -1.4894864806666686 -1.4894864806666686 -1.4894864806666686 -1.4894864806666686 -1.4894864806666686 -1.4894864806666686 -1.4894864806666686 -1.4894864806666686 -1.4884121644099617 -1.4611598448028718 -1.4361451922025956 -1.4105384490780941 -1.3885090333100327 -1.366399227589928 -1.3436198045806544 -1.3183979567444486 -1.2943339012599762 -1.2726455612100527 -1.2482440840219498 -1.2210009579624388 -1.1954411145113362 -1.1742007153258178 -1.1573207997179042 -1.133492025799727 -1.11466516173106 -1.1043726571278256 -1.1064983743010142 -1.1132177643472987 -1.1313215865240358 -1.1523711542249135 -1.174986841457201 -1.1985005524976742 -1.2225660281471518 -1.2469911020197435 -1.2716621629991844
-1.4894864806666686 -1.4894864806666686 -1.4894864806666686 -1.4894864806666686 -1.4894864806666686 -1.4894864806666686 -1.4894864806666686 -1.4894864806666686 -1.4894864806666686 -1.4894864806666686 -1.4894864806666686 -1.4894864806666686 -1.4894864806666686 -1.4894864806666686 -1.4894864806666686 -1.4894864806666686 -1.4894864806666686 -1.4894864806666686 -1.4894864806666686 -1.4883709681907542 -1.4607919309338688 -1.4355046174523212 -1.4115094475895629 -1.3890146275199098 -1.3668624277333876 -1.343074646869151 -1.3181869309241308 -1.2931634451168414 -1.2709136511887265 -1.2464921044434238 -1.220519754538781 -1.1964130553308252 -1.1694533153276951 -1.1376699917936468 -1.1123655987063006 -1.0887553587538803 -1.075600306702914 -1.0790935674148863 -1.095739375421481 -1.1178508849563877 -1.141721301215067 -1.166256051450092 -1.1911323845824335 -1.2162079173206872 -1.2414191406372295 -1.2669126945218072
-1.4894864806666686 -1.4894864806666686 -1.4894864806666686 -1.4894864806666686 -1.4894864806666686 -1.4894864806666686 -1.4894864806666686 -1.4894864806666686 -1.4894864806666686 -1.4894864806666686 -1.4894864806666686 -1.4894864806666686 -1.4894864806666686 -1.4894864806666686 -1.4894864806666686 -1.4894864806666686 -1.4894864806666686 -1.4894864806666686 -1.4894864806666686 -1.4890701337310932 -1.462164627796858 -1.4379960867755166 -1.4126810673860841 -1.390409526691588 -1.3665945606632484 -1.342262988150861 -1.3193497573092303 -1.2976699862677499 -1.2734202707637035 -1.2463616395247687 -1.2217880856405743 -1.1862915117591046 -1.1545865041309522 -1.1263111320395913 -1.0989817502737524 -1.0733279506737505 -1.0483169737210283 -1.0610330096489533 -1.0859157185774326 -1.1113173616199594 -1.1368088324574996 -1.1623311239624128 -1.187868300477976 -1.2134890394035713 -1.2396212124026114 -1.266270491985333
-1.4894864806666686 -1.4894864806666686 -1.4894864806666686 -1.4894864806666686 -1.4894864806666686 -1.4894864806666686 -1.4894864806666686 -1.4894864806666686 -1.4894864806666686 -1.4894864806666686 -1.4894864806666686 -1.4894864806666686 -1.4894864806666686 -1.4894864806666686 -1.4894864806666686 -1.4894864806666686 -1.4894864806666686 -1.4894864806666686 -1.4894864806666686 -1.4894864806666686 -1.4665405486189946 -1.440719880194514 -1.4199033299466857 -1.3960735417443713 -1.371364985172271 -1.3477164218150643 -1.3244020637099305 -1.2990042247634481 -1.2741251376927714 -1.2417582177093038 -1.2088306249331278 -1.1805223839074392 -1.150947533808409 -1.1247761927150848 -1.0996062264099593 -1.0763754861533663 -1.060652520426899 -1.0676736205782864 -1.089362559045708 -1.1135871457162207 -1.1385088544469604 -1.1638570884058104 -1.189524355090212 -1.2152756748719773 -1.2410138627914866 -1.268632353533672
-1.4894864806666686 -1.4894864806666686 -1.4894864806666686 -1.4894864806666686 -1.4894864806666686 -1.4894864806666686 -1.4894864806666686 -1.4894864806666686 -1.4894864806666686 -1.4894864806666686 -1.4894864806666686 -1.4894864806666686 -1.4894864806666686 -1.4894864806666686 -1.4894864806666686 -1.4894864806666686 -1.4894864806666686 -1.4894864806666686 -1.4894864806666686 -1.4894864806666686 -1.4743804615671507 -1.4511010024300424 -1.4261910433599734 -1.401964388975214 -1.3791799706228853 -1.3544837137081422 -1.3292868067716106 -1.2975311447708469 -1.2714127080160527 -1.2365511195241383 -1.208486740424354 -1.1821303981840767 -1.1566994200360066 -1.1333628987610063 -1.1120855512352914 -1.0945180184351455 -1.0849523942373274 -1.0890167114183695 -1.1039764481331882 -1.1247920856016758 -1.14733254293469 -1.1714508803359593 -1.1969034785154125 -1.2218899635097575 -1.2474132096821604 -1.2750580547036001
-1.4894864806666686 -1.4894864806666686 -1.4894864806666686 -1.4894864806666686 -1.4894864806666686 -1.4894864806666686 -1.4894864806666686 -1.4894864806666686 -1.4894864806666686 -1.4894864806666686 -1.4894864806666686 -1.4894864806666686 -1.4894864806666686 -1.4894864806666686 -1.4894864806666686 -1.4894864806666686 -1.4894864806666686 -1.4894864806666686 -1.4894864806666686 -1.4894864806666686 -1.4836434030605639 -1.4604485813402937 -1.4354060614812594 -1.410796137777151 -1.385385853468342 -1.3547692393959907 -1.3240941205940742 -1.2953512487096948 -1.2691317679937244 -1.240235044210141 -1.214622827156197 -1.191043472410353 -1.1687312206157752 -1.1481683124418436 -1.1306595546192106 -1.1173645123823996 -1.1104945696902904 -1.1129789826586391 -1.1246507604336575 -1.1423475532061427 -1.1635543833283135 -1.1858478906582652 -1.2092789963230755 -1.2338770551445963 -1.2582936062760182 -1.2841629842530355
-1.4894864806666686 -1.4894864806666686 -1.4894864806666686 -1.4894864806666686 -1.4894864806666686 -1.4894864806666686 -1.4894864806666686 -1.4894864806666686 -1.4894864806666686 -1.4894864806666686 -1.4894864806666686 -1.4894864806666686 -1.4894864806666686 -1.4894864806666686 -1.4894864806666686 -1.4894864806666686 -1.4894864806666686 -1.4894864806666686 -1.4894864806666686 -1.4894864806666686 -1.4894864806666686 -1.4699631951569057 -1.4469952539515707 -1.4180447266783514 -1.383092065538581 -1.3538636607318157 -1.3253976024401668 -1.2983971436115427 -1.2728997531074857 -1.248835554650793 -1.2264770445215198 -1.2052706357185725 -1.185719466359521 -1.1672309789118462 -1.152334369898746 -1.1407396480084286 -1.1363314944223433 -1.1400948160297628 -1.1506199236114678 -1.1655471224464908 -1.1844753186022927 -1.2051415621703916 -1.2264797946002228 -1.2491663297663362 -1.272603536246559 -1.298488531349076
