output/Mappa_Temperature_20070101_1100.asc
NCOLS 153
NROWS 173
XLLCORNER 628082.1585431173
YLLCORNER 5141515.270487413
CELLSIZE 30.005356186399773
NODATA_VALUE -9999
[rows 126 to 146 of 173, columns 46 to 91 of 153]
0.33392909864886355 0.33392909864886355 0.33392909864886355 0.33392909864886355 0.33392909864886355 0.33392909864886355 0.33392909864886355 0.33392909864886355 0.33392909864886355 0.33392909864886355 0.33392909864886355 0.33392909864886355 0.33392909864886355 0.33392909864886355 0.33392909864886355 0.33392909864886355 0.33392909864886355 0.33392909864886355 0.33392909864886355 0.33392909864886355 0.33392909864886355 0.33392909864886355 0.33392909864886355 0.33392909864886355 0.33392909864886355 0.33392909864886355 0.33392909864886355 0.33392909864886355 0.33392909864886355 0.33392909864886355 0.3385858504139757 0.34681368241677235 0.3536292287810886 0.359079416776 0.36310861363832214 0.3656737408673225 0.36674646606591776 0.3663147248028644 0.36438338818395416 0.3609739919047824 0.35612356121446326 0.349882677217403 0.34231300963580524 0.33392909864886355 0.33392909864886355 0.33392909864886355
0.33392909864886355 0.33392909864886355 0.33392909864886355 0.33392909864886355 0.33392909864886355 0.33392909864886355 0.33392909864886355 0.33392909864886355 0.33392909864886355 0.33392909864886355 0.33392909864886355 0.33392909864886355 0.33392909864886355 0.33392909864886355 0.33392909864886355 0.33392909864886355 0.33392909864886355 0.33392909864886355 0.33392909864886355 0.33392909864886355 0.33392909864886355 0.33392909864886355 0.33392909864886355 0.33392909864886355 0.33392909864886355 0.33392909864886355 0.33392909864886355 0.33392909864886355 0.3405613530924493 0.3516047328585079 0.361462625580388 0.3700461222772524 0.37727044919613506 0.3830583556974067 0.3873436908497002 0.39007484847702834 0.39121770559504054 0.39075768823448703 0.38870068389450674 0.3850726707540124 0.37991811684091265 0.3732973721151241 0.36528339240117325 0.3559581753426382 0.345409258310429 0.33392909864886355
0.33392909864886355 0.33392909864886355 0.33392909864886355 0.33392909864886355 0.33392909864886355 0.33392909864886355 0.33392909864886355 0.33392909864886355 0.33392909864886355 0.33392909864886355 0.33392909864886355 0.33392909864886355 0.33392909864886355 0.33392909864886355 0.33392909864886355 0.33392909864886355 0.33392909864886355 0.33392909864886355 0.33392909864886355 0.33392909864886355 0.33392909864886355 0.33392909864886355 0.33392909864886355 0.33392909864886355 0.33392909864886355 0.33392909864886355 0.33539366717541585 0.3491762134531344 0.3619404560255539 0.37358746216910893 0.3840145969229363 0.39311907352224196 0.4008015254326725 0.40697025211409277 0.4115458580767806 0.4144658477575079 0.41568863008061707 0.41519637650572316 0.41299629397150417 0.40912010685405686 0.40362183249142114 0.39657420128620513 0.3880642434206779 0.3781886071180838 0.36704910127859597 0.3547488124341275
0.33392909864886355 0.33392909864886355 0.33392909864886355 0.33392909864886355 0.33392909864886355 0.33392909864886355 0.33392909864886355 0.33392909864886355 0.33392909864886355 0.33392909864886355 0.33392909864886355 0.33392909864886355 0.33392909864886355 0.33392909864886355 0.33392909864886355 0.33392909864886355 0.33392909864886355 0.33392909864886355 0.33392909864886355 0.33392909864886355 0.33392909864886355 0.33392909864886355 0.33392909864886355 0.33392909864886355 0.33392909864886355 0.33961356590240815 0.35502965032092576 0.36950362788382723 0.3829474338394018 0.39525661497610204 0.4063141499242904 0.41600084961132366 0.42419960245496624 0.43080068995767085 0.4357078459729848 0.43884446684093714 0.44015916819688206 0.4396298245612571 0.4372653869984545 0.433105142060056 0.42721555075438233 0.41968523691727855 0.4106189493437621 0.40013135106869213 0.3883413311190038 0.37536727964633265
0.33392909864886355 0.33392909864886355 0.33392909864886355 0.33392909864886355 0.33392909864886355 0.33392909864886355 0.33392909864886355 0.33392909864886355 0.33392909864886355 0.33392909864886355 0.33392909864886355 0.33392909864886355 0.33392909864886355 0.33392909864886355 0.33392909864886355 0.33392909864886355 0.33392909864886355 0.33392909864886355 0.33392909864886355 0.33392909864886355 0.33392909864886355 0.33392909864886355 0.33392909864886355 0.33392909864886355 0.34107462678646994 0.35802442997667117 0.37409127104657136 0.38933194901538015 0.4035172996509576 0.41655358639520745 0.4283110394712982 0.4386511637237434 0.44743522685135095 0.45453087604549736 0.4598200927926269 0.46320769971256753 0.46462922532872486 0.46405675356941045 0.46150158940934116 0.45701316965229416 0.4506744549888818 0.4425947586714792 0.43290134961240434 0.4217311394447816 0.4092234289800176 0.395514237447295
0.33392909864886355 0.33392909864886355 0.33392909864886355 0.33392909864886355 0.33392909864886355 0.33392909864886355 0.33392909864886355 0.33392909864886355 0.33392909864886355 0.33392909864886355 0.33392909864886355 0.33392909864886355 0.33392909864886355 0.33392909864886355 0.33392909864886355 0.33392909864886355 0.33392909864886355 0.33392909864886355 0.33392909864886355 0.33392909864886355 0.33392909864886355 0.33392909864886355 0.33392909864886355 0.3397107783439307 0.3580744169721644 0.3757238250110967 0.39259754614541187 0.40858801746839346 0.42357090603364594 0.4374056523121031 0.4499406894991448 0.4610170756307322 0.47046534564485554 0.47813587937897684 0.4838697729530976 0.4875514845484259 0.48909867322965506 0.48847543229070073 0.48569632106499716 0.48082471280242745 0.47396587779766497 0.46525646764756096 0.4548526371825894 0.44291884073929333 0.42961864374258196 0.41510809123500964
0.33392909864886355 0.33392909864886355 0.33392909864886355 0.33392909864886355 0.33392909864886355 0.33392909864886355 0.33392909864886355 0.33392909864886355 0.33392909864886355 0.33392909864886355 0.33392909864886355 0.33392909864886355 0.33392909864886355 0.33392909864886355 0.33392909864886355 0.33392909864886355 0.33392909864886355 0.33392909864886355 0.33392909864886355 0.33392909864886355 0.33392909864886355 0.33392909864886355 0.33530705020892204 0.35518097064491916 0.3742311708562822 0.3926396556610394 0.41033451354310296 0.42716491810808105 0.44301057001153626 0.4577209680655703 0.47101185159701164 0.4826078804445202 0.49271188972447616 0.501076236127675 0.5078379958819198 0.5118701973241653 0.5135673336136832 0.512883457923383 0.5098377578088282 0.5045132514351278 0.49704604638169114 0.4876094933839281 0.47639709550625847 0.4636073657340665 0.4494323845169575 0.4340504136690033
0.33392909864886355 0.33392909864886355 0.33392909864886355 0.33392909864886355 0.33392909864886355 0.33392909864886355 0.33392909864886355 0.33392909864886355 0.33392909864886355 0.33392909864886355 0.33392909864886355 0.33392909864886355 0.33392909864886355 0.33392909864886355 0.33392909864886355 0.33392909864886355 0.33392909864886355 0.33392909864886355 0.33392909864886355 0.33392909864886355 0.33392909864886355 0.33392909864886355 0.34932791271619945 0.36971195703577864 0.38946872416891987 0.4086965985221369 0.4272251546591593 0.4449285337476911 0.46156308139200886 0.47687840624106104 0.49111268023414667 0.5038113924580025 0.5148787268422617 0.5239563641475602 0.5312911603048655 0.5361325098272782 0.538034951124402 0.5372773961643535 0.5339091541048172 0.5280418017469042 0.5198551431410454 0.5095725970336228 0.49743621733839394 0.4836863321477923 0.4685478081734226 0.45222258790336933
0.33392909864886355 0.33392909864886355 0.33392909864886355 0.33392909864886355 0.33392909864886355 0.33392909864886355 0.33392909864886355 0.33392909864886355 0.33392909864886355 0.33392909864886355 0.33392909864886355 0.33392909864886355 0.33392909864886355 0.33392909864886355 0.33392909864886355 0.33392909864886355 0.33392909864886355 0.33392909864886355 0.33392909864886355 0.33392909864886355 0.33392909864886355 0.33958423700988244 0.36212927010436313 0.38321464727638554 0.4037314414535994 0.423751693994735 0.44305625038781793 0.4615422884996595 0.4785068626920175 0.49483347146817924 0.5103584819760387 0.5241148150121098 0.5368416792113762 0.5474460562496755 0.5551587754638809 0.5602335775894947 0.5624747903723188 0.5616521625487306 0.5578860187140877 0.5513573539167039 0.5423096402268033 0.5310356682670588 0.51784061558067 0.5030152370748455 0.4868206181300123 0.4694822236218843
0.33392909864886355 0.33392909864886355 0.33392909864886355 0.33392909864886355 0.33392909864886355 0.33392909864886355 0.33392909864886355 0.33392909864886355 0.33392909864886355 0.33392909864886355 0.33392909864886355 0.33392909864886355 0.33392909864886355 0.33392909864886355 0.33392909864886355 0.33392909864886355 0.33392909864886355 0.33392909864886355 0.33392909864886355 0.33392909864886355 0.33392909864886355 0.35117994252150014 0.37342534166552177 0.3952317532948079 0.4166629362615438 0.437328631320164 0.4568147478915739 0.47549486073677605 0.49349688469992453 0.5109952063368473 0.5281678766894988 0.5446461359547125 0.5585354868454024 0.570282089012899 0.5788917828266298 0.5842120683130754 0.5866488258985694 0.5859980350018698 0.5817311271283058 0.5743814934569833 0.5642901427183177 0.551847189402887 0.5374390488383977 0.5214150304157865 0.5040733320337458 0.48565976639820396
0.33392909864886355 0.33392909864886355 0.33392909864886355 0.33392909864886355 0.33392909864886355 0.33392909864886355 0.33392909864886355 0.33392909864886355 0.33392909864886355 0.33392909864886355 0.33392909864886355 0.33392909864886355 0.33392909864886355 0.33392909864886355 0.33392909864886355 0.33392909864886355 0.33392909864886355 0.33392909864886355 0.33392909864886355 0.33392909864886355 0.33828028522532205 0.36136573448899467 0.3840255647936821 0.406382405236076 0.4283589496032614 0.44949922660297503 0.46931539063613026 0.48818210622818353 0.5071683577521593 0.5258017630958925 0.5439928215030656 0.5620690964815052 0.5785881449645273 0.5917817512444636 0.6017445538955238 0.6085825989558573 0.6113917597598958 0.6102301116574209 0.6053852022435988 0.5969939517591412 0.5856217516125657 0.5717958573289104 0.5560040231357746 0.5386584247665313 0.5200897581952393 0.5005561093473384
0.33392909864886355 0.33392909864886355 0.33392909864886355 0.33392909864886355 0.33392909864886355 0.33392909864886355 0.33392909864886355 0.33392909864886355 0.33392909864886355 0.33392909864886355 0.33392909864886355 0.33392909864886355 0.33392909864886355 0.33392909864886355 0.33392909864886355 0.33392909864886355 0.33392909864886355 0.33392909864886355 0.33392909864886355 0.33392909864886355 0.3462674214525866 0.3698105993565684 0.39322445136101813 0.4158782336718613 0.43829446768708635 0.45930874229644875 0.48009590389871243 0.5006514391540466 0.5209180476646005 0.5406937145202053 0.5592563908877792 0.5762361504508506 0.5928318699984847 0.6081864029524735 0.6233053323379381 0.6315960554515512 0.6344010061591079 0.6336320832261528 0.628748286708026 0.6190025489634003 0.6060420509694309 0.5905843611367414 0.5732342370814515 0.5544603079504667 0.5346112606489417 0.5139425601020232
0.33392909864886355 0.33392909864886355 0.33392909864886355 0.33392909864886355 0.33392909864886355 0.33392909864886355 0.33392909864886355 0.33392909864886355 0.33392909864886355 0.33392909864886355 0.33392909864886355 0.33392909864886355 0.33392909864886355 0.33392909864886355 0.33392909864886355 0.33392909864886355 0.33392909864886355 0.33392909864886355 0.33392909864886355 0.33392909864886355 0.35300119975624067 0.3771345035440034 0.4010034558373222 0.42408484997936474 0.44636200831146 0.46846862722749627 0.4882487516271672 0.5087038695496324 0.5304196602283588 0.5523879819760676 0.5744442353658769 0.5915149461741331 0.6102928945632387 0.6265661548550714 0.6413397573970925 0.648869431607768 0.653775911297229 0.6560804408813861 0.6516364413798094 0.6400861919240286 0.6251495973498125 0.607794622669765 0.5887365241627074 0.5684716210044718 0.5473376243041443 0.5255651185589947
0.33392909864886355 0.33392909864886355 0.33392909864886355 0.33392909864886355 0.33392909864886355 0.33392909864886355 0.33392909864886355 0.33392909864886355 0.33392909864886355 0.33392909864886355 0.33392909864886355 0.33392909864886355 0.33392909864886355 0.33392909864886355 0.33392909864886355 0.33392909864886355 0.33392909864886355 0.33392909864886355 0.33392909864886355 0.33392909864886355 0.35793042752228876 0.38244899350729844 0.40619104251625826 0.43012804026739015 0.45153406522624007 0.4713568871863235 0.49270283899232364 0.5147981462176896 0.5369183856815534 0.559590626009288 0.5848351895984918 0.6075492607049 0.6272387664697487 0.6448344235213208 0.6592986411609133 0.6691935975203009 0.673790473264865 0.6777973585408519 0.673696849720193 0.6596847784631265 0.6423264802775919 0.6228498704471337 0.6020153047915119 0.5802831604874296 0.5579366541036563 0.5351553634803834
0.33392909864886355 0.33392909864886355 0.33392909864886355 0.33392909864886355 0.33392909864886355 0.33392909864886355 0.33392909864886355 0.33392909864886355 0.33392909864886355 0.33392909864886355 0.33392909864886355 0.33392909864886355 0.33392909864886355 0.33392909864886355 0.33392909864886355 0.33392909864886355 0.33392909864886355 0.33392909864886355 0.33392909864886355 0.33495752877179774 0.3610458488812234 0.3849920770875126 0.40950510648182664 0.43059360311869044 0.4517590560966178 0.4735655257088176 0.49771009944011224 0.5207463323795861 0.5415083213046429 0.5648675640114744 0.5909470832475932 0.6154152161446432 0.6357483966295682 0.651907338259065 0.6747183389648848 0.6927410711051717 0.7025939628475336 0.7005590391832084 0.6941266473356539 0.6767960745638604 0.6566455747802497 0.6349958474720072 0.6124864526964963 0.5894488602500207 0.5660670287189246 0.5424497166680495
0.33392909864886355 0.33392909864886355 0.33392909864886355 0.33392909864886355 0.33392909864886355 0.33392909864886355 0.33392909864886355 0.33392909864886355 0.33392909864886355 0.33392909864886355 0.33392909864886355 0.33392909864886355 0.33392909864886355 0.33392909864886355 0.33392909864886355 0.33392909864886355 0.33392909864886355 0.33392909864886355 0.33392909864886355 0.33499696542047164 0.36139804843434853 0.3856052916461327 0.4085755812025774 0.4301096038194407 0.451315640130875 0.4740873986757016 0.4979121119378102 0.5218667960676833 0.5431662580853853 0.5665447131396498 0.5914077335384708 0.6144847888051803 0.6402930259537553 0.6707188220126727 0.694942415327118 0.7175442160772765 0.7301373903064717 0.7267933335438349 0.7108585003253418 0.6896914163058503 0.6668405518847667 0.6433537284816806 0.619539911850217 0.595535403814881 0.5714010008093798 0.5469963261227246
0.33392909864886355 0.33392909864886355 0.33392909864886355 0.33392909864886355 0.33392909864886355 0.33392909864886355 0.33392909864886355 0.33392909864886355 0.33392909864886355 0.33392909864886355 0.33392909864886355 0.33392909864886355 0.33392909864886355 0.33392909864886355 0.33392909864886355 0.33392909864886355 0.33392909864886355 0.33392909864886355 0.33392909864886355 0.3343276625982259 0.36008398212031717 0.38322023781645886 0.4074540035629911 0.42877428350044655 0.45157206607821876 0.47486438987379676 0.496798952125962 0.5175527380415685 0.5407667011006061 0.5666696056482482 0.5901935753212859 0.6241740215937106 0.6545248467711703 0.681592522806375 0.7077546136000877 0.7323126895964444 0.7562553991492259 0.7440824898118347 0.7202625697068712 0.6959458801717007 0.6715431995610983 0.647111014693682 0.6226645805833336 0.5981381531757717 0.5731221360373069 0.5476110989416307
0.33392909864886355 0.33392909864886355 0.33392909864886355 0.33392909864886355 0.33392909864886355 0.33392909864886355 0.33392909864886355 0.33392909864886355 0.33392909864886355 0.33392909864886355 0.33392909864886355 0.33392909864886355 0.33392909864886355 0.33392909864886355 0.33392909864886355 0.33392909864886355 0.33392909864886355 0.33392909864886355 0.33392909864886355 0.33392909864886355 0.35589496537505405 0.38061278290431705 0.40054021786284577 0.42335218953075765 0.4470053956647088 0.469643882952606 0.4919624395438158 0.5162754874632715 0.5400919404070149 0.5710764063775824 0.6025975977169884 0.6296967387904999 0.6580083896039249 0.6830619018912983 0.7071568100524652 0.7293953202758396 0.744446727600259 0.7377255122721502 0.7169629504891711 0.6937730429623793 0.6699157888124525 0.6456502271552675 0.6210792592798411 0.5964278283780801 0.5717889684512342 0.5453501170870395
0.33392909864886355 0.33392909864886355 0.33392909864886355 0.33392909864886355 0.33392909864886355 0.33392909864886355 0.33392909864886355 0.33392909864886355 0.33392909864886355 0.33392909864886355 0.33392909864886355 0.33392909864886355 0.33392909864886355 0.33392909864886355 0.33392909864886355 0.33392909864886355 0.33392909864886355 0.33392909864886355 0.33392909864886355 0.33392909864886355 0.34838991033495814 0.37067505856084165 0.39452106490092564 0.4177129518258675 0.43952420342032056 0.46316563523916865 0.48728633334505195 0.5176856493484919 0.5426885169443805 0.5760610992864537 0.6029267942505274 0.6281574059265737 0.6525021776079549 0.6748419507370009 0.6952105014267562 0.7120276907827681 0.7211847485935187 0.717294026292667 0.7029732489865247 0.683046687820759 0.6614689771966857 0.6383807808265021 0.6140153125472652 0.590096048853756 0.565662950094552 0.5391988700935544
0.33392909864886355 0.33392909864886355 0.33392909864886355 0.33392909864886355 0.33392909864886355 0.33392909864886355 0.33392909864886355 0.33392909864886355 0.33392909864886355 0.33392909864886355 0.33392909864886355 0.33392909864886355 0.33392909864886355 0.33392909864886355 0.33392909864886355 0.33392909864886355 0.33392909864886355 0.33392909864886355 0.33392909864886355 0.33392909864886355 0.33952260706246185 0.3617267328999574 0.385699638100261 0.4092584241675687 0.4335833858837569 0.4628923049079726 0.4922572298111313 0.5197724378152558 0.5448720335884965 0.5725345221784099 0.5970527917000097 0.6196250264107498 0.6409842785981352 0.6606689050283483 0.6774298298002852 0.6901570149626114 0.6967335290600951 0.694355230194649 0.6831819767163825 0.6662410483324832 0.6459400031110176 0.6245986947757697 0.6021683771398952 0.5786209491829964 0.5552472763702421 0.5304828297680309
0.33392909864886355 0.33392909864886355 0.33392909864886355 0.33392909864886355 0.33392909864886355 0.33392909864886355 0.33392909864886355 0.33392909864886355 0.33392909864886355 0.33392909864886355 0.33392909864886355 0.33392909864886355 0.33392909864886355 0.33392909864886355 0.33392909864886355 0.33392909864886355 0.33392909864886355 0.33392909864886355 0.33392909864886355 0.33392909864886355 0.33392909864886355 0.3526185067179636 0.3746054425479458 0.40231943657596125 0.43577920167622847 0.4637592045486585 0.49100942220620125 0.5168566390001549 0.5412649864368189 0.5643013562418917 0.5857048909806613 0.6060055328782674 0.6247216338232995 0.642420442065242 0.6566807879764077 0.6677802767764602 0.6720001495617262 0.6683975667289795 0.6583220069330967 0.6440323777507122 0.6259126416135316 0.60612909344453 0.5857022583631606 0.5639847091739412 0.5415485513003291 0.5167691546103793
