output/Mappa_Temperature_20070701_1200.asc
NCOLS 153
NROWS 173
XLLCORNER 628082.1585431173
YLLCORNER 5141515.270487413
CELLSIZE 30.005356186399773
NODATA_VALUE -9999
[rows 0 to 20 of 173, columns 96 to 143 of 153]
-9999 -9999 -9999 -9999 -9999 -9999 8.6295497541742 8.62998463627803 -9999 -9999 -9999 -9999 -9999 -9999 -9999 -9999 -9999 -9999 -9999 -9999 -9999 -9999 -9999 -9999 -9999 -9999 -9999 -9999 8.644150729281138 8.646896841605184 -9999 -9999 -9999 -9999 -9999 -9999 -9999 -9999 -9999 -9999 -9999 -9999 -9999 -9999 -9999 -9999 -9999 -9999
-9999 -9999 -9999 -9999 -9999 -9999 8.647408846105508 8.649181000289147 -9999 -9999 -9999 -9999 -9999 -9999 -9999 -9999 -9999 -9999 -9999 -9999 -9999 -9999 -9999 -9999 -9999 -9999 8.678076226257891 8.675724877328141 8.667394048990237 8.667627536869858 8.668707159885072 8.672333992821109 -9999 -9999 -9999 -9999 -9999 -9999 -9999 -9999 -9999 -9999 -9999 -9999 -9999 -9999 -9999 -9999
-9999 -9999 -9999 -9999 -9999 8.665776911035765 8.668476627736847 8.670721093816308 8.67119421993576 8.67253132173671 8.672103080287577 8.673850746855129 8.677770868585855 8.682115253488522 8.688640730487252 8.689888584513394 8.688495873415098 -9999 -9999 -9999 -9999 8.689283394602043 8.690456716073403 8.689885968636307 8.696244171694804 8.698253675270678 8.700253401784556 8.697478261604692 8.690835857912187 8.689806713664893 8.69006259202249 8.691170252665888 -9999 -9999 -9999 -9999 -9999 -9999 -9999 -9999 -9999 -9999 -9999 -9999 -9999 -9999 -9999 -9999
-9999 -9999 -9999 -9999 -9999 8.680353123133116 8.685295859321643 8.688459749208135 8.688521910574119 8.687693462464942 8.688612914204327 8.689958097785997 8.692605490744263 8.696555140010723 8.702249893027558 8.709258204970032 8.711408282429808 8.70826533867438 8.707319529496962 8.702872479689683 8.70890921202996 8.712313007231081 8.711769512074875 8.715149718622532 8.717645404265363 8.718820388989771 8.72173298602178 8.720273476148419 8.714907770705757 8.713892987699804 8.709859443204076 8.70971230223263 -9999 -9999 -9999 -9999 -9999 -9999 -9999 -9999 -9999 -9999 -9999 -9999 -9999 -9999 -9999 -9999
-9999 -9999 -9999 -9999 8.698882388215864 8.701675560565853 8.704896244422098 8.706328255093904 8.705975925618905 8.706497149964743 8.70833017659069 8.712356413702093 8.71592692630808 8.719483506177202 8.7261258091274 8.732319001241013 8.73406223305194 8.737124063720659 8.732199435795623 8.729496917599295 8.732959602956461 8.735088412832974 8.73324547063985 8.737552262665842 8.74229089217526 8.74085782346072 8.742936266838585 8.738867312232845 8.735688262373952 8.736001864720645 8.731967444041453 8.728385058190385 8.727835936276872 -9999 -9999 -9999 -9999 -9999 -9999 -9999 -9999 -9999 -9999 -9999 -9999 -9999 -9999 -9999
-9999 -9999 8.716851942227041 8.71659211968679 8.71854846189139 8.720044080159294 8.7233056405814 8.725215845066684 8.726221616825365 8.727658403500207 8.729969561487003 8.73448797141162 8.739438674207001 8.743041223822079 8.743069237201262 8.751097978896 8.757340707964898 8.759105527096521 8.755954373025837 8.751922706107143 8.756763669079405 8.757598843309678 8.762862031932608 8.767228932390141 8.767141369129158 8.76704821297478 8.766064816796469 8.763755932134126 8.76013350514017 8.75565042707377 8.753370842322383 8.748924702842688 8.74580143541057 -9999 -9999 -9999 -9999 -9999 -9999 -9999 -9999 -9999 -9999 -9999 -9999 -9999 -9999 -9999
8.735696603386543 8.734585003286282 8.732569966858053 8.733234309686763 8.735673643285411 8.739886653013006 8.744084901223507 8.742004849980972 8.743490017997173 8.747639034396004 8.75311540588991 8.755895532184077 8.756873313267125 8.763650623552008 8.769974140526465 8.774494021004319 8.776756483928974 8.778557562248217 8.777657756564565 8.772735036934527 8.771388878923675 8.779387713269246 8.785602087861264 8.787338297825501 8.789958652792748 8.788997645368894 8.788034808196354 8.788403869671052 8.786549149041182 8.779399084277065 8.774491117228543 8.767426920287791 8.76475771351902 -9999 -9999 -9999 -9999 -9999 -9999 -9999 -9999 -9999 -9999 -9999 -9999 -9999 -9999 -9999
8.75282887682017 8.753996322775313 8.749747455358753 8.751340701098357 8.755614210915695 8.757175964530274 8.758274447680908 8.76339827577123 8.766262000786703 8.767314798830702 8.769700243566874 8.772968681512884 8.777120943495776 8.783958432650165 8.788086904678268 8.791752428284372 8.793152952398168 8.793192699326003 8.795020682472883 8.79056032335246 8.792369014094229 8.799092180084267 8.80671246535187 8.811183233338413 8.811596488454944 8.810208467108644 8.809715736032507 8.81011414752737 8.809168343388942 8.802886725304838 8.797969394551314 8.787806515071352 8.782967706619512 8.786875436678788 -9999 -9999 -9999 -9999 -9999 -9999 -9999 -9999 -9999 -9999 -9999 -9999 -9999 -9999
8.764648703875901 8.766757025011593 8.768398239616749 8.770024539538285 8.771185338508971 8.77368353030846 8.776166400740228 8.778634142506927 8.781086963441942 8.783075059826116 8.785498844694803 8.79647257462647 8.800221364885063 8.802600755576638 8.805418587447512 8.809579254417109 8.806502252560957 8.808831022215987 8.81340175926566 8.812552371833368 8.811698688581366 8.81668000101301 8.82526025721042 8.831586916361644 8.831579221467663 8.830664827246832 8.831998959023455 8.829729636085649 8.828810187364247 8.825655612919133 8.82295879530448 8.814066987403784 8.8087664155148 8.807008515136147 8.807449779892178 -9999 -9999 -9999 -9999 -9999 -9999 -9999 -9999 -9999 -9999 -9999 -9999 -9999
8.77204548570916 8.775999499351354 8.780389590237233 8.783408830081207 8.785057518170316 8.78714285300802 8.789664337824489 8.793072939561833 8.795564289718914 8.799394338710133 8.803661752583958 8.80972410950598 8.816683784557272 8.820008147478122 8.821506361917013 8.822539917915398 8.827183064529704 8.82864423889861 8.829189968969596 8.831986096444725 8.83160886300895 8.83438303929502 8.84347651338597 8.847589626395958 8.849427988113769 8.849899960530701 8.84901090955529 8.847670216840305 8.848580392685138 8.844545201812807 8.844554605494562 8.840988583841249 8.835217511320407 8.830367023177592 8.824665578487375 8.826901263432482 -9999 -9999 -9999 -9999 -9999 -9999 -9999 -9999 -9999 -9999 -9999 -9999
8.784955145625757 8.788497310263423 8.792927870351189 8.796438545986682 8.79948124330223 8.802056185422973 8.804615945544336 8.807612727000382 8.810594601089077 8.81356179896929 8.816966623787643 8.821261962184611 8.827355962660267 8.83434930629057 8.839064010639655 8.838316202172795 8.84482069205199 8.844501838826977 8.846442616006634 8.850186366117025 8.851651186042702 8.85491946473388 8.860447024060713 8.863241942242087 8.86421185576598 8.865174691346365 8.866130947853192 8.867081139984373 8.865767203407717 8.863554711083573 8.862247630383424 8.862289123941608 8.85875000603976 8.853447727682823 8.850394447125392 8.85045415286467 8.8509576775867 8.849696641766805 8.848884086569369 -9999 -9999 -9999 -9999 -9999 -9999 -9999 -9999 -9999
8.80294365490734 8.80471260958803 8.807372719825477 8.810923395379554 8.814458508134749 8.817524906880484 8.82012283712739 8.822705845385133 8.825727105789563 8.828280819877042 8.831273129300234 8.834704245927783 8.839027914223921 8.84379252604466 8.850817151768236 8.856015983201475 8.86074929233915 8.862283129684798 8.866081906510068 8.869869742934684 8.871824610152014 8.873314271283844 8.874794834113612 8.876721242937903 8.878638944237002 8.880094363120147 8.881542599172024 8.881624566916427 8.880346662187089 8.881327758435718 8.87869866577647 8.877876805819355 8.876608740280622 8.874450901504497 8.875427419994214 8.875064461492789 8.876486254727105 8.873904738706779 8.875329128762841 8.875867482898542 8.879954822729715 -9999 -9999 -9999 -9999 -9999 -9999 -9999
8.821962952922423 8.823765126297545 8.824188453323927 8.826870602621115 8.829991620077898 8.833551621138293 8.83618760779885 8.838808723543142 8.841415191434255 8.844007250131032 8.846585153922481 8.850056796946019 8.853060816090384 8.85695936693341 8.861299486255806 8.865627677473066 8.871309750629894 8.875616120062533 8.87900009486411 8.881917147940532 8.884367717690525 8.886352569293116 8.888327902142724 8.890294176704266 8.89270664874702 8.894656037221612 8.89568925249867 8.893996114421801 8.894568319858406 8.897398292376295 8.896605415814301 8.894912892939754 8.895025560740383 8.893342017695854 8.895700030130513 8.896261916842448 8.898615760417007 8.900072688609288 8.899294487751636 8.900308011700405 8.902662306155444 8.898783543415322 -9999 -9999 -9999 -9999 -9999 -9999
8.835171794866481 8.837923083330393 8.842482596731605 8.844290152549856 8.846994472629358 8.849683556940679 8.852357601140765 8.855016816523174 8.857661430049918 8.860291684383167 8.862907837916346 8.865510164805519 8.868098955000844 8.871129197406123 8.874601157229442 8.878060474216204 8.881962555354281 8.886308360590563 8.890643439972878 8.894056412838193 8.897002875110825 8.899483293088357 8.901953967134311 8.904870867520247 8.90686796886582 8.908857103337795 8.909474546551964 8.908272016312884 8.908429846388774 8.912207275478822 8.914619762642408 8.9156688783074 8.917619872784147 8.916856209713123 8.917448826787398 8.918942732719987 8.919535285218608 8.921028737261803 8.922972201390504 8.922222249064745 8.925066253720102 8.920747421868276 8.919132448630144 -9999 -9999 -9999 -9999 -9999
8.847105385906255 8.850808259004062 8.856778846690164 8.861364942085297 8.864107012438733 8.866376931230164 8.869088902667023 8.87178607803575 8.874012220766838 8.876680636638767 8.878878879912744 8.881519586626371 8.88369104460614 8.886305218713268 8.888906545237733 8.891950759743407 8.895438162604748 8.89891371982616 8.902377827929223 8.905830900281668 8.909273367133645 8.912249748750698 8.915216350945279 8.917717846844793 8.920210651381801 8.922695268895794 8.92471686107051 8.925821689242461 8.924196855432012 8.927109255360023 8.93001610541959 8.934279874869393 8.937631651628672 8.939617336120735 8.940693022524734 8.939956312564878 8.941937884023943 8.942110615501296 8.944092614084719 8.943819774979099 8.944453884632708 8.942845278020554 8.939459152455475 8.939223594932333 -9999 -9999 -9999 -9999
8.862785660429228 8.866528779146298 8.873003027014844 8.879007427719747 8.878121711366289 8.881802707905846 8.885468620338699 8.888203855399285 8.890924552825467 8.893173458003545 8.895865972791785 8.898087595737392 8.9002961310221 8.902491893287912 8.90467521297102 8.906846436324463 8.909461942275302 8.912521735862798 8.915570072280474 8.919063426780271 8.922090088027996 8.925106582728471 8.927657359058946 8.930654939061368 8.933643789711942 8.936168548529702 8.938685742667976 8.94074037221558 8.938695775023174 8.942103427199742 8.946869759460919 8.951632986717106 8.954116638689742 8.955686975342402 8.957255392001029 8.958368417432348 8.958121161660312 8.961049005029794 8.962164278667506 8.962377180924669 8.961241101538707 8.961467318759306 8.960800771088412 8.959247641403298 8.956815557988373 -9999 -9999 -9999
8.881319485366252 8.885103324767785 8.892088104392233 8.89952390216171 8.89727953381812 8.895493165860467 8.898282189845006 8.903348508035101 8.907483689319147 8.910228167892065 8.912958652236343 8.915217016563613 8.917004243635725 8.918779292959227 8.920542500914031 8.922751314627762 8.924948447313875 8.927591022297275 8.930222343620573 8.933299420911453 8.935909373150597 8.938965818450194 8.941556195885056 8.944593873169799 8.947166601402882 8.949731327645054 8.952288581588526 8.954838909360847 8.953285181310124 8.957644069644074 8.963365358766733 8.966349258682783 8.968417799425236 8.970028089543002 8.971636600572863 8.973244005974152 8.974850995620733 8.976458275856896 8.97806656955597 8.978770266686064 8.976765089564012 8.977481336047815 8.977302124500858 8.977582014744028 8.97472901792088 8.972347552851684 -9999 -9999
8.900430994892028 8.903334090451454 8.912678785822278 8.919709145457194 8.917941922819912 8.91479093259336 8.9148587214381 8.916752546355388 8.920468734706429 8.926468139677677 8.929696465871896 8.931991724632901 8.934273955954563 8.935625564970701 8.937424603030435 8.938754041808028 8.940988698043068 8.942754515756244 8.945424662869502 8.948084026281117 8.950733042015061 8.953372162405874 8.9560018561187 8.958622608170545 8.961234919952934 8.963839309255807 8.966436310293064 8.969026473729777 8.971610366711108 8.975100914435187 8.977673802953005 8.979786230089536 8.981895155574774 8.983545776891294 8.98564987363714 8.987297551412729 8.989399534643153 8.991047047926967 8.99269572457254 8.994346308587822 8.994640045561832 8.995845090721092 8.994795857630109 8.995111854005922 8.994986512970153 8.991281112446192 8.989395543602662 -9999
8.922902328820928 8.928622217111702 8.935721320742493 8.940485763571433 8.93734472611301 8.931899969357888 8.933380607545637 8.935769485433504 8.936763018043955 8.940965398331112 8.94607531553037 8.947947101544148 8.950726899884843 8.953033502944212 8.954408208039931 8.955772248967728 8.957584873055314 8.959386845151379 8.961178574081607 8.963418459399051 8.965648404428574 8.96832648236252 8.970995191598785 8.973655021717656 8.975849239325848 8.978492969844895 8.98112938751819 8.98375904758916 8.985925878061229 8.988543874885478 8.991156877605526 8.993765507499916 8.995914338027971 8.998060424918751 9.00020443583279 9.002347054886087 9.004033907714579 9.00572133178019 9.00786448073761 9.009554933371646 9.010794433906671 9.01203829480888 9.012381852773174 9.01318559635342 9.013094319664116 9.01166329634614 9.008903488831649 9.004382202653476
8.951116158178554 8.951292364274774 8.95844946378264 8.960925505595823 8.960589743713731 8.953744556560752 8.952477417854642 8.952129197230756 8.955002519091373 8.95970863848415 8.960245287982335 8.961693652091766 8.966356147012648 8.967778468546845 8.971031873648627 8.973351614888788 8.974739445963761 8.976117413540447 8.977485933855878 8.979304257890913 8.981571835483868 8.983829976270867 8.986079157040107 8.988319870754468 8.99101039356279 8.993693126702436 8.995911099631577 8.998580025157022 9.00078567876803 9.003443098037149 9.005638796220902 9.008287141935593 9.010475379599391 9.012660975911002 9.014844603073325 9.017026949706 9.018753256261512 9.02093539508441 9.022663502492025 9.024393796018499 9.026127045027907 9.02741021405393 9.028245418483149 9.028635124524484 9.029033999400262 9.028540660616802 9.0280613501452 9.02445517415469
8.970629036103041 8.974109232114765 8.975700428175292 8.977745248327752 8.980242944428438 8.978523855917821 8.97354689933262 8.973221195335068 8.97427706743626 8.975321259997028 8.97820399805173 8.981073051534098 8.982541924888503 8.982614793978007 8.984984727907323 8.991033404340184 8.991993918457311 8.992945543904927 8.994348901151207 8.995743270556416 8.997588534763658 8.999424964790895 9.001711906983425 9.003990429170615 9.006261045225248 9.008524285237398 9.010780695521866 9.01348864655666 9.015732870647899 9.018429452620143 9.02066387288087 9.022894439805182 9.02557866644683 9.027803247834822 9.030025957656937 9.031791299637455 9.03401258711894 9.035778497198162 9.037545960203758 9.039315733395469 9.041088590404568 9.042411118009841 9.043285440616533 9.044167027197442 9.04460427709907 9.045051711930636 9.044608319432164 9.043730132131364
