output/Mappa_Temperature_20070101_0100.asc
NCOLS 153
NROWS 173
XLLCORNER 628082.1585431173
YLLCORNER 5141515.270487413
CELLSIZE 30.005356186399773
NODATA_VALUE -9999
[rows 126 to 146 of 173, columns 46 to 91 of 153]
-1.4941912808608437 -1.4941912808608437 -1.4941912808608437 -1.4941912808608437 -1.4941912808608437 -1.4941912808608437 -1.4941912808608437 -1.4941912808608437 -1.4941912808608437 -1.4941912808608437 -1.4941912808608437 -1.4941912808608437 -1.4941912808608437 -1.4941912808608437 -1.4941912808608437 -1.4941912808608437 -1.4941912808608437 -1.4941912808608437 -1.4941912808608437 -1.4941912808608437 -1.4941912808608437 -1.4941912808608437 -1.4941912808608437 -1.4941912808608437 -1.4941912808608437 -1.4941912808608437 -1.4941912808608437 -1.4941912808608437 -1.4941912808608437 -1.4941912808608437 -1.4894871877109348 -1.4811757100726082 -1.4742908756252442 -1.4687852800286194 -1.464715121618697 -1.4621239168400813 -1.4610402861221523 -1.4614764165453535 -1.4634273874833486 -1.4668714443047415 -1.4717711853550135 -1.4780755153130523 -1.485722137511054 -1.4941912808608437 -1.4941912808608437 -1.4941912808608437
-1.4941912808608437 -1.4941912808608437 -1.4941912808608437 -1.4941912808608437 -1.4941912808608437 -1.4941912808608437 -1.4941912808608437 -1.4941912808608437 -1.4941912808608437 -1.4941912808608437 -1.4941912808608437 -1.4941912808608437 -1.4941912808608437 -1.4941912808608437 -1.4941912808608437 -1.4941912808608437 -1.4941912808608437 -1.4941912808608437 -1.4941912808608437 -1.4941912808608437 -1.4941912808608437 -1.4941912808608437 -1.4941912808608437 -1.4941912808608437 -1.4941912808608437 -1.4941912808608437 -1.4941912808608437 -1.4941912808608437 -1.48749160171319 -1.476335952941321 -1.4663778430903824 -1.4577070850060678 -1.4504093142667251 -1.444562566856023 -1.440233666207724 -1.437474743135574 -1.4363202675243871 -1.436784961505038 -1.4388628777249923 -1.4425277739064548 -1.4477347299514642 -1.4544227823714397 -1.4625182336596825 -1.4719382525696698 -1.482594411809668 -1.4941912808608437
-1.4941912808608437 -1.4941912808608437 -1.4941912808608437 -1.4941912808608437 -1.4941912808608437 -1.4941912808608437 -1.4941912808608437 -1.4941912808608437 -1.4941912808608437 -1.4941912808608437 -1.4941912808608437 -1.4941912808608437 -1.4941912808608437 -1.4941912808608437 -1.4941912808608437 -1.4941912808608437 -1.4941912808608437 -1.4941912808608437 -1.4941912808608437 -1.4941912808608437 -1.4941912808608437 -1.4941912808608437 -1.4941912808608437 -1.4941912808608437 -1.4941912808608437 -1.4941912808608437 -1.4927118232644692 -1.4787891611163477 -1.4658951549340669 -1.4541297432092446 -1.4435966043083985 -1.43439956994527 -1.4266390168324505 -1.4204075777544376 -1.4157854553499276 -1.4128357805234053 -1.411600567172962 -1.4120978250871636 -1.4143202740602863 -1.4182358672004554 -1.4237900380195616 -1.4309093167244982 -1.4395057883683484 -1.4494818221844683 -1.4607345742648996 -1.4731599100813078
-1.4941912808608437 -1.4941912808608437 -1.4941912808608437 -1.4941912808608437 -1.4941912808608437 -1.4941912808608437 -1.4941912808608437 -1.4941912808608437 -1.4941912808608437 -1.4941912808608437 -1.4941912808608437 -1.4941912808608437 -1.4941912808608437 -1.4941912808608437 -1.4941912808608437 -1.4941912808608437 -1.4941912808608437 -1.4941912808608437 -1.4941912808608437 -1.4941912808608437 -1.4941912808608437 -1.4941912808608437 -1.4941912808608437 -1.4941912808608437 -1.4941912808608437 -1.4884490242800625 -1.472876217145509 -1.4582550944960961 -1.4446746163657982 -1.4322402978564979 -1.4210703499983477 -1.4112851735617626 -1.403003070706608 -1.396334875348617 -1.3913778322933876 -1.388209323967621 -1.3868812571187457 -1.387415982157978 -1.3898044570227763 -1.3940069957673311 -1.3999564617286397 -1.4075633301048236 -1.4167217872055908 -1.4273160043108193 -1.4392258837461231 -1.452331831784067
-1.4941912808608437 -1.4941912808608437 -1.4941912808608437 -1.4941912808608437 -1.4941912808608437 -1.4941912808608437 -1.4941912808608437 -1.4941912808608437 -1.4941912808608437 -1.4941912808608437 -1.4941912808608437 -1.4941912808608437 -1.4941912808608437 -1.4941912808608437 -1.4941912808608437 -1.4941912808608437 -1.4941912808608437 -1.4941912808608437 -1.4941912808608437 -1.4941912808608437 -1.4941912808608437 -1.4941912808608437 -1.4941912808608437 -1.4941912808608437 -1.48697310998551 -1.4698509920154905 -1.4536208125191648 -1.43822519504817 -1.4238956335598782 -1.4107268175552747 -1.3988498360743227 -1.3884045922394355 -1.379531228729589 -1.3723634438761203 -1.3670204559902364 -1.363598410042659 -1.3621624329387299 -1.362740724549993 -1.3653218649733114 -1.369855914821365 -1.376259070010092 -1.3844209059887227 -1.394212860006046 -1.4054966285603898 -1.418131494682985 -1.431980056348439
-1.4941912808608437 -1.4941912808608437 -1.4941912808608437 -1.4941912808608437 -1.4941912808608437 -1.4941912808608437 -1.4941912808608437 -1.4941912808608437 -1.4941912808608437 -1.4941912808608437 -1.4941912808608437 -1.4941912808608437 -1.4941912808608437 -1.4941912808608437 -1.4941912808608437 -1.4941912808608437 -1.4941912808608437 -1.4941912808608437 -1.4941912808608437 -1.4941912808608437 -1.4941912808608437 -1.4941912808608437 -1.4941912808608437 -1.4883508235591918 -1.4698004968431166 -1.451971661714323 -1.4349263992642003 -1.4187733659035187 -1.4036381585700104 -1.389662765746454 -1.3770002950931577 -1.3658113044070512 -1.3562669815627646 -1.3485184677885997 -1.3427262824102837 -1.3390071418657383 -1.337444224183177 -1.338073801102787 -1.3408811652783095 -1.3458022991958782 -1.3527308623638759 -1.3615288139604802 -1.372038411656829 -1.3840935292437053 -1.397528938460364 -1.412187007881986
-1.4941912808608437 -1.4941912808608437 -1.4941912808608437 -1.4941912808608437 -1.4941912808608437 -1.4941912808608437 -1.4941912808608437 -1.4941912808608437 -1.4941912808608437 -1.4941912808608437 -1.4941912808608437 -1.4941912808608437 -1.4941912808608437 -1.4941912808608437 -1.4941912808608437 -1.4941912808608437 -1.4941912808608437 -1.4941912808608437 -1.4941912808608437 -1.4941912808608437 -1.4941912808608437 -1.4941912808608437 -1.492799320794786 -1.472723358471601 -1.453479490462562 -1.4348838616555835 -1.417009114632294 -1.400007609115622 -1.3840008674350084 -1.3691409208007799 -1.355714919731773 -1.3440010035474492 -1.3337942750727758 -1.3253448952038422 -1.3185143941710042 -1.3144412006360502 -1.3127268109505652 -1.3134176390454273 -1.3164943023008941 -1.3218729385741044 -1.3294160565912625 -1.3389485433018693 -1.3502749284541888 -1.3631946809437474 -1.3775137675961773 -1.3930521143554087
-1.4941912808608437 -1.4941912808608437 -1.4941912808608437 -1.4941912808608437 -1.4941912808608437 -1.4941912808608437 -1.4941912808608437 -1.4941912808608437 -1.4941912808608437 -1.4941912808608437 -1.4941912808608437 -1.4941912808608437 -1.4941912808608437 -1.4941912808608437 -1.4941912808608437 -1.4941912808608437 -1.4941912808608437 -1.4941912808608437 -1.4941912808608437 -1.4941912808608437 -1.4941912808608437 -1.4941912808608437 -1.4786359196510026 -1.4580446474321207 -1.4380870294135606 -1.4186636809950486 -1.399946760188819 -1.3820634053309278 -1.3652597478519706 -1.3497887246269797 -1.3354097424174367 -1.3225819327771535 -1.3114020858600826 -1.302232163644099 -1.2948228006159792 -1.289932233054418 -1.2880104511933035 -1.28877570759476 -1.292178191815243 -1.2981051927436036 -1.3063750784087542 -1.3167621587487321 -1.3290219190856987 -1.3429115881081581 -1.3582040130686397 -1.3746951984950277
-1.4941912808608437 -1.4941912808608437 -1.4941912808608437 -1.4941912808608437 -1.4941912808608437 -1.4941912808608437 -1.4941912808608437 -1.4941912808608437 -1.4941912808608437 -1.4941912808608437 -1.4941912808608437 -1.4941912808608437 -1.4941912808608437 -1.4941912808608437 -1.4941912808608437 -1.4941912808608437 -1.4941912808608437 -1.4941912808608437 -1.4941912808608437 -1.4941912808608437 -1.4941912808608437 -1.4884786513354404 -1.465704421337014 -1.4444046863884477 -1.4236793147527511 -1.403455532685652 -1.38395472266372 -1.3652807521286425 -1.3481437129917757 -1.3316511249434733 -1.3159682843571598 -1.3020721019392636 -1.2892158541254717 -1.2785036710628808 -1.2707125429433757 -1.2655861494570213 -1.26332215209771 -1.2641531429052648 -1.2679575740426183 -1.2745526104329015 -1.2836923048245716 -1.295080890032275 -1.3084100860224446 -1.3233861820206372 -1.3397454384049954 -1.3572600981829017
-1.4941912808608437 -1.4941912808608437 -1.4941912808608437 -1.4941912808608437 -1.4941912808608437 -1.4941912808608437 -1.4941912808608437 -1.4941912808608437 -1.4941912808608437 -1.4941912808608437 -1.4941912808608437 -1.4941912808608437 -1.4941912808608437 -1.4941912808608437 -1.4941912808608437 -1.4941912808608437 -1.4941912808608437 -1.4941912808608437 -1.4941912808608437 -1.4941912808608437 -1.4941912808608437 -1.4767650617740995 -1.4542935118593332 -1.4322654122861633 -1.4106163560183211 -1.3897405697477974 -1.370056353773767 -1.3511863355063178 -1.3330012996957352 -1.3153250869407753 -1.297977836100228 -1.2813320558564403 -1.2673015033002408 -1.2554354830401944 -1.246738261514361 -1.2413638890387126 -1.2389023589327297 -1.2395597658879651 -1.2438700519224726 -1.2512944033054751 -1.2614883445498286 -1.2740577951901388 -1.2886124115302509 -1.304799333036472 -1.3223173302760771 -1.3409180915664896
-1.4941912808608437 -1.4941912808608437 -1.4941912808608437 -1.4941912808608437 -1.4941912808608437 -1.4941912808608437 -1.4941912808608437 -1.4941912808608437 -1.4941912808608437 -1.4941912808608437 -1.4941912808608437 -1.4941912808608437 -1.4941912808608437 -1.4941912808608437 -1.4941912808608437 -1.4941912808608437 -1.4941912808608437 -1.4941912808608437 -1.4941912808608437 -1.4941912808608437 -1.4897958593308325 -1.466475719194221 -1.4435855249362863 -1.4210014007906586 -1.3988014388792518 -1.3774462459813654 -1.35742862722311 -1.3383701091713687 -1.319190839963697 -1.3003680040346646 -1.2819920120215422 -1.2637319703463539 -1.2470449862141562 -1.2337172513348733 -1.2236531650213496 -1.2167456031521326 -1.213907883908802 -1.215081341537014 -1.2199755051804888 -1.2284520626424587 -1.2399398746425936 -1.2539063254803597 -1.2698587023300283 -1.287380639204813 -1.306138078215279 -1.3258703096875613
-1.4941912808608437 -1.4941912808608437 -1.4941912808608437 -1.4941912808608437 -1.4941912808608437 -1.4941912808608437 -1.4941912808608437 -1.4941912808608437 -1.4941912808608437 -1.4941912808608437 -1.4941912808608437 -1.4941912808608437 -1.4941912808608437 -1.4941912808608437 -1.4941912808608437 -1.4941912808608437 -1.4941912808608437 -1.4941912808608437 -1.4941912808608437 -1.4941912808608437 -1.4817275244250385 -1.4579450022955696 -1.4342931208162328 -1.4114090360371492 -1.3887649145128298 -1.3675370049684945 -1.34653851730337 -1.3257740107407088 -1.305301368204633 -1.2853246583255946 -1.266573270416347 -1.2494208915315284 -1.2326564568827423 -1.2171458269560933 -1.2018731957866688 -1.1934981876750648 -1.1906647213288233 -1.1914414612720623 -1.19637490735321 -1.206219722039012 -1.2193119788111275 -1.2349268143280514 -1.2524533228978316 -1.2714181112044765 -1.2914689475283854 -1.3123477698415473
-1.4941912808608437 -1.4941912808608437 -1.4941912808608437 -1.4941912808608437 -1.4941912808608437 -1.4941912808608437 -1.4941912808608437 -1.4941912808608437 -1.4941912808608437 -1.4941912808608437 -1.4941912808608437 -1.4941912808608437 -1.4941912808608437 -1.4941912808608437 -1.4941912808608437 -1.4941912808608437 -1.4941912808608437 -1.4941912808608437 -1.4941912808608437 -1.4941912808608437 -1.474925289307301 -1.4505466419670643 -1.42643503356661 -1.403118989776732 -1.3806153578042133 -1.3582839989824538 -1.3383027862431454 -1.3176397178742159 -1.2957031605206557 -1.2735115048213717 -1.2512310235509316 -1.2339867687940391 -1.2150179203687648 -1.19857922315518 -1.1836554294846509 -1.176049207237449 -1.1710928473837248 -1.168764889532973 -1.1732540675411676 -1.1849217389321458 -1.2000101816414932 -1.217541590148361 -1.236793436748606 -1.2572643565954436 -1.278613205347278 -1.3006070543429313
-1.4941912808608437 -1.4941912808608437 -1.4941912808608437 -1.4941912808608437 -1.4941912808608437 -1.4941912808608437 -1.4941912808608437 -1.4941912808608437 -1.4941912808608437 -1.4941912808608437 -1.4941912808608437 -1.4941912808608437 -1.4941912808608437 -1.4941912808608437 -1.4941912808608437 -1.4941912808608437 -1.4941912808608437 -1.4941912808608437 -1.4941912808608437 -1.4941912808608437 -1.469945950115909 -1.4451781239329073 -1.4211947089386616 -1.3970143633179029 -1.3753907208188298 -1.355366376447949 -1.3338034178163176 -1.311483485681928 -1.2891383678433768 -1.266235637399848 -1.2407344329890586 -1.217789446507555 -1.197899773648582 -1.1801252359494556 -1.1655139724445045 -1.1555184221603827 -1.1508748137415288 -1.146827193741584 -1.15096938908017 -1.1651239096002983 -1.1826586754000137 -1.202333287985835 -1.2233796616225399 -1.2453327388553828 -1.2679064238844757 -1.290919313248669
-1.4941912808608437 -1.4941912808608437 -1.4941912808608437 -1.4941912808608437 -1.4941912808608437 -1.4941912808608437 -1.4941912808608437 -1.4941912808608437 -1.4941912808608437 -1.4941912808608437 -1.4941912808608437 -1.4941912808608437 -1.4941912808608437 -1.4941912808608437 -1.4941912808608437 -1.4941912808608437 -1.4941912808608437 -1.4941912808608437 -1.4941912808608437 -1.4931523955303665 -1.4667988568172194 -1.442609186902817 -1.4178469535964975 -1.3965440674700416 -1.3751634426503712 -1.3531352845048215 -1.3287452526487578 -1.3054748291784424 -1.2845017701005332 -1.2609050530868617 -1.2345604047182992 -1.2098435243351935 -1.1893036330419535 -1.1729804166750033 -1.149937515190165 -1.1317315606793532 -1.1217785026487992 -1.1238341137169396 -1.1303318984290864 -1.1478386569534673 -1.1681940103801816 -1.190063832751025 -1.2128020621248525 -1.2360738589231623 -1.2596933944031936 -1.2835508043407668
-1.4941912808608437 -1.4941912808608437 -1.4941912808608437 -1.4941912808608437 -1.4941912808608437 -1.4941912808608437 -1.4941912808608437 -1.4941912808608437 -1.4941912808608437 -1.4941912808608437 -1.4941912808608437 -1.4941912808608437 -1.4941912808608437 -1.4941912808608437 -1.4941912808608437 -1.4941912808608437 -1.4941912808608437 -1.4941912808608437 -1.4941912808608437 -1.4931125579615507 -1.4664430767394254 -1.441989738293546 -1.4187859285986744 -1.3970329871941325 -1.3756113664634115 -1.3526081060825073 -1.3285411864552963 -1.3043429746528512 -1.2828269784331543 -1.2592108537558322 -1.2340950713728405 -1.210783410568093 -1.1847128021900815 -1.153977691958617 -1.1295078371919576 -1.1066762624275501 -1.0939550637003634 -1.097333116751823 -1.1134299463809336 -1.1348122188236314 -1.1578953892855095 -1.1816209840039829 -1.2056768962234239 -1.2299254384502085 -1.2543051961830307 -1.27895797322804
-1.4941912808608437 -1.4941912808608437 -1.4941912808608437 -1.4941912808608437 -1.4941912808608437 -1.4941912808608437 -1.4941912808608437 -1.4941912808608437 -1.4941912808608437 -1.4941912808608437 -1.4941912808608437 -1.4941912808608437 -1.4941912808608437 -1.4941912808608437 -1.4941912808608437 -1.4941912808608437 -1.4941912808608437 -1.4941912808608437 -1.4941912808608437 -1.4937886650379353 -1.467770502090432 -1.4443990390139283 -1.4199189084003898 -1.3983818826221825 -1.3753523336432818 -1.3518232158506762 -1.3296656628521022 -1.3087008901769284 -1.285250929750352 -1.2590846915672897 -1.2353215729431328 -1.2009956752780397 -1.1703362980956378 -1.1429934471463752 -1.1165653877827595 -1.0917576499224537 -1.0675715344328307 -1.079868195778941 -1.103930273520905 -1.1284941709413883 -1.1531449336382045 -1.1778255005374698 -1.2025204615400653 -1.2272962290662703 -1.2525665635815642 -1.2783369505169213
-1.4941912808608437 -1.4941912808608437 -1.4941912808608437 -1.4941912808608437 -1.4941912808608437 -1.4941912808608437 -1.4941912808608437 -1.4941912808608437 -1.4941912808608437 -1.4941912808608437 -1.4941912808608437 -1.4941912808608437 -1.4941912808608437 -1.4941912808608437 -1.4941912808608437 -1.4941912808608437 -1.4941912808608437 -1.4941912808608437 -1.4941912808608437 -1.4941912808608437 -1.472002105141273 -1.447033001786605 -1.4269029809025264 -1.4038590985846184 -1.3799654296581971 -1.3570967953940403 -1.334551344300183 -1.3099911255167414 -1.2859325501837906 -1.2546330905008167 -1.2227914490013556 -1.1954168131344876 -1.1668173409333207 -1.1415091300866202 -1.1171692687098966 -1.0947046777497966 -1.0795002550829593 -1.08628979950766 -1.1072634372672712 -1.1306890976086845 -1.1547888889402986 -1.1793011387074952 -1.2041218995080576 -1.229023941336703 -1.2539132843916185 -1.2806209179239765
-1.4941912808608437 -1.4941912808608437 -1.4941912808608437 -1.4941912808608437 -1.4941912808608437 -1.4941912808608437 -1.4941912808608437 -1.4941912808608437 -1.4941912808608437 -1.4941912808608437 -1.4941912808608437 -1.4941912808608437 -1.4941912808608437 -1.4941912808608437 -1.4941912808608437 -1.4941912808608437 -1.4941912808608437 -1.4941912808608437 -1.4941912808608437 -1.4941912808608437 -1.4795834579349336 -1.4570717548419132 -1.4329833256674227 -1.4095556658049317 -1.3875226770626303 -1.36364090215114 -1.3392749886444342 -1.3085666276695027 -1.283309576377426 -1.2495977222978758 -1.2224589057960253 -1.1969717951360799 -1.172379530081182 -1.1498126467583065 -1.129237025680308 -1.1122488697208168 -1.1029987195960904 -1.106928995686983 -1.1213953606179845 -1.1415244988261644 -1.1633215723781383 -1.1866444875488429 -1.2112576596069708 -1.2354200908824589 -1.2601015809643012 -1.2868346996123712
-1.4941912808608437 -1.4941912808608437 -1.4941912808608437 -1.4941912808608437 -1.4941912808608437 -1.4941912808608437 -1.4941912808608437 -1.4941912808608437 -1.4941912808608437 -1.4941912808608437 -1.4941912808608437 -1.4941912808608437 -1.4941912808608437 -1.4941912808608437 -1.4941912808608437 -1.4941912808608437 -1.4941912808608437 -1.4941912808608437 -1.4941912808608437 -1.4941912808608437 -1.4885409078241079 -1.4661110508078026 -1.4418944326962155 -1.418096143727996 -1.3935238900300004 -1.3639170112081593 -1.3342535571414322 -1.3064586245319174 -1.281103861706255 -1.2531601512297468 -1.228392624524055 -1.205590916372799 -1.1840145221456848 -1.1641297782255522 -1.1471984588461253 -1.1343418868063058 -1.127698514671242 -1.1301009917552027 -1.141387834559042 -1.1585009874998615 -1.1790084168367154 -1.20056668479123 -1.2232250331128443 -1.2470118485020405 -1.2706231423207166 -1.2956393487879625
-1.4941912808608437 -1.4941912808608437 -1.4941912808608437 -1.4941912808608437 -1.4941912808608437 -1.4941912808608437 -1.4941912808608437 -1.4941912808608437 -1.4941912808608437 -1.4941912808608437 -1.4941912808608437 -1.4941912808608437 -1.4941912808608437 -1.4941912808608437 -1.4941912808608437 -1.4941912808608437 -1.4941912808608437 -1.4941912808608437 -1.4941912808608437 -1.4941912808608437 -1.4941912808608437 -1.4753118728725598 -1.4531014138568579 -1.4251056743286048 -1.391305751175098 -1.3630412985081686 -1.335514050185259 -1.3094040658877113 -1.284747578754848 -1.261477017027533 -1.2398558900645718 -1.2193488681518423 -1.2004424959229996 -1.1825637583797528 -1.168158439200272 -1.1569461109797725 -1.1526833382008208 -1.1563225455454078 -1.1665005353133806 -1.180935435463138 -1.1992393801311065 -1.2192240514464074 -1.2398585494457406 -1.2617968831871296 -1.2844611311194 -1.3094924396596948
