output/Mappa_Temperature_20070101_0800.asc
NCOLS 153
NROWS 173
XLLCORNER 628082.1585431173
YLLCORNER 5141515.270487413
CELLSIZE 30.005356186399773
NODATA_VALUE -9999
[rows 126 to 146 of 173, columns 46 to 91 of 153]
-1.8387784610501647 -1.8387784610501647 -1.8387784610501647 -1.8387784610501647 -1.8387784610501647 -1.8387784610501647 -1.8387784610501647 -1.8387784610501647 -1.8387784610501647 -1.8387784610501647 -1.8387784610501647 -1.8387784610501647 -1.8387784610501647 -1.8387784610501647 -1.8387784610501647 -1.8387784610501647 -1.8387784610501647 -1.8387784610501647 -1.8387784610501647 -1.8387784610501647 -1.8387784610501647 -1.8387784610501647 -1.8387784610501647 -1.8387784610501647 -1.8387784610501647 -1.8387784610501647 -1.8387784610501647 -1.8387784610501647 -1.8387784610501647 -1.8387784610501647 -1.8329891887431888 -1.82276035062536 -1.8142872655621927 -1.8075115935877628 -1.8025024973354864 -1.7993135319837192 -1.7979799203594655 -1.7985166609597902 -1.8009176980275337 -1.8051562583928042 -1.8111863122777359 -1.8189449772694826 -1.8283555855891007 -1.8387784610501647 -1.8387784610501647 -1.8387784610501647
-1.8387784610501647 -1.8387784610501647 -1.8387784610501647 -1.8387784610501647 -1.8387784610501647 -1.8387784610501647 -1.8387784610501647 -1.8387784610501647 -1.8387784610501647 -1.8387784610501647 -1.8387784610501647 -1.8387784610501647 -1.8387784610501647 -1.8387784610501647 -1.8387784610501647 -1.8387784610501647 -1.8387784610501647 -1.8387784610501647 -1.8387784610501647 -1.8387784610501647 -1.8387784610501647 -1.8387784610501647 -1.8387784610501647 -1.8387784610501647 -1.8387784610501647 -1.8387784610501647 -1.8387784610501647 -1.8387784610501647 -1.8305332444443059 -1.8168041182465022 -1.8045487891633656 -1.7938777888114752 -1.7848965078934398 -1.777700984379771 -1.7723734570872183 -1.7689780827972814 -1.7675572831932065 -1.7681291766289151 -1.77068644376735 -1.7751967885447903 -1.7816049283231432 -1.7898358360515143 -1.7997988130721554 -1.8113919199407624 -1.8245063302257796 -1.8387784610501647
-1.8387784610501647 -1.8387784610501647 -1.8387784610501647 -1.8387784610501647 -1.8387784610501647 -1.8387784610501647 -1.8387784610501647 -1.8387784610501647 -1.8387784610501647 -1.8387784610501647 -1.8387784610501647 -1.8387784610501647 -1.8387784610501647 -1.8387784610501647 -1.8387784610501647 -1.8387784610501647 -1.8387784610501647 -1.8387784610501647 -1.8387784610501647 -1.8387784610501647 -1.8387784610501647 -1.8387784610501647 -1.8387784610501647 -1.8387784610501647 -1.8387784610501647 -1.8387784610501647 -1.8369577099257524 -1.8198232527955704 -1.8039547505065596 -1.7894751961890583 -1.7765121855936246 -1.7651935031934265 -1.7556426814322272 -1.7479737223922371 -1.7422853305209156 -1.738655200282508 -1.7371350376889878 -1.7377470071760648 -1.7404821490798783 -1.7453010236661965 -1.7521364765976262 -1.7608980894608683 -1.7714776663611285 -1.7837550542581422 -1.7976036843597292 -1.8128953995223414
-1.8387784610501647 -1.8387784610501647 -1.8387784610501647 -1.8387784610501647 -1.8387784610501647 -1.8387784610501647 -1.8387784610501647 -1.8387784610501647 -1.8387784610501647 -1.8387784610501647 -1.8387784610501647 -1.8387784610501647 -1.8387784610501647 -1.8387784610501647 -1.8387784610501647 -1.8387784610501647 -1.8387784610501647 -1.8387784610501647 -1.8387784610501647 -1.8387784610501647 -1.8387784610501647 -1.8387784610501647 -1.8387784610501647 -1.8387784610501647 -1.8387784610501647 -1.8317115331762317 -1.8125462619511747 -1.7945522176681046 -1.7778388823982145 -1.7625361123407384 -1.7487893884250347 -1.736746886468139 -1.7265541995516829 -1.71834772967677 -1.7122471548859242 -1.7083477088247543 -1.7067132725189706 -1.7073713523577023 -1.710310820380556 -1.7154828355591487 -1.722804773589173 -1.7321664573462026 -1.7434376631617419 -1.7564758419874686 -1.771133191023075 -1.787262527669864
-1.8387784610501647 -1.8387784610501647 -1.8387784610501647 -1.8387784610501647 -1.8387784610501647 -1.8387784610501647 -1.8387784610501647 -1.8387784610501647 -1.8387784610501647 -1.8387784610501647 -1.8387784610501647 -1.8387784610501647 -1.8387784610501647 -1.8387784610501647 -1.8387784610501647 -1.8387784610501647 -1.8387784610501647 -1.8387784610501647 -1.8387784610501647 -1.8387784610501647 -1.8387784610501647 -1.8387784610501647 -1.8387784610501647 -1.8387784610501647 -1.8298951427518437 -1.8088231528397145 -1.788848861153517 -1.7699016551707134 -1.752266431791499 -1.736059724274964 -1.7214428623662108 -1.7085880231983064 -1.6976676787237772 -1.688846369912034 -1.6822708173414285 -1.6780593455005925 -1.6762921053086357 -1.6770038020169613 -1.6801803812846172 -1.6857603832929313 -1.6936406713378402 -1.7036853472189035 -1.7157361902649775 -1.7296229919774933 -1.745172573632206 -1.7622158361668379
-1.8387784610501647 -1.8387784610501647 -1.8387784610501647 -1.8387784610501647 -1.8387784610501647 -1.8387784610501647 -1.8387784610501647 -1.8387784610501647 -1.8387784610501647 -1.8387784610501647 -1.8387784610501647 -1.8387784610501647 -1.8387784610501647 -1.8387784610501647 -1.8387784610501647 -1.8387784610501647 -1.8387784610501647 -1.8387784610501647 -1.8387784610501647 -1.8387784610501647 -1.8387784610501647 -1.8387784610501647 -1.8387784610501647 -1.8315906786999818 -1.8087610090228838 -1.7868192705862729 -1.7658418658617212 -1.7459625170204995 -1.7273357947418557 -1.7101364425874288 -1.6945528883603092 -1.6807827286594244 -1.6690366423957348 -1.6595006373075163 -1.6523722626476298 -1.6477951599682938 -1.6458716954939747 -1.6466465084302124 -1.650101498618333 -1.6561578804543218 -1.664684781941465 -1.675512317858205 -1.6884463565691745 -1.7032824484957119 -1.7198172491538124 -1.7378567633964177
-1.8387784610501647 -1.8387784610501647 -1.8387784610501647 -1.8387784610501647 -1.8387784610501647 -1.8387784610501647 -1.8387784610501647 -1.8387784610501647 -1.8387784610501647 -1.8387784610501647 -1.8387784610501647 -1.8387784610501647 -1.8387784610501647 -1.8387784610501647 -1.8387784610501647 -1.8387784610501647 -1.8387784610501647 -1.8387784610501647 -1.8387784610501647 -1.8387784610501647 -1.8387784610501647 -1.8387784610501647 -1.8370653921108315 -1.8123581405727198 -1.7886749377547697 -1.765789515325343 -1.743791273658269 -1.7228677200788791 -1.7031684106937564 -1.6848804485316256 -1.6683572263705737 -1.6539410470112321 -1.6413797459017099 -1.6309811931249047 -1.6225749755581997 -1.6175621440131212 -1.6154522647200757 -1.6163024587598216 -1.6200888721694096 -1.6267082967924944 -1.6359915237298315 -1.6477230434025243 -1.6616622928626956 -1.6775624808303222 -1.6951848129518075 -1.7143076741968362
-1.8387784610501647 -1.8387784610501647 -1.8387784610501647 -1.8387784610501647 -1.8387784610501647 -1.8387784610501647 -1.8387784610501647 -1.8387784610501647 -1.8387784610501647 -1.8387784610501647 -1.8387784610501647 -1.8387784610501647 -1.8387784610501647 -1.8387784610501647 -1.8387784610501647 -1.8387784610501647 -1.8387784610501647 -1.8387784610501647 -1.8387784610501647 -1.8387784610501647 -1.8387784610501647 -1.8387784610501647 -1.8196346603201814 -1.7942932229329402 -1.7697316163435204 -1.7458275290891672 -1.7227928340178202 -1.7007839987895859 -1.6801039344714057 -1.6610639275109242 -1.6433678826292843 -1.627580847648677 -1.6138219410771784 -1.6025366252787152 -1.5934180090387589 -1.5873992448588685 -1.5850341304459412 -1.5859759225303043 -1.5901633199828713 -1.5974576105601406 -1.6076352619240457 -1.6204185199604502 -1.6355064633210816 -1.6526003161981941 -1.6714205243677398 -1.6917160329930392
-1.8387784610501647 -1.8387784610501647 -1.8387784610501647 -1.8387784610501647 -1.8387784610501647 -1.8387784610501647 -1.8387784610501647 -1.8387784610501647 -1.8387784610501647 -1.8387784610501647 -1.8387784610501647 -1.8387784610501647 -1.8387784610501647 -1.8387784610501647 -1.8387784610501647 -1.8387784610501647 -1.8387784610501647 -1.8387784610501647 -1.8387784610501647 -1.8387784610501647 -1.8387784610501647 -1.8317479948460518 -1.8037200169040921 -1.7775066827387067 -1.7520002107708545 -1.7271110392063764 -1.7031116208645554 -1.680129784188532 -1.6590394309712404 -1.6387421961555908 -1.6194415080510576 -1.6023396392145184 -1.586517605707074 -1.5733342475601981 -1.563745797496615 -1.5574368051149932 -1.5546505300992504 -1.5556732207467803 -1.5603552895590653 -1.5684717235498553 -1.5797198383192124 -1.5937356366585518 -1.6101397219436449 -1.6285706277667198 -1.6487037728662197 -1.6702588593806733
-1.8387784610501647 -1.8387784610501647 -1.8387784610501647 -1.8387784610501647 -1.8387784610501647 -1.8387784610501647 -1.8387784610501647 -1.8387784610501647 -1.8387784610501647 -1.8387784610501647 -1.8387784610501647 -1.8387784610501647 -1.8387784610501647 -1.8387784610501647 -1.8387784610501647 -1.8387784610501647 -1.8387784610501647 -1.8387784610501647 -1.8387784610501647 -1.8387784610501647 -1.8387784610501647 -1.8173322174577877 -1.789676744347334 -1.7625670203749835 -1.7359237805560614 -1.7102321950600072 -1.6860070611624811 -1.6627839508399347 -1.640403840398966 -1.618649932529076 -1.5973008742317751 -1.576815107576575 -1.5595478709856614 -1.5449444989230074 -1.5342409303237954 -1.5276267531063974 -1.5245973768544347 -1.5254064398893434 -1.5307110583948662 -1.5398481206275119 -1.5523936846425475 -1.5678627602298905 -1.5857749559775651 -1.6056960105623306 -1.6272552044517798 -1.6501469433684153
-1.8387784610501647 -1.8387784610501647 -1.8387784610501647 -1.8387784610501647 -1.8387784610501647 -1.8387784610501647 -1.8387784610501647 -1.8387784610501647 -1.8387784610501647 -1.8387784610501647 -1.8387784610501647 -1.8387784610501647 -1.8387784610501647 -1.8387784610501647 -1.8387784610501647 -1.8387784610501647 -1.8387784610501647 -1.8387784610501647 -1.8387784610501647 -1.8387784610501647 -1.8333690672881222 -1.8046692441372385 -1.776498550340217 -1.748704533443224 -1.7213833005054584 -1.695101714891821 -1.6704662660952754 -1.647011171297444 -1.6234074694672285 -1.6002424258955887 -1.577627307894188 -1.5551548886147275 -1.5346184128169764 -1.5182161257039246 -1.5058303726303435 -1.497329317195473 -1.4938369693811637 -1.49528112993112 -1.5013043197668734 -1.5117363196889049 -1.5258742352787367 -1.543062582636054 -1.5626949858608972 -1.58425902821319 -1.6073435885636105 -1.6316278145720866
-1.8387784610501647 -1.8387784610501647 -1.8387784610501647 -1.8387784610501647 -1.8387784610501647 -1.8387784610501647 -1.8387784610501647 -1.8387784610501647 -1.8387784610501647 -1.8387784610501647 -1.8387784610501647 -1.8387784610501647 -1.8387784610501647 -1.8387784610501647 -1.8387784610501647 -1.8387784610501647 -1.8387784610501647 -1.8387784610501647 -1.8387784610501647 -1.8387784610501647 -1.8234394620815555 -1.7941705908312415 -1.7650624974979179 -1.7368993225649145 -1.7090314675971459 -1.6829065281149467 -1.657063935450633 -1.6315093005868342 -1.6063138593598645 -1.5817287566415137 -1.5586516433104427 -1.5375424116451304 -1.516910618404344 -1.497821867940329 -1.4790260197574514 -1.4687189954307438 -1.4652318816070382 -1.4661878063516856 -1.472259340623089 -1.4843752386743265 -1.5004877256407223 -1.5197047207033865 -1.5412743893871272 -1.564614132086195 -1.5892904613514753 -1.6149857832696215
-1.8387784610501647 -1.8387784610501647 -1.8387784610501647 -1.8387784610501647 -1.8387784610501647 -1.8387784610501647 -1.8387784610501647 -1.8387784610501647 -1.8387784610501647 -1.8387784610501647 -1.8387784610501647 -1.8387784610501647 -1.8387784610501647 -1.8387784610501647 -1.8387784610501647 -1.8387784610501647 -1.8387784610501647 -1.8387784610501647 -1.8387784610501647 -1.8387784610501647 -1.8150680310452845 -1.7850655154847481 -1.7553916416176671 -1.7266968597926977 -1.699001903669774 -1.6715189620944253 -1.6469283177587142 -1.6214985216910676 -1.5945014576555054 -1.5671904470756468 -1.5397701199064153 -1.5185478176821394 -1.4952030782426595 -1.4749721662456892 -1.4566056282842783 -1.4472447397106163 -1.4411450057278552 -1.4382800152849209 -1.4438047940458243 -1.4581640604799906 -1.4767332300837652 -1.4983089290626541 -1.5220019510392901 -1.5471952721728037 -1.5734690501202502 -1.6005366223082715
-1.8387784610501647 -1.8387784610501647 -1.8387784610501647 -1.8387784610501647 -1.8387784610501647 -1.8387784610501647 -1.8387784610501647 -1.8387784610501647 -1.8387784610501647 -1.8387784610501647 -1.8387784610501647 -1.8387784610501647 -1.8387784610501647 -1.8387784610501647 -1.8387784610501647 -1.8387784610501647 -1.8387784610501647 -1.8387784610501647 -1.8387784610501647 -1.8387784610501647 -1.8089400166609773 -1.7784585432598787 -1.748942435515376 -1.719183967556877 -1.692572004165325 -1.6679282782361473 -1.6413909977690313 -1.6139221188839077 -1.5864222442478495 -1.5582361223141417 -1.526852088923399 -1.4986139629790038 -1.4741359757011603 -1.4522610604748671 -1.4342791497253367 -1.421977743139889 -1.4162629086825331 -1.4112815501872638 -1.416379301443365 -1.433799103954561 -1.4553789347144113 -1.4795922498346217 -1.505493775202928 -1.5325111700603085 -1.5602923396589277 -1.5886140328852179
-1.8387784610501647 -1.8387784610501647 -1.8387784610501647 -1.8387784610501647 -1.8387784610501647 -1.8387784610501647 -1.8387784610501647 -1.8387784610501647 -1.8387784610501647 -1.8387784610501647 -1.8387784610501647 -1.8387784610501647 -1.8387784610501647 -1.8387784610501647 -1.8387784610501647 -1.8387784610501647 -1.8387784610501647 -1.8387784610501647 -1.8387784610501647 -1.837499917049825 -1.805066925822645 -1.7752969825652414 -1.7448223922519268 -1.7186051799688458 -1.6922922955871345 -1.6651824995304436 -1.635165973179707 -1.6065273357473466 -1.5807160377472935 -1.5516758346753294 -1.5192537846910332 -1.4888350096887764 -1.4635568062045305 -1.443468015132061 -1.415109386340638 -1.3927035315004668 -1.380454419633471 -1.3829842360829863 -1.390980983573297 -1.4125263461076403 -1.4375774410023627 -1.4644923750768402 -1.4924760474720387 -1.5211163750430687 -1.5501846605341458 -1.5795456953321974
-1.8387784610501647 -1.8387784610501647 -1.8387784610501647 -1.8387784610501647 -1.8387784610501647 -1.8387784610501647 -1.8387784610501647 -1.8387784610501647 -1.8387784610501647 -1.8387784610501647 -1.8387784610501647 -1.8387784610501647 -1.8387784610501647 -1.8387784610501647 -1.8387784610501647 -1.8387784610501647 -1.8387784610501647 -1.8387784610501647 -1.8387784610501647 -1.8374508894207866 -1.804629071450696 -1.774534634421833 -1.74597797778219 -1.7192068877430784 -1.6928435501741148 -1.6645337072247044 -1.634914831307095 -1.6051343756481913 -1.5786548912710372 -1.5495908034148784 -1.5186811043965496 -1.4899917166600098 -1.4579069244802996 -1.420081584538145 -1.3899668210668747 -1.3618682695935085 -1.3462124394141537 -1.3503697697133394 -1.3701799492808329 -1.3964948613728947 -1.4249030487224015 -1.4541018600752014 -1.4837071893050748 -1.5135495860273358 -1.543553468135013 -1.5738933519103764
-1.8387784610501647 -1.8387784610501647 -1.8387784610501647 -1.8387784610501647 -1.8387784610501647 -1.8387784610501647 -1.8387784610501647 -1.8387784610501647 -1.8387784610501647 -1.8387784610501647 -1.8387784610501647 -1.8387784610501647 -1.8387784610501647 -1.8387784610501647 -1.8387784610501647 -1.8387784610501647 -1.8387784610501647 -1.8387784610501647 -1.8387784610501647 -1.8382829664756233 -1.806262718272573 -1.777499732581074 -1.7473723227454814 -1.7208669575371398 -1.692524761518282 -1.6635677520154113 -1.6362987112296292 -1.6104976112083056 -1.5816380197480722 -1.5494355370880788 -1.5201905455043407 -1.4779460655521424 -1.4402139293858693 -1.4065634031845775 -1.3740387002662573 -1.343508108031672 -1.3137425391631847 -1.328875896163285 -1.3584888132294655 -1.3887193138926053 -1.4190567186332557 -1.449430803056552 -1.4798226021341132 -1.510313848853218 -1.5414137533694017 -1.5731290665382744
-1.8387784610501647 -1.8387784610501647 -1.8387784610501647 -1.8387784610501647 -1.8387784610501647 -1.8387784610501647 -1.8387784610501647 -1.8387784610501647 -1.8387784610501647 -1.8387784610501647 -1.8387784610501647 -1.8387784610501647 -1.8387784610501647 -1.8387784610501647 -1.8387784610501647 -1.8387784610501647 -1.8387784610501647 -1.8387784610501647 -1.8387784610501647 -1.8387784610501647 -1.8114705025522737 -1.7807413196950022 -1.7559675389195726 -1.7276077030283867 -1.6982020447177193 -1.670057884552354 -1.6423114621269248 -1.612085488719278 -1.5824768820268191 -1.5439570038289467 -1.5047698688239661 -1.4710802252971025 -1.4358831900488656 -1.4047366715755345 -1.3747818894457178 -1.3471349806392112 -1.3284230758610558 -1.3367788886101406 -1.3625908987869808 -1.3914205844172067 -1.421079915156161 -1.451246853657719 -1.481793473072249 -1.5124401240954144 -1.5430711468865816 -1.575939918457725
-1.8387784610501647 -1.8387784610501647 -1.8387784610501647 -1.8387784610501647 -1.8387784610501647 -1.8387784610501647 -1.8387784610501647 -1.8387784610501647 -1.8387784610501647 -1.8387784610501647 -1.8387784610501647 -1.8387784610501647 -1.8387784610501647 -1.8387784610501647 -1.8387784610501647 -1.8387784610501647 -1.8387784610501647 -1.8387784610501647 -1.8387784610501647 -1.8387784610501647 -1.820800784580935 -1.793095895424606 -1.763450547959256 -1.7346184015418786 -1.7075026605263786 -1.6781116400404865 -1.6481247958596341 -1.6103323759139914 -1.579248818904939 -1.5377600351967944 -1.5043606117986195 -1.4729939234218592 -1.4427285110435182 -1.4149557122250263 -1.389633536513434 -1.3687264120776095 -1.357342360732137 -1.3621793054538225 -1.3799828912266243 -1.4047555857031702 -1.4315809886588897 -1.4602842270117105 -1.4905753693938935 -1.5203117903776242 -1.5506870109508986 -1.5835871467552587
-1.8387784610501647 -1.8387784610501647 -1.8387784610501647 -1.8387784610501647 -1.8387784610501647 -1.8387784610501647 -1.8387784610501647 -1.8387784610501647 -1.8387784610501647 -1.8387784610501647 -1.8387784610501647 -1.8387784610501647 -1.8387784610501647 -1.8387784610501647 -1.8387784610501647 -1.8387784610501647 -1.8387784610501647 -1.8387784610501647 -1.8387784610501647 -1.8387784610501647 -1.8318246131770008 -1.8042204510280369 -1.7744173429401937 -1.745129067626219 -1.7148882829902814 -1.6784514442209248 -1.6419449789607568 -1.607738081158651 -1.5765342717104085 -1.5421442747310918 -1.5116631698932088 -1.4836013749106058 -1.4570475594135985 -1.4325756381230175 -1.4117384618001447 -1.3959160292715258 -1.3877401090461359 -1.390696809436007 -1.404587394591345 -1.425648351347111 -1.450886604282091 -1.4774181119878518 -1.5053034757083115 -1.5345776306230547 -1.5636357731980957 -1.5944229253039621
-1.8387784610501647 -1.8387784610501647 -1.8387784610501647 -1.8387784610501647 -1.8387784610501647 -1.8387784610501647 -1.8387784610501647 -1.8387784610501647 -1.8387784610501647 -1.8387784610501647 -1.8387784610501647 -1.8387784610501647 -1.8387784610501647 -1.8387784610501647 -1.8387784610501647 -1.8387784610501647 -1.8387784610501647 -1.8387784610501647 -1.8387784610501647 -1.8387784610501647 -1.8387784610501647 -1.8155437949082365 -1.78820964330724 -1.7537556147837277 -1.7121584454984442 -1.67737371486452 -1.6434962529766426 -1.6113630013142504 -1.5810185515772486 -1.5523797439936184 -1.5257708764428766 -1.500533124919992 -1.477265274203231 -1.455262121450016 -1.4375336639681466 -1.4237347830372038 -1.4184886385384294 -1.4229673683654018 -1.4354933010854107 -1.4532581635207062 -1.4757846136988324 -1.5003795144634813 -1.5257741493121129 -1.5527733995273576 -1.5806660238295065 -1.611471761879676
