output/Mappa_Temperature_20070101_2200.asc
NCOLS 153
NROWS 173
XLLCORNER 628082.1585431173
YLLCORNER 5141515.270487413
CELLSIZE 30.005356186399773
NODATA_VALUE -9999
[rows 126 to 146 of 173, columns 48 to 95 of 153]
-5.078457142412629 -5.078457142412629 -5.078457142412629 -5.078457142412629 -5.078457142412629 -5.078457142412629 -5.078457142412629 -5.078457142412629 -5.078457142412629 -5.078457142412629 -5.078457142412629 -5.078457142412629 -5.078457142412629 -5.078457142412629 -5.078457142412629 -5.078457142412629 -5.078457142412629 -5.078457142412629 -5.078457142412629 -5.078457142412629 -5.078457142412629 -5.078457142412629 -5.078457142412629 -5.078457142412629 -5.078457142412629 -5.078457142412629 -5.078457142412629 -5.078457142412629 -5.080176936183234 -5.0832155723265755 -5.085732634599138 -5.087745453799101 -5.08923348408586 -5.090180816057107 -5.090576986221883 -5.090417539042354 -5.089704273475779 -5.088445142910484 -5.086653821210991 -5.084348988580308 -5.081553420379751 -5.078457142412629 -5.078457142412629 -5.078457142412629 -5.078457142412629 -5.078457142412629 -5.078457142412629 -5.078457142412629
-5.078457142412629 -5.078457142412629 -5.078457142412629 -5.078457142412629 -5.078457142412629 -5.078457142412629 -5.078457142412629 -5.078457142412629 -5.078457142412629 -5.078457142412629 -5.078457142412629 -5.078457142412629 -5.078457142412629 -5.078457142412629 -5.078457142412629 -5.078457142412629 -5.078457142412629 -5.078457142412629 -5.078457142412629 -5.078457142412629 -5.078457142412629 -5.078457142412629 -5.078457142412629 -5.078457142412629 -5.078457142412629 -5.078457142412629 -5.080906512800504 -5.084984964194554 -5.088625601134113 -5.091795588475915 -5.094463618265479 -5.096601160923507 -5.098183786124852 -5.099192435095414 -5.099614505811527 -5.099444615933132 -5.098684939783652 -5.097345071413292 -5.095441433393238 -5.092996313680924 -5.090036655729411 -5.086592742242978 -5.08269690181305 -5.078457142412629 -5.078457142412629 -5.078457142412629 -5.078457142412629 -5.078457142412629
-5.078457142412629 -5.078457142412629 -5.078457142412629 -5.078457142412629 -5.078457142412629 -5.078457142412629 -5.078457142412629 -5.078457142412629 -5.078457142412629 -5.078457142412629 -5.078457142412629 -5.078457142412629 -5.078457142412629 -5.078457142412629 -5.078457142412629 -5.078457142412629 -5.078457142412629 -5.078457142412629 -5.078457142412629 -5.078457142412629 -5.078457142412629 -5.078457142412629 -5.078457142412629 -5.078457142412629 -5.078998024975332 -5.084088083116101 -5.088802069596348 -5.09310344738547 -5.0969543121726675 -5.1003167035840855 -5.1031539243776765 -5.105432108454135 -5.107121934115521 -5.108200321007598 -5.108651909051832 -5.1084701139563755 -5.107657597329326 -5.106226075359824 -5.104195497292765 -5.101592723330219 -5.0984498947528145 -5.094802704898022 -5.090688753002631 -5.0861461101480385 -5.08121216665518 -5.078457142412629 -5.078457142412629 -5.078457142412629
-5.078457142412629 -5.078457142412629 -5.078457142412629 -5.078457142412629 -5.078457142412629 -5.078457142412629 -5.078457142412629 -5.078457142412629 -5.078457142412629 -5.078457142412629 -5.078457142412629 -5.078457142412629 -5.078457142412629 -5.078457142412629 -5.078457142412629 -5.078457142412629 -5.078457142412629 -5.078457142412629 -5.078457142412629 -5.078457142412629 -5.078457142412629 -5.078457142412629 -5.078457142412629 -5.080556483727128 -5.086249826917288 -5.091595238849073 -5.096560196163074 -5.1011061230468755 -5.10518980211791 -5.108767215435133 -5.1117951122994025 -5.114232972365613 -5.116045243401781 -5.117203634765882 -5.117689169601369 -5.11749367670568 -5.116620461813276 -5.115084033914573 -5.112908937849793 -5.1101279034547895 -5.106779615704451 -5.102906421020286 -5.098552226532889 -5.093760755132281 -5.088574223630018 -5.083032436532644 -5.078457142412629 -5.078457142412629
-5.078457142412629 -5.078457142412629 -5.078457142412629 -5.078457142412629 -5.078457142412629 -5.078457142412629 -5.078457142412629 -5.078457142412629 -5.078457142412629 -5.078457142412629 -5.078457142412629 -5.078457142412629 -5.078457142412629 -5.078457142412629 -5.078457142412629 -5.078457142412629 -5.078457142412629 -5.078457142412629 -5.078457142412629 -5.078457142412629 -5.078457142412629 -5.078457142412629 -5.081096070875771 -5.087355834635991 -5.093289509991499 -5.098918073495139 -5.10415689207245 -5.1089713476984935 -5.113313514852432 -5.117132245627369 -5.120376304535698 -5.122996812112233 -5.124950182717314 -5.126201266213285 -5.126726252517632 -5.126514831893312 -5.125571179401821 -5.123913552642355 -5.121572589983905 -5.118588662109715 -5.115008770941657 -5.110883479572983 -5.106264233448882 -5.101201266087237 -5.095742132395223 -5.089930810209334 -5.083807259617719 -5.078457142412629
-5.078457142412629 -5.078457142412629 -5.078457142412629 -5.078457142412629 -5.078457142412629 -5.078457142412629 -5.078457142412629 -5.078457142412629 -5.078457142412629 -5.078457142412629 -5.078457142412629 -5.078457142412629 -5.078457142412629 -5.078457142412629 -5.078457142412629 -5.078457142412629 -5.078457142412629 -5.078457142412629 -5.078457142412629 -5.078457142412629 -5.078457142412629 -5.080592385437114 -5.0873742954275025 -5.093892431572895 -5.100124097325663 -5.106029568426016 -5.11156292723919 -5.116672263460612 -5.121301601668015 -5.125392242705119 -5.12888160111049 -5.1317144203799305 -5.133832015422031 -5.135191715269947 -5.135763110437686 -5.135532940151948 -5.134506581347595 -5.132707438518988 -5.1301743892370375 -5.126957900560523 -5.123115642324174 -5.118708349468954 -5.1137964286502005 -5.108437509156659 -5.102684908306304 -5.0965868524432665 -5.090186252666736 -5.083520847054255
-5.078457142412629 -5.078457142412629 -5.078457142412629 -5.078457142412629 -5.078457142412629 -5.078457142412629 -5.078457142412629 -5.078457142412629 -5.078457142412629 -5.078457142412629 -5.078457142412629 -5.078457142412629 -5.078457142412629 -5.078457142412629 -5.078457142412629 -5.078457142412629 -5.078457142412629 -5.078457142412629 -5.078457142412629 -5.078457142412629 -5.0789660363002 -5.086305711311322 -5.093341176653886 -5.100139648870241 -5.1066745701828555 -5.11289023861177 -5.118742226179365 -5.124174951008298 -5.1290834322536405 -5.133365983521495 -5.137097514230954 -5.140186566764783 -5.142683765003009 -5.144172904916845 -5.144799677518387 -5.144547114098351 -5.143422300849042 -5.141455897365469 -5.13869816979429 -5.135213138622316 -5.131072266830936 -5.126348867624909 -5.121113878597079 -5.115433133953954 -5.109365933874264 -5.102964575298433 -5.096274509114406 -5.089334853403165
-5.078457142412629 -5.078457142412629 -5.078457142412629 -5.078457142412629 -5.078457142412629 -5.078457142412629 -5.078457142412629 -5.078457142412629 -5.078457142412629 -5.078457142412629 -5.078457142412629 -5.078457142412629 -5.078457142412629 -5.078457142412629 -5.078457142412629 -5.078457142412629 -5.078457142412629 -5.078457142412629 -5.078457142412629 -5.078457142412629 -5.084144107456842 -5.09167217728081 -5.098968586184867 -5.106069668699607 -5.112912484685972 -5.119450552981406 -5.125593889121828 -5.131250020605497 -5.136506907160165 -5.141196692503882 -5.145283990623123 -5.1486364699642895 -5.151345297356494 -5.153133265272753 -5.153835859453582 -5.153556085403578 -5.152312153580692 -5.150145270623628 -5.14712184030511 -5.143324373823419 -5.138842264565642 -5.133764268552504 -5.128173431733072 -5.122144333868204 -5.115742092989721 -5.109022505275338 -5.10203280695899 -5.0948127037700335
-5.078457142412629 -5.078457142412629 -5.078457142412629 -5.078457142412629 -5.078457142412629 -5.078457142412629 -5.078457142412629 -5.078457142412629 -5.078457142412629 -5.078457142412629 -5.078457142412629 -5.078457142412629 -5.078457142412629 -5.078457142412629 -5.078457142412629 -5.078457142412629 -5.078457142412629 -5.078457142412629 -5.078457142412629 -5.080545652218553 -5.08887180087964 -5.096658881261087 -5.104235977185159 -5.111629694381817 -5.118759096485219 -5.12558621005957 -5.131851428926431 -5.137881039583107 -5.1436146104726035 -5.148694987751701 -5.1533951699545115 -5.157311492423812 -5.1601598912924045 -5.162034076029516 -5.162861782546194 -5.162557976314315 -5.161167094636971 -5.158755981136555 -5.155414552942186 -5.1512509411105105 -5.1463778513351555 -5.14090266285887 -5.134921797615552 -5.128518522463364 -5.1217629623458665 -5.1147132778577005 -5.107417300869227 -5.099914224035517
-5.078457142412629 -5.078457142412629 -5.078457142412629 -5.078457142412629 -5.078457142412629 -5.078457142412629 -5.078457142412629 -5.078457142412629 -5.078457142412629 -5.078457142412629 -5.078457142412629 -5.078457142412629 -5.078457142412629 -5.078457142412629 -5.078457142412629 -5.078457142412629 -5.078457142412629 -5.078457142412629 -5.078457142412629 -5.084828084074621 -5.093043574356758 -5.101096941332503 -5.109011731903717 -5.1166438186929195 -5.123840273127954 -5.1307390608078425 -5.137387422204756 -5.143849760346284 -5.150191831598281 -5.156277448582878 -5.161406950936549 -5.165745110720979 -5.168924772969383 -5.170889617629133 -5.171789541165406 -5.171549196352848 -5.169973376564537 -5.16725906950207 -5.16353221374235 -5.158936883203116 -5.153615785657284 -5.147697925214346 -5.141293429902254 -5.134493081274709 -5.127370223811563 -5.119983515286436 -5.112379699572059 -5.104596051777937
-5.078457142412629 -5.078457142412629 -5.078457142412629 -5.078457142412629 -5.078457142412629 -5.078457142412629 -5.078457142412629 -5.078457142412629 -5.078457142412629 -5.078457142412629 -5.078457142412629 -5.078457142412629 -5.078457142412629 -5.078457142412629 -5.078457142412629 -5.078457142412629 -5.078457142412629 -5.078457142412629 -5.080064087327539 -5.088589818102546 -5.096958362737681 -5.105215009615737 -5.1133312086335545 -5.121138564173839 -5.128456909058983 -5.135424611350986 -5.142436459683287 -5.149317997727784 -5.156036171791484 -5.162711954970791 -5.168812635898288 -5.173685191498546 -5.1773645729217606 -5.179889944230154 -5.180927400700912 -5.180498390250912 -5.17870910762445 -5.175610119093668 -5.171410230425191 -5.166304163350652 -5.160472051303086 -5.15406611567937 -5.147208486432935 -5.139994477763289 -5.13249755806067 -5.12477418807721 -5.116867875874328 -5.108812351137913
-5.078457142412629 -5.078457142412629 -5.078457142412629 -5.078457142412629 -5.078457142412629 -5.078457142412629 -5.078457142412629 -5.078457142412629 -5.078457142412629 -5.078457142412629 -5.078457142412629 -5.078457142412629 -5.078457142412629 -5.078457142412629 -5.078457142412629 -5.078457142412629 -5.078457142412629 -5.078457142412629 -5.083013831660394 -5.091708607062201 -5.100355620872323 -5.1087219319114485 -5.1170005135418295 -5.124761334901866 -5.132438280729221 -5.140029684193872 -5.147514383577881 -5.154817772374063 -5.1616731893670735 -5.167944016371808 -5.174073012834671 -5.179743624337465 -5.185327224642341 -5.18838908722034 -5.18942498885243 -5.189141016474928 -5.187337372378688 -5.183738155605152 -5.178951689665306 -5.173242981101231 -5.1668353740878725 -5.159901938938672 -5.1525714498717115 -5.144938253119959 -5.1370713880400825 -5.12902170706927 -5.1208270623516485 -5.112515977825939
-5.078457142412629 -5.078457142412629 -5.078457142412629 -5.078457142412629 -5.078457142412629 -5.078457142412629 -5.078457142412629 -5.078457142412629 -5.078457142412629 -5.078457142412629 -5.078457142412629 -5.078457142412629 -5.078457142412629 -5.078457142412629 -5.078457142412629 -5.078457142412629 -5.078457142412629 -5.078457142412629 -5.085500696016372 -5.094413411920485 -5.1032284996759785 -5.111752732846374 -5.1199799521741145 -5.128144189268706 -5.13544922428889 -5.143003542439078 -5.151023442020787 -5.159136604327509 -5.167282240834689 -5.173586657215191 -5.180521576724184 -5.186531485151572 -5.191987552149083 -5.194768350322448 -5.196580371583442 -5.197431461747343 -5.195790239916143 -5.191524595521725 -5.186008333629625 -5.179598935222897 -5.172560552945863 -5.16507648336873 -5.1572714472176555 -5.14923060208788 -5.141012919732196 -5.132659998187361 -5.1242017604703625 -5.1156601485573
-5.078457142412629 -5.078457142412629 -5.078457142412629 -5.078457142412629 -5.078457142412629 -5.078457142412629 -5.078457142412629 -5.078457142412629 -5.078457142412629 -5.078457142412629 -5.078457142412629 -5.078457142412629 -5.078457142412629 -5.078457142412629 -5.078457142412629 -5.078457142412629 -5.078457142412629 -5.078457142412629 -5.087321118412403 -5.096376116224652 -5.105144337089042 -5.113984554840801 -5.121890054260703 -5.129210857997395 -5.137094171688001 -5.145254231240798 -5.153423498565575 -5.161796626369706 -5.171119743725399 -5.179508320133239 -5.186779888614613 -5.19327817388156 -5.198619981357681 -5.2022743063390555 -5.203971987183674 -5.205451777536431 -5.20393741089595 -5.1987625864524825 -5.1923519606356825 -5.185159017153067 -5.177464564445428 -5.169438625275522 -5.16118579488812 -5.152772393513823 -5.144241896580591 -5.135616602251893 -5.1269121349022475 -5.118154571145549
-5.078457142412629 -5.078457142412629 -5.078457142412629 -5.078457142412629 -5.078457142412629 -5.078457142412629 -5.078457142412629 -5.078457142412629 -5.078457142412629 -5.078457142412629 -5.078457142412629 -5.078457142412629 -5.078457142412629 -5.078457142412629 -5.078457142412629 -5.078457142412629 -5.078457142412629 -5.078836953879533 -5.088471680545875 -5.097315307214426 -5.106368260297937 -5.114156492734825 -5.121973146063069 -5.130026534452596 -5.138943412480791 -5.147450967082354 -5.155118616340855 -5.163745462288348 -5.17337693868758 -5.182413310961073 -5.189922596166403 -5.195890285353156 -5.20431465901403 -5.210970668186867 -5.214609458205259 -5.213857936711714 -5.211482377955844 -5.205081991463841 -5.1976401724126 -5.189644670818752 -5.18133168381241 -5.172823627128761 -5.164188438860001 -5.155466284836691 -5.146682234322603 -5.137836265773313 -5.128954813402032 -5.120042452369614
-5.078457142412629 -5.078457142412629 -5.078457142412629 -5.078457142412629 -5.078457142412629 -5.078457142412629 -5.078457142412629 -5.078457142412629 -5.078457142412629 -5.078457142412629 -5.078457142412629 -5.078457142412629 -5.078457142412629 -5.078457142412629 -5.078457142412629 -5.078457142412629 -5.078457142412629 -5.078851518302584 -5.0886017520266025 -5.0975417746387475 -5.106024975565249 -5.1139777460414635 -5.121809387277088 -5.130219268341528 -5.139018018097028 -5.147864767638659 -5.155730912097937 -5.1643648533936695 -5.173547062314661 -5.182069693086829 -5.191600981787047 -5.202837589870812 -5.211783650770187 -5.2201307644011745 -5.224781573309182 -5.223546573403876 -5.217661650116747 -5.209844394425473 -5.201405298620787 -5.192731335605914 -5.183936610105609 -5.175071460003554 -5.166158338145269 -5.157145401743055 -5.148000429311739 -5.139008235137797 -5.12998169357502 -5.121036696274732
-5.078457142412629 -5.078457142412629 -5.078457142412629 -5.078457142412629 -5.078457142412629 -5.078457142412629 -5.078457142412629 -5.078457142412629 -5.078457142412629 -5.078457142412629 -5.078457142412629 -5.078457142412629 -5.078457142412629 -5.078457142412629 -5.078457142412629 -5.078457142412629 -5.078457142412629 -5.0786043368159115 -5.088116451719648 -5.09666094591398 -5.105610763613415 -5.113484596377876 -5.1219040884269695 -5.130506220425231 -5.138606914949032 -5.1462715347386485 -5.154844727185625 -5.164410977681403 -5.173098659255238 -5.185648041908545 -5.196856962354788 -5.206853376803798 -5.2165153478605815 -5.225584937189587 -5.234427264377582 -5.229931664288807 -5.2211346847031965 -5.212154242263094 -5.203142042296867 -5.194118946057953 -5.185090587404268 -5.176032686275236 -5.166793973839992 -5.157372444651424 -5.148056888346234 -5.1391795036370835 -5.130271819455679 -5.121395529593274
-5.078457142412629 -5.078457142412629 -5.078457142412629 -5.078457142412629 -5.078457142412629 -5.078457142412629 -5.078457142412629 -5.078457142412629 -5.078457142412629 -5.078457142412629 -5.078457142412629 -5.078457142412629 -5.078457142412629 -5.078457142412629 -5.078457142412629 -5.078457142412629 -5.078457142412629 -5.078457142412629 -5.086569398050721 -5.095697981826297 -5.103057420386592 -5.11148215263531 -5.120217562770088 -5.128578225175471 -5.136820733372299 -5.1457998309204385 -5.1545955300422 -5.1660384615639225 -5.177679612143137 -5.187687647004746 -5.1981434761235255 -5.207396035962878 -5.216294571905772 -5.224507518027644 -5.230066181632903 -5.227583956933098 -5.219916096111357 -5.211351787658339 -5.202541020166223 -5.1935794598591 -5.184505109405938 -5.1754010430008766 -5.166301619206254 -5.156537437181597 -5.147134653530472 -5.138315586713204 -5.129459409812391 -5.120574559118724
-5.078457142412629 -5.078457142412629 -5.078457142412629 -5.078457142412629 -5.078457142412629 -5.078457142412629 -5.078457142412629 -5.078457142412629 -5.078457142412629 -5.078457142412629 -5.078457142412629 -5.078457142412629 -5.078457142412629 -5.078457142412629 -5.078457142412629 -5.078457142412629 -5.078457142412629 -5.078457142412629 -5.0837976920296395 -5.092027862120114 -5.100834475662375 -5.109399515130664 -5.117454669563064 -5.12618573130334 -5.1350937917793225 -5.146320620463897 -5.155554476616789 -5.167879367896385 -5.177801188335352 -5.1871191530837 -5.196109966594144 -5.204360310310554 -5.211882658152886 -5.218093446048071 -5.221475256325791 -5.220038366340302 -5.214749533084062 -5.207390417225817 -5.199421512249323 -5.1908947669352345 -5.181896309925232 -5.17306264157171 -5.164039207821697 -5.154265708561634 -5.145137675681228 -5.136050313510491 -5.127331336513617 -5.118679190498237
-5.078457142412629 -5.078457142412629 -5.078457142412629 -5.078457142412629 -5.078457142412629 -5.078457142412629 -5.078457142412629 -5.078457142412629 -5.078457142412629 -5.078457142412629 -5.078457142412629 -5.078457142412629 -5.078457142412629 -5.078457142412629 -5.078457142412629 -5.078457142412629 -5.078457142412629 -5.078457142412629 -5.080522891546524 -5.088723139106042 -5.097576617905531 -5.1062771575875505 -5.115260655042415 -5.1260847871636015 -5.136929602921492 -5.147091296245371 -5.156360875263744 -5.1665769610583325 -5.175631849383123 -5.1839680439243665 -5.1918562696038935 -5.199126036088993 -5.205316044804598 -5.21001634554288 -5.212445130358491 -5.211566796322291 -5.207440381022825 -5.201183894834056 -5.193686477563434 -5.185804878761756 -5.177521095882892 -5.168824750886031 -5.160192575728923 -5.151046771282536 -5.141378188843545 -5.132832855366266 -5.124361687413056 -5.115665699371236
-5.078457142412629 -5.078457142412629 -5.078457142412629 -5.078457142412629 -5.078457142412629 -5.078457142412629 -5.078457142412629 -5.078457142412629 -5.078457142412629 -5.078457142412629 -5.078457142412629 -5.078457142412629 -5.078457142412629 -5.078457142412629 -5.078457142412629 -5.078457142412629 -5.078457142412629 -5.078457142412629 -5.078457142412629 -5.0853593629291725 -5.093479399637697 -5.1037145070026995 -5.116071595911026 -5.126404943503686 -5.136468772743266 -5.146014457089778 -5.1550287498822245 -5.163536355029875 -5.171440934781909 -5.178938203100233 -5.185850281613093 -5.192386661840564 -5.1976531770644385 -5.201752350191569 -5.20331079936278 -5.201980322707292 -5.198259298730413 -5.192981968846462 -5.186290134944712 -5.1789838354858215 -5.171439962524978 -5.163419413504445 -5.155133473756376 -5.1459821480649115 -5.136363079690223 -5.127970408224947 -5.1200343357944655 -5.111248239952051
