output/Mappa_Temperature_20070701_1500.asc
NCOLS 153
NROWS 173
XLLCORNER 628082.1585431173
YLLCORNER 5141515.270487413
CELLSIZE 30.0
NODATA_VALUE -9999
[rows 0 to 20 of 173, columns 96 to 143 of 153]
-9999 -9999 -9999 -9999 -9999 -9999 10.443107714584432 10.456551013741953 -9999 -9999 -9999 -9999 -9999 -9999 -9999 -9999 -9999 -9999 -9999 -9999 -9999 -9999 -9999 -9999 -9999 -9999 -9999 -9999 10.752215559885698 10.768416809342169 -9999 -9999 -9999 -9999 -9999 -9999 -9999 -9999 -9999 -9999 -9999 -9999 -9999 -9999 -9999 -9999 -9999 -9999
-9999 -9999 -9999 -9999 -9999 -9999 10.448842444730122 10.463380944768348 -9999 -9999 -9999 -9999 -9999 -9999 -9999 -9999 -9999 -9999 -9999 -9999 -9999 -9999 -9999 -9999 -9999 -9999 10.743055281773985 10.754861112419677 10.761659188555097 10.775701208203861 10.790484190601056 10.807439332785718 -9999 -9999 -9999 -9999 -9999 -9999 -9999 -9999 -9999 -9999 -9999 -9999 -9999 -9999 -9999 -9999
-9999 -9999 -9999 -9999 -9999 10.44199917676607 10.457238925377556 10.472136242035408 10.4855768590317 10.499792244215035 10.512556594984737 10.527203917313669 10.543728294922472 10.560649420910929 10.579448897277164 10.593830353796632 10.606023220894327 -9999 -9999 -9999 -9999 10.67409013626912 10.688666068575106 10.701807354029633 10.72081187431857 10.736187678128756 10.75158574663624 10.763001896927111 10.77119667571394 10.784139591562644 10.79819130553889 10.812986262405156 -9999 -9999 -9999 -9999 -9999 -9999 -9999 -9999 -9999 -9999 -9999 -9999 -9999 -9999 -9999 -9999
-9999 -9999 -9999 -9999 -9999 10.444878095986901 10.461977157846105 10.47761245008846 10.490666750516592 10.503012103273903 10.516878692935542 10.531147124306377 10.546556426137457 10.56310439817793 10.581161992261178 10.60036174321233 10.615502661713217 10.626223931744248 10.638834452246641 10.648534984605499 10.667097092765164 10.683475667744725 10.696568929219055 10.71299367468942 10.728706541540546 10.743341776512612 10.759465889507942 10.771952364413115 10.781192097216202 10.794111697726878 10.804526169518809 10.818229875276424 -9999 -9999 -9999 -9999 -9999 -9999 -9999 -9999 -9999 -9999 -9999 -9999 -9999 -9999 -9999 -9999
-9999 -9999 -9999 -9999 10.438222657975903 10.45341562424178 10.469014121309472 10.48314360226862 10.495809235798811 10.509257270007799 10.523856112780845 10.540347325568487 10.55649334013884 10.572666468367334 10.59147692183902 10.609943344133535 10.624700576238459 10.64060404150111 10.649831228123835 10.660965367843815 10.677317224849208 10.692582346442272 10.704547623503611 10.721707929531268 10.739259940842246 10.751669683796644 10.76705362772381 10.777319000604042 10.78836037503884 10.802357224021886 10.812740263199343 10.823528982849208 10.836886028074122 -9999 -9999 -9999 -9999 -9999 -9999 -9999 -9999 -9999 -9999 -9999 -9999 -9999 -9999 -9999
-9999 -9999 10.418467898633269 10.430943754822874 10.445342047301086 10.459396256633154 10.474987941616389 10.489481432365796 10.50325509950752 10.517436232062218 10.53239757683105 10.549260836062853 10.566526942494054 10.582695643597814 10.595894808281196 10.615862899631693 10.634361779135427 10.649133738070981 10.659816341078761 10.669799210119749 10.687265048508314 10.701404409678384 10.719288583378184 10.736451685246696 10.749917522083651 10.763411579502616 10.776193243403942 10.787898264130602 10.798535952484126 10.808483672014276 10.8203029910451 10.830337469037383 10.84150483578968 -9999 -9999 -9999 -9999 -9999 -9999 -9999 -9999 -9999 -9999 -9999 -9999 -9999 -9999 -9999
10.399752434458035 10.41136961756788 10.422272597193308 10.435491586930981 10.450258102512619 10.466568130353918 10.482908729646185 10.493993805367728 10.508133191310911 10.524561861494833 10.542149399771697 10.557505201651406 10.571384621094394 10.590183510981744 10.608635749949055 10.625607613871177 10.640720453191468 10.655483590411816 10.668019104689382 10.677220568226607 10.689459278612235 10.709562589051412 10.728199129974987 10.743119573134692 10.758811233410782 10.771542265417331 10.784304456775416 10.79821027471507 10.810290434853266 10.817980834892156 10.827571423321444 10.835387751246508 10.846902020259344 -9999 -9999 -9999 -9999 -9999 -9999 -9999 -9999 -9999 -9999 -9999 -9999 -9999 -9999 -9999
10.404780174509693 10.418286200520528 10.427261375743687 10.44122573458601 10.45750043377042 10.471529940179787 10.485214202453715 10.502338032301832 10.517598319222733 10.531375842191913 10.546318759981647 10.562046266313427 10.578557110639041 10.597362954187481 10.613928761187678 10.630143090390645 10.644494503394462 10.657743444213574 10.67252945333861 10.682085089090325 10.696929794827144 10.715920993604822 10.735690072934105 10.752854942621981 10.766662906279675 10.77900080434136 10.792118545258097 10.806010867644103 10.818813123457323 10.827198768849168 10.836750861450147 10.84195522812935 10.851625829579293 10.86862085153704 -9999 -9999 -9999 -9999 -9999 -9999 -9999 -9999 -9999 -9999 -9999 -9999 -9999 -9999
10.405263820791976 10.419527398069784 10.433444011390314 10.447395563749023 10.46100122641006 10.475781735647146 10.490594294723252 10.505438465658925 10.520313809149632 10.534841109313149 10.54977778184415 10.571944134346483 10.588072853682847 10.603090858486174 10.618516473870711 10.635106718662009 10.645667179606281 10.660798745554931 10.677844094516399 10.690387980455618 10.702966188078205 10.72045934934706 10.740988576987247 10.759661983013274 10.77308119488933 10.785777900433159 10.800380846072652 10.812013527808656 10.824801865807576 10.835760020138219 10.847129071753384 10.853369507174731 10.862626243866005 10.874859726436977 10.88894964332911 -9999 -9999 -9999 -9999 -9999 -9999 -9999 -9999 -9999 -9999 -9999 -9999 -9999
10.401965689240665 10.417751941694217 10.433952627633838 10.449041930598495 10.463021330733909 10.477415328515853 10.492222302372529 10.507820747166344 10.522690385129996 10.53872923292743 10.555177084290797 10.573173093149311 10.591960087401628 10.607732821688492 10.622013158630773 10.635944039653165 10.652937924780442 10.667303625798356 10.680941178037202 10.696498139535356 10.709438113184772 10.72504718148531 10.745962936095333 10.762750445279694 10.777672526748265 10.791488320723687 10.80420322172453 10.816574460011214 10.83084931828721 10.841041410089632 10.854626462483713 10.86526779603524 10.87410393543527 10.883731553342805 10.892676058801927 10.908245792160523 -9999 -9999 -9999 -9999 -9999 -9999 -9999 -9999 -9999 -9999 -9999 -9999
10.403285461376072 10.418684285476084 10.434879449667797 10.450344555951148 10.465461021358514 10.480229040742223 10.4950296117461 10.510242602741423 10.525486729158319 10.540761539407468 10.556446325944187 10.572920013343763 10.590942588964388 10.60975636846432 10.626695916332775 10.639097462279057 10.657610923717344 10.670450234105198 10.685218215494038 10.701529189518947 10.715971209770956 10.731953610871823 10.749852620538702 10.765503850059797 10.779666815897581 10.793856378157862 10.808072074636861 10.82231344415362 10.834703158249315 10.846376937627143 10.858832730917253 10.872436698016061 10.883095404071625 10.892317196520917 10.903431751346393 10.917154996361777 10.931269065676451 10.943940553078535 10.957004942739488 -9999 -9999 -9999 -9999 -9999 -9999 -9999 -9999 -9999
10.408847021934626 10.42270866940972 10.437370255057056 10.452829525202402 10.468321643566044 10.483464588029415 10.498258551374104 10.513084867070436 10.528323734967039 10.54321309196017 10.558513566368347 10.5742240392532 10.590723670332556 10.607631956927255 10.626470994746736 10.643816519764611 10.66080839513056 10.675161120967472 10.69144400705419 10.707752513105019 10.722565627970347 10.737025866100614 10.751513181883704 10.766405639176456 10.781323343330628 10.795888122136112 10.810478122790718 10.823963166142192 10.836349312110423 10.85064159828939 10.86196584712527 10.874818814122678 10.88732893567277 10.899127623890966 10.913550499816417 10.92688649941858 10.94172374024977 10.95326667255577 10.968147953500978 10.982314625646072 10.999434851467166 -9999 -9999 -9999 -9999 -9999 -9999 -9999
10.415228808091769 10.429077460277037 10.441813428069143 10.456500979501774 10.471604828462358 10.487123880333582 10.501911033140289 10.51673078511074 10.531582680144735 10.546466260345154 10.561381066129787 10.577087646525953 10.592443226398155 10.60858857183584 10.625142496587205 10.641724180447858 10.659474703386763 10.676110470800175 10.692011298712705 10.707557868337991 10.722750429221904 10.737589487670768 10.752454889200877 10.767346164716063 10.782641199239002 10.797582408730678 10.811793093939258 10.823770076219649 10.837659815698872 10.853452184148615 10.866266483066088 10.878363245913304 10.891983925601167 10.904142182292945 10.919673217746613 10.933739559568485 10.949310630218136 10.964159978594251 10.97718171443453 10.99170379895359 11.007350837499573 11.017868166724012 -9999 -9999 -9999 -9999 -9999 -9999
10.416663625105716 10.431273617404731 10.447454406310591 10.461365549502428 10.476078930539876 10.490826072950691 10.505606520435324 10.520419814527605 10.535265494701095 10.550143098481742 10.565052161566076 10.579992217944692 10.59496280003111 10.61034401367424 10.626134713770364 10.641953621872497 10.658180493058621 10.674814659779877 10.691475324125697 10.707401481224775 10.722973449596886 10.738191466709356 10.753435265336343 10.76908336603465 10.783998304718589 10.798938332153993 10.812769891820375 10.825121686077122 10.838634011303391 10.855177892924294 10.870615765612968 10.884950066181952 10.900056962765623 10.912941897948384 10.926973996736914 10.941774524650254 10.955851887994502 10.970694556078463 10.985928152480112 10.998957761977675 11.014970249897964 11.025093195267084 11.03746279190456 -9999 -9999 -9999 -9999 -9999
10.416981958211714 10.432354893431548 10.449683643694188 10.465893492360346 10.480599152229432 10.494954950452675 10.509728493347142 10.524535130614241 10.538991534759978 10.553863273097933 10.568384550138713 10.583319514474862 10.597903782111079 10.61290008336726 10.627926185517842 10.643362125209956 10.659206743813002 10.675078814479434 10.690977848336013 10.706903355677177 10.722854846132012 10.738452200620337 10.754074951223984 10.769343546086366 10.784637132002029 10.799955227931967 10.814919339770638 10.82915275720127 10.841152297967508 10.856943933054941 10.872757130366772 10.889718663155422 10.905948465931385 10.92107174434547 10.935466371336025 10.948387350257773 10.963575366886985 10.977291323460092 10.992519640693228 11.005907781449494 11.020061762324744 11.032385802163096 11.043262876297552 11.056750507321256 -9999 -9999 -9999 -9999
10.420413027035146 10.435779796875945 10.453491118747223 10.470852987032673 10.482471603660814 10.497974703500324 10.513510742167279 10.528311144222249 10.543144419918113 10.557626802166974 10.572524718279096 10.587071501697782 10.601649969796277 10.61625964316857 10.630900040935586 10.64557068090378 10.660651673313472 10.676141597565891 10.6916590597824 10.707583562805034 10.723154399450713 10.738751301852947 10.753994487286313 10.769642284745434 10.785314676279114 10.800632676384934 10.815974853207369 10.830962952412284 10.842582310529982 10.858750375785188 10.876068918370983 10.893407960794262 10.908884701973273 10.923630537518102 10.938398322554832 10.952812814032603 10.966127175677078 10.982081113947663 10.996559771149501 11.01031404868231 11.022976142034583 11.03677739305824 11.049860273424763 11.06222932973887 11.073889929763686 -9999 -9999 -9999
10.426200127445236 10.441560133966433 10.45965870764734 10.478181693358671 10.488620161930852 10.499495585251426 10.514258747886094 10.53097658014324 10.546957705315698 10.561817750726227 10.576709958961546 10.59125043256155 10.605439890183215 10.619661661740759 10.633915258383967 10.648581660658019 10.663278025597423 10.67838462449274 10.693519495002338 10.709062365225126 10.724251986957215 10.739848075740023 10.755090471672723 10.77073779617048 10.786030987614547 10.801348994650857 10.816691324265214 10.832057484119698 10.84405213284811 10.86097410388729 10.87904803829929 10.89488076186546 10.909981278617629 10.9247274401766 10.939495638568182 10.954285394020932 10.969096229248487 10.983927669620995 10.998779243333509 11.012904501364165 11.024818786259017 11.038990121970983 11.05244086111822 11.066284069722235 11.07756637079006 11.089249541737228 -9999 -9999
10.432426808586962 10.447005565847148 10.467045198086915 10.485185478395985 10.49598563177296 10.505677905639407 10.518121056538831 10.53214252897933 10.54773596725752 10.565284026716892 10.580555752362034 10.59509043669269 10.609657260344223 10.623489275010229 10.637737007215932 10.651634161747975 10.666326617815855 10.680667500462668 10.695800043246992 10.710960551410963 10.726148525686579 10.74136346628012 10.756604873065445 10.771872245779162 10.787165084216495 10.802482888428258 10.817825158918023 10.833191396839482 10.848581104193526 10.864748764488063 10.88018327768676 10.895262885982927 10.910364708572313 10.925112254080767 10.940257441526017 10.955048261687745 10.970234874138841 10.985067037601628 10.99991939412249 11.01479146873921 11.028564816124081 11.043104305686448 11.055806809908631 11.069646300293213 11.08313698705775 11.09370089411441 11.10577121505471 -9999
10.44143196666123 10.458335531982 10.476445199679395 10.49264027120231 10.502248472370312 10.509980605045135 10.523570339198638 10.537968199285524 10.551244702873982 10.567251416704556 10.584059895219019 10.598204581710828 10.613151109147587 10.627744769993878 10.641602827529475 10.65549370881774 10.669799203521219 10.684135449907807 10.698501942384105 10.713279108196803 10.728084628633228 10.743298222635026 10.758538449923476 10.7738048036889 10.788717494582757 10.804034896661234 10.81937690649463 10.834743018566217 10.849754793749845 10.865167915817663 10.88060363029126 10.896061436215621 10.911164258662286 10.926288898135207 10.941434860832837 10.95660165525983 10.971413896428547 10.986246871671966 11.001474039000218 11.016346556783514 11.030865374247997 11.045404032055306 11.059218489909766 11.07342537379486 11.086911045221845 11.099310213320203 11.110631152917346 11.120517257054605
10.455218800207211 10.467419129823156 10.48553528879269 10.499767381273783 10.511689808230225 10.518208454037975 10.529457544023167 10.541526683140274 10.556339101940575 10.572728832417761 10.585678105829201 10.59943458499899 10.615917516284297 10.629738549116592 10.64512867779991 10.659781134782532 10.673697818109654 10.687646513296029 10.701626703538082 10.716019291476202 10.730822314513684 10.745653357704729 10.76051190857856 10.775397454510559 10.79068900452924 10.80600581445044 10.820968478376477 10.836334585446519 10.85134623674158 10.866759598157056 10.881818200037959 10.897276782328731 10.912380309206211 10.927505742694734 10.942652582305259 10.95782032989384 10.972633415296084 10.987841893573814 11.00269560132866 11.01756912550576 11.032461981847083 11.047000986772629 11.061187304180345 11.075022315274879 11.088878236049748 11.102014782648672 11.115174302089251 11.12578084440694
10.461644928195078 10.47658116007815 10.489981006289854 10.503812661056443 10.518074093747177 10.528850601373918 10.536952898037294 10.549002526662864 10.562256722220818 10.575548495354075 10.590421977563935 10.605328069557984 10.619109530289393 10.63177106516704 10.64639052277443 10.664114489279719 10.677640901714557 10.691200766065027 10.705176115252256 10.719182630231222 10.733601298608496 10.748049035839353 10.762905956599953 10.777790028836618 10.792700733090584 10.807637550138535 10.82259996121455 10.837966188572686 10.85297783856516 10.868391560902191 10.883450385204066 10.898532224154822 10.91401348643563 10.92913942527921 10.944286850373933 10.9590795279353 10.974268810688013 10.989103216343608 11.00395797638234 11.018832596696425 11.03372658661051 11.048266569880125 11.062453700705124 11.07666092712942 11.090516804627859 11.104393113332257 11.117550408265252 11.130361633662128
