output/Mappa_Temperature_20070102_0200.asc
NCOLS 153
NROWS 173
XLLCORNER 628082.1585431173
YLLCORNER 5141515.270487413
CELLSIZE 30.005356186399773
NODATA_VALUE -9999
[rows 132 to 153 of 173, columns 49 to 97 of 153]
-5.18457798183981 -5.18457798183981 -5.18457798183981 -5.18457798183981 -5.18457798183981 -5.18457798183981 -5.18457798183981 -5.18457798183981 -5.18457798183981 -5.18457798183981 -5.18457798183981 -5.18457798183981 -5.18457798183981 -5.18457798183981 -5.18457798183981 -5.18457798183981 -5.18457798183981 -5.18457798183981 -5.18457798183981 -5.1847849293254065 -5.187769691622076 -5.190630743598109 -5.193395419624717 -5.1960529196796985 -5.198580591919563 -5.200960369202055 -5.2031696485247805 -5.205165738233495 -5.206907286399931 -5.208424755791093 -5.209680954127046 -5.210696468184204 -5.211302043861951 -5.21155692806688 -5.211454220280434 -5.210996802183279 -5.2101971418483295 -5.209075680575657 -5.207658453024157 -5.20597452042775 -5.204053696434739 -5.201924828623825 -5.19961468922363 -5.197147393326088 -5.194544208076654 -5.191823616595687 -5.189001526695601 -5.186091546706898 -5.18457798183981
-5.18457798183981 -5.18457798183981 -5.18457798183981 -5.18457798183981 -5.18457798183981 -5.18457798183981 -5.18457798183981 -5.18457798183981 -5.18457798183981 -5.18457798183981 -5.18457798183981 -5.18457798183981 -5.18457798183981 -5.18457798183981 -5.18457798183981 -5.18457798183981 -5.18457798183981 -5.18457798183981 -5.18457798183981 -5.186890650836836 -5.189952026026231 -5.192919193668522 -5.195806929613701 -5.19858963853858 -5.201248418349905 -5.203746675842222 -5.206046806021268 -5.208184578710448 -5.210091733244158 -5.211753879497646 -5.213117203340014 -5.214218778798897 -5.214945876281555 -5.215231594193808 -5.215117820895295 -5.214611961875795 -5.213730774283462 -5.212501261967503 -5.21095697904486 -5.209134278352812 -5.2070692535363605 -5.204795676174938 -5.202343874976284 -5.199740330928443 -5.197007734181494 -5.194165293887048 -5.191229156831414 -5.18821284735523 -5.185127681756521
-5.18457798183981 -5.18457798183981 -5.18457798183981 -5.18457798183981 -5.18457798183981 -5.18457798183981 -5.18457798183981 -5.18457798183981 -5.18457798183981 -5.18457798183981 -5.18457798183981 -5.18457798183981 -5.18457798183981 -5.18457798183981 -5.18457798183981 -5.18457798183981 -5.18457798183981 -5.18457798183981 -5.185427298099113 -5.188813221121924 -5.191979925899513 -5.195061238109953 -5.1980679772758425 -5.200967229703749 -5.2037435530642435 -5.2062913755530955 -5.208743385284365 -5.211075007078293 -5.2131410002636205 -5.215052382798295 -5.216644999859714 -5.2178033336464225 -5.218565492179579 -5.218902088445758 -5.218778542187232 -5.21821292433857 -5.21723241761884 -5.215873587850974 -5.214180407758623 -5.212198710393584 -5.209972162745844 -5.207539975891156 -5.204936011244152 -5.202188785910465 -5.199321951557197 -5.196354959558289 -5.193303748052558 -5.190181370999147 -5.1869985392287425
-5.18457798183981 -5.18457798183981 -5.18457798183981 -5.18457798183981 -5.18457798183981 -5.18457798183981 -5.18457798183981 -5.18457798183981 -5.18457798183981 -5.18457798183981 -5.18457798183981 -5.18457798183981 -5.18457798183981 -5.18457798183981 -5.18457798183981 -5.18457798183981 -5.18457798183981 -5.18457798183981 -5.18716879770539 -5.1905097202401915 -5.193784713489082 -5.197003353067429 -5.2001070279384285 -5.20303354795939 -5.205839018409848 -5.208542650164944 -5.211170633448121 -5.213749708833211 -5.216224494174536 -5.218310464630002 -5.22007462663198 -5.221367672438615 -5.222166698860132 -5.222532662998445 -5.222434924047656 -5.221794099013391 -5.22069029518429 -5.219174726914594 -5.217305983501096 -5.215142098682266 -5.21273553344603 -5.210131072607126 -5.207365633516574 -5.204469042541042 -5.20146515353112 -5.198372975414146 -5.195207666537216 -5.191981355756383 -5.188703797153156
-5.18457798183981 -5.18457798183981 -5.18457798183981 -5.18457798183981 -5.18457798183981 -5.18457798183981 -5.18457798183981 -5.18457798183981 -5.18457798183981 -5.18457798183981 -5.18457798183981 -5.18457798183981 -5.18457798183981 -5.18457798183981 -5.18457798183981 -5.18457798183981 -5.18457798183981 -5.1852314642607045 -5.188698549619424 -5.19210171344713 -5.1954593727796174 -5.198759917392827 -5.201934867294295 -5.204910955452709 -5.207744450813753 -5.2105958986640335 -5.213394354354128 -5.216126376223956 -5.218841159358652 -5.221322070623635 -5.223303550760296 -5.224799813051261 -5.225826784007735 -5.226248677477633 -5.226074215500216 -5.225346583375707 -5.224086344453618 -5.222378411973108 -5.220301971740364 -5.217930277064082 -5.215325230506079 -5.2125364976005635 -5.209602838950501 -5.206554131312133 -5.203413335092281 -5.20019814333882 -5.196922272612019 -5.193596440596787 -5.190229095396803
-5.18457798183981 -5.18457798183981 -5.18457798183981 -5.18457798183981 -5.18457798183981 -5.18457798183981 -5.18457798183981 -5.18457798183981 -5.18457798183981 -5.18457798183981 -5.18457798183981 -5.18457798183981 -5.18457798183981 -5.18457798183981 -5.18457798183981 -5.18457798183981 -5.18457798183981 -5.186431011332774 -5.189966840611048 -5.193483247095003 -5.196885502605495 -5.200252081954422 -5.203408108202387 -5.206530025511308 -5.209617156045804 -5.212660894152659 -5.215630900247446 -5.218418733514952 -5.220968836616836 -5.223461262716228 -5.225767281359692 -5.228037915910189 -5.229283057141449 -5.229704318318523 -5.229588837722396 -5.228855365342909 -5.227391702918222 -5.225445232120821 -5.223123720874219 -5.220517994626615 -5.217698434388814 -5.214717407660781 -5.211613281410887 -5.208414131278517 -5.205140636985444 -5.201808191536469 -5.198428394515595 -5.195010100041935 -5.191560153247238
-5.18457798183981 -5.18457798183981 -5.18457798183981 -5.18457798183981 -5.18457798183981 -5.18457798183981 -5.18457798183981 -5.18457798183981 -5.18457798183981 -5.18457798183981 -5.18457798183981 -5.18457798183981 -5.18457798183981 -5.18457798183981 -5.18457798183981 -5.18457798183981 -5.18457798183981 -5.1874423229992175 -5.191066780260778 -5.194651535925646 -5.1981180122664234 -5.2014637045509815 -5.204783784394311 -5.207754459944807 -5.210826509314506 -5.214087892667081 -5.2173872023671946 -5.220699718070161 -5.223263480673617 -5.226083644543205 -5.228527642138923 -5.230746413819902 -5.231877257015266 -5.2326141360640515 -5.2329602415562455 -5.232292820037609 -5.23055814724349 -5.228314896624199 -5.225708441886112 -5.222846203705508 -5.2198027217167775 -5.216628715021307 -5.213358813923458 -5.210016999957023 -5.206620189436627 -5.203180550897358 -5.199707007293277 -5.196199288611379 -5.192660834214717
-5.18457798183981 -5.18457798183981 -5.18457798183981 -5.18457798183981 -5.18457798183981 -5.18457798183981 -5.18457798183981 -5.18457798183981 -5.18457798183981 -5.18457798183981 -5.18457798183981 -5.18457798183981 -5.18457798183981 -5.18457798183981 -5.18457798183981 -5.18457798183981 -5.18457798183981 -5.188182618465088 -5.19186493628236 -5.19543063299308 -5.199025608056666 -5.202240469282689 -5.205217557361046 -5.208423396507994 -5.211741777506456 -5.215063902950085 -5.218468930575573 -5.222260282253751 -5.225671592229593 -5.228628658231558 -5.231271259822011 -5.233443566569468 -5.234929639373462 -5.235620020591856 -5.236221794164282 -5.235605959751316 -5.233501558552712 -5.230894604674368 -5.227969512422127 -5.224840475741281 -5.221576636321497 -5.218220529008327 -5.214799123677611 -5.211330100106458 -5.207822526096577 -5.204282755477515 -5.200721392600812 -5.197145458960191 -5.193542131833176
-5.18457798183981 -5.18457798183981 -5.18457798183981 -5.18457798183981 -5.18457798183981 -5.18457798183981 -5.18457798183981 -5.18457798183981 -5.18457798183981 -5.18457798183981 -5.18457798183981 -5.18457798183981 -5.18457798183981 -5.18457798183981 -5.18457798183981 -5.18457798183981 -5.18473243649135 -5.1886505076387595 -5.1922468689771195 -5.195928355282201 -5.199095528556236 -5.202274259508889 -5.205549261465937 -5.209175411302579 -5.212635105113695 -5.2157532418671915 -5.219261446860496 -5.223178196249827 -5.226852939779988 -5.229906675990633 -5.232333504652103 -5.235759371987909 -5.23846611379804 -5.239945869132704 -5.239640254372421 -5.238674206393828 -5.23607141645333 -5.2330451161213505 -5.22979365448795 -5.226413083801694 -5.222953185813184 -5.219441588320081 -5.215894625214073 -5.212322491196318 -5.208725177505528 -5.205113433915067 -5.201489120966119 -5.197845553320711 -5.1942023678213936
-5.18457798183981 -5.18457798183981 -5.18457798183981 -5.18457798183981 -5.18457798183981 -5.18457798183981 -5.18457798183981 -5.18457798183981 -5.18457798183981 -5.18457798183981 -5.18457798183981 -5.18457798183981 -5.18457798183981 -5.18457798183981 -5.18457798183981 -5.18457798183981 -5.184738359279586 -5.1887034026853325 -5.192338964530193 -5.195788754642444 -5.199022839180999 -5.202207665136607 -5.20562763889329 -5.209205750524697 -5.212803381814903 -5.216002238898717 -5.21951332929606 -5.223247378957117 -5.226713203664433 -5.230589210586809 -5.235158705026284 -5.238796722409305 -5.242191171075499 -5.244082475398456 -5.243580248644797 -5.241187077677468 -5.238008101767038 -5.234576247504056 -5.2310488818195715 -5.227472406697293 -5.223867292609974 -5.220242670262537 -5.216577457195902 -5.212858550176761 -5.209201772173092 -5.205531026413222 -5.201893441554865 -5.198250116378773 -5.194572542061977
-5.18457798183981 -5.18457798183981 -5.18457798183981 -5.18457798183981 -5.18457798183981 -5.18457798183981 -5.18457798183981 -5.18457798183981 -5.18457798183981 -5.18457798183981 -5.18457798183981 -5.18457798183981 -5.18457798183981 -5.18457798183981 -5.18457798183981 -5.18457798183981 -5.184637840117534 -5.18850604979756 -5.191980765514088 -5.195620310642567 -5.198822294263101 -5.202246176435975 -5.205744331220824 -5.209038570755253 -5.212155475540776 -5.21564186172805 -5.219532086262111 -5.223065030754579 -5.228168379899239 -5.232726614846105 -5.236791770442787 -5.240720920831343 -5.2444091724548105 -5.248005005344628 -5.246176818452763 -5.242599426681066 -5.238947427653585 -5.235282514067016 -5.23161316938727 -5.22794168468672 -5.2242581862026665 -5.220501158745086 -5.216669786776109 -5.2128815098850865 -5.209271420455681 -5.205649009401375 -5.202039365203848 -5.198377762739438 -5.1946950197955735
-5.18457798183981 -5.18457798183981 -5.18457798183981 -5.18457798183981 -5.18457798183981 -5.18457798183981 -5.18457798183981 -5.18457798183981 -5.18457798183981 -5.18457798183981 -5.18457798183981 -5.18457798183981 -5.18457798183981 -5.18457798183981 -5.18457798183981 -5.18457798183981 -5.18457798183981 -5.187876922832818 -5.191589165218761 -5.194581964587416 -5.198007977747049 -5.201560331601509 -5.204960290030866 -5.208312199707874 -5.211963651819746 -5.215540522876258 -5.220193921087714 -5.224927927332685 -5.228997808502279 -5.233249790298051 -5.237012448959957 -5.240631139779057 -5.243971027702162 -5.246231521460227 -5.245222096562715 -5.242103873774626 -5.2386211003645125 -5.235038101583864 -5.231393781190451 -5.227703593401711 -5.224001321283253 -5.220300937135117 -5.21633022149432 -5.212506472611284 -5.208920098815699 -5.2053186337826896 -5.201705508225793 -5.19805210508689 -5.194425030071285
-5.18457798183981 -5.18457798183981 -5.18457798183981 -5.18457798183981 -5.18457798183981 -5.18457798183981 -5.18457798183981 -5.18457798183981 -5.18457798183981 -5.18457798183981 -5.18457798183981 -5.18457798183981 -5.18457798183981 -5.18457798183981 -5.18457798183981 -5.18457798183981 -5.18457798183981 -5.1867497770645565 -5.190096669310333 -5.193677978840043 -5.197161049525832 -5.20043676966429 -5.203987355194684 -5.207609919273461 -5.212175436809062 -5.2159304894042045 -5.220942546579241 -5.224977367673592 -5.2287666239854085 -5.232422840526565 -5.2357779366067065 -5.238836984887209 -5.24136267240254 -5.2427379240037535 -5.242153596353461 -5.240002832174845 -5.237010164036646 -5.233769518220102 -5.230302020287531 -5.226642695430373 -5.223050383754046 -5.2193809018215696 -5.215406397221059 -5.211694378862899 -5.207998899711259 -5.204453228579173 -5.200934735025596 -5.197351037287937 -5.1938141812579115
-5.18457798183981 -5.18457798183981 -5.18457798183981 -5.18457798183981 -5.18457798183981 -5.18457798183981 -5.18457798183981 -5.18457798183981 -5.18457798183981 -5.18457798183981 -5.18457798183981 -5.18457798183981 -5.18457798183981 -5.18457798183981 -5.18457798183981 -5.18457798183981 -5.18457798183981 -5.185418042213041 -5.18875276612138 -5.192353133940806 -5.195891307329166 -5.199544548713137 -5.203946305112506 -5.208356472747919 -5.212488840878318 -5.216258420582887 -5.220412908029952 -5.224095181322902 -5.2274851896170995 -5.230693026280195 -5.233649359479887 -5.236166596905578 -5.238078027644046 -5.239065720605025 -5.2387085360823935 -5.237030482382797 -5.234486211136784 -5.2314373011567294 -5.228232159388859 -5.224863464893099 -5.2213269973211505 -5.217816625144161 -5.214097379776629 -5.2101655407943275 -5.206690483773845 -5.203245587007 -5.199709264594877 -5.196124769042855 -5.192498850654933
-5.18457798183981 -5.18457798183981 -5.18457798183981 -5.18457798183981 -5.18457798183981 -5.18457798183981 -5.18457798183981 -5.18457798183981 -5.18457798183981 -5.18457798183981 -5.18457798183981 -5.18457798183981 -5.18457798183981 -5.18457798183981 -5.18457798183981 -5.18457798183981 -5.18457798183981 -5.18457798183981 -5.187384848292328 -5.190686953546097 -5.19484917633105 -5.199874327037898 -5.2040765003284335 -5.208169070916225 -5.212050931991847 -5.215716696649993 -5.219176411016254 -5.222390898248882 -5.22543974765579 -5.2282506229745955 -5.23090871631389 -5.233050404610885 -5.234717379971353 -5.235351141046666 -5.234810087586959 -5.233296890878064 -5.231150804676585 -5.228429494333108 -5.225458304584236 -5.222390502869547 -5.219128855415291 -5.215759283804142 -5.212037793159522 -5.208126089634455 -5.204713114356946 -5.20148582026855 -5.197912854494774 -5.194457684966242 -5.191073109427897
-5.18457798183981 -5.18457798183981 -5.18457798183981 -5.18457798183981 -5.18457798183981 -5.18457798183981 -5.18457798183981 -5.18457798183981 -5.18457798183981 -5.18457798183981 -5.18457798183981 -5.18457798183981 -5.18457798183981 -5.18457798183981 -5.18457798183981 -5.18457798183981 -5.18457798183981 -5.18457798183981 -5.186104316290214 -5.1903850377646314 -5.195034785866474 -5.199467862773394 -5.203509653105987 -5.2071795332772846 -5.210618944599359 -5.213939543333245 -5.217086722867094 -5.219808679918847 -5.2229095463117305 -5.225654157329141 -5.228054565100555 -5.229955861059052 -5.231188232275671 -5.231500395776869 -5.231042351409267 -5.229551599425213 -5.227427288547922 -5.224938220735916 -5.222196292202445 -5.219300913759462 -5.216267708086841 -5.212620215949201 -5.2088089846750245 -5.205015973413438 -5.202313035004323 -5.199035105244721 -5.195830534118646 -5.192448512506098 -5.189145465863307
-5.18457798183981 -5.18457798183981 -5.18457798183981 -5.18457798183981 -5.18457798183981 -5.18457798183981 -5.18457798183981 -5.18457798183981 -5.18457798183981 -5.18457798183981 -5.18457798183981 -5.18457798183981 -5.18457798183981 -5.18457798183981 -5.18457798183981 -5.18457798183981 -5.18457798183981 -5.18457798183981 -5.185846035439483 -5.190177254394629 -5.19402508374327 -5.197877406514035 -5.201558250255555 -5.205126709194087 -5.2081236836654385 -5.211305870930555 -5.214369714437937 -5.217535778825226 -5.220339232716855 -5.222872286117769 -9999 -9999 -9999 -9999 -9999 -5.225979257994132 -5.223433135759717 -5.220612106807995 -5.21832735117956 -5.215159166297447 -5.2126970134129715 -5.210095115976931 -9999 -9999 -9999 -9999 -9999 -9999 -9999
-5.18457798183981 -5.18457798183981 -5.18457798183981 -5.18457798183981 -5.18457798183981 -5.18457798183981 -5.18457798183981 -5.18457798183981 -5.18457798183981 -5.18457798183981 -5.18457798183981 -5.18457798183981 -5.18457798183981 -5.18457798183981 -5.18457798183981 -5.18457798183981 -5.18457798183981 -5.18457798183981 -5.1851749860802006 -5.18876382633056 -5.192481957547729 -5.195938992470784 -5.199168801927196 -5.202460771408909 -5.205822993004667 -5.2091676241034035 -5.212249481079387 -5.2150954081303045 -9999 -9999 -9999 -9999 -9999 -9999 -9999 -9999 -9999 -5.216502559228988 -5.213626757211224 -9999 -9999 -9999 -9999 -9999 -9999 -9999 -9999 -9999 -9999
-5.18457798183981 -5.18457798183981 -5.18457798183981 -5.18457798183981 -5.18457798183981 -5.18457798183981 -5.18457798183981 -5.18457798183981 -5.18457798183981 -5.18457798183981 -5.18457798183981 -5.18457798183981 -5.18457798183981 -5.18457798183981 -5.18457798183981 -5.18457798183981 -5.18457798183981 -5.18457798183981 -5.18457798183981 -5.186842362433516 -5.190405169879351 -5.193967330028504 -5.197408260027772 -5.200627549619857 -5.204055402239512 -5.206867329040939 -5.209644791820829 -5.212224573961491 -9999 -9999 -9999 -9999 -9999 -9999 -9999 -9999 -9999 -9999 -9999 -9999 -9999 -9999 -9999 -9999 -9999 -9999 -9999 -9999 -9999
-5.18457798183981 -5.18457798183981 -5.18457798183981 -5.18457798183981 -5.18457798183981 -5.18457798183981 -5.18457798183981 -5.18457798183981 -5.18457798183981 -5.18457798183981 -5.18457798183981 -5.18457798183981 -5.18457798183981 -5.18457798183981 -5.18457798183981 -5.18457798183981 -5.18457798183981 -5.18457798183981 -5.18457798183981 -5.185359706367441 -5.188675196603609 -5.192235597348145 -5.195475417975571 -5.198470086265345 -5.201322607408418 -5.204092258873791 -5.206743748235123 -9999 -9999 -9999 -9999 -9999 -9999 -9999 -9999 -9999 -9999 -9999 -9999 -9999 -9999 -9999 -9999 -9999 -9999 -9999 -9999 -9999 -9999
-5.18457798183981 -5.18457798183981 -5.18457798183981 -5.18457798183981 -5.18457798183981 -5.18457798183981 -5.18457798183981 -5.18457798183981 -5.18457798183981 -5.18457798183981 -5.18457798183981 -5.18457798183981 -5.18457798183981 -5.18457798183981 -5.18457798183981 -5.18457798183981 -5.18457798183981 -5.18457798183981 -5.18457798183981 -5.18457798183981 -5.186866164663796 -5.1900243215891555 -5.19302991651491 -5.196011033481992 -9999 -9999 -9999 -9999 -9999 -9999 -9999 -9999 -9999 -9999 -9999 -9999 -9999 -9999 -9999 -9999 -9999 -9999 -9999 -9999 -9999 -9999 -9999 -9999 -9999
-5.18457798183981 -5.18457798183981 -5.18457798183981 -5.18457798183981 -5.18457798183981 -5.18457798183981 -5.18457798183981 -5.18457798183981 -5.18457798183981 -5.18457798183981 -5.18457798183981 -5.18457798183981 -5.18457798183981 -5.18457798183981 -5.18457798183981 -5.18457798183981 -5.18457798183981 -5.18457798183981 -5.18457798183981 -5.18457798183981 -5.18457798183981 -5.187178546887523 -5.190268060131002 -9999 -9999 -9999 -9999 -9999 -9999 -9999 -9999 -9999 -9999 -9999 -9999 -9999 -9999 -9999 -9999 -9999 -9999 -9999 -9999 -9999 -9999 -9999 -9999 -9999 -9999
