output/Mappa_Temperature_20070701_1500.asc
NCOLS 153
NROWS 173
XLLCORNER 628082.1585431173
YLLCORNER 5141515.270487413
CELLSIZE 30.0
NODATA_VALUE -9999
[rows 42 to 62 of 173, columns 48 to 95 of 153]
9.868196935190358 9.881336160586969 9.893709965101607 9.906141657774965 9.918631118094861 9.931178224671779 9.943782854670312 9.956855429202372 9.969985001613075 9.983581942818994 9.997235567251135 10.010535159384862 10.02430168256426 10.035663044353315 10.047902936765471 10.055300112190764 10.061969655983946 10.075608671489922 10.092144413801236 10.113223780731042 10.131932675760872 10.149068306971685 10.166264278476515 10.185168918351282 10.204141394712583 10.219038314894128 10.233575022445711 10.247751214106726 10.261980390549276 10.276262243010487 10.290596449220184 10.3045695252478 10.318594601347359 10.33225871783996 10.346799292490855 10.360565986176585 10.373971980536085 10.382092392899322 10.389477136610534 10.403455340377972 10.415041626547119 10.429119750294307 10.445683557494709 10.461481632995492 10.477732915460809 10.491589903089135 10.504682021586882 10.519849780879003
9.87332418913638 9.886446951885366 9.89880283576769 9.911628823174143 9.92410042125128 9.936218104096564 9.948805374282541 9.961861536002585 9.974974882479431 9.988556568896302 10.002195151747026 10.015890500998875 10.030053971054205 10.043450953622061 10.054848888753863 10.067127312052474 10.077415073838937 10.08613482409844 10.101446851480624 10.11640701702242 10.133468563683778 10.151822260405886 10.169830986374363 10.190381469798567 10.207695861607712 10.222168701431862 10.236281369305559 10.250861646150144 10.265081279804772 10.279354000389482 10.294093209059309 10.308471028007515 10.322074048032674 10.336142738462017 10.350263116016192 10.364434791861775 10.378657362085734 10.390047414115696 10.399444626193736 10.409320554509709 10.420892860625909 10.433742491354321 10.44705008182146 10.46203218843553 10.477061139198506 10.491730284763165 10.50644550036742 10.5220177033148
9.87807859732371 9.890771805737682 9.903522963042763 9.916331974936028 9.9287860637491 9.941298091776925 9.953455791072624 9.966495586132469 9.979592753467704 9.993159121051695 10.006782600303362 10.01799281567028 10.031318631993857 10.045935361853706 10.058963005330893 10.074516400297155 10.086421954101208 10.098797069376717 10.112872434313564 10.126592785481986 10.142835178709952 10.159136121743204 10.177559656288992 10.195221534987049 10.210872169382354 10.225334636242113 10.239851367802133 10.25400770603677 10.268217847503264 10.282895671198848 10.297212406022316 10.311168042939752 10.325176528632243 10.339651034106764 10.353763915022803 10.367928529424205 10.382144474244795 10.39599868101603 10.40578661864626 10.416052221102055 10.424748752650128 10.435554950848282 10.45007916599544 10.463432105083221 10.476023447614379 10.489071381362518 10.504192032817906 10.520573017358624
9.88204494568976 9.895134548373537 9.907868660057098 9.920660739516322 9.933097475042297 9.945592294882399 9.958557957754053 9.971168507900842 9.984249455675393 9.997387873092096 10.010996178775471 10.023424423398565 10.035498760215797 10.049278196986876 10.063114529505105 10.078656227305892 10.09301854753736 10.10991560338783 10.122325868786248 10.13603192224922 10.147319631439204 10.162786947162882 10.179136852577605 10.196372648847028 10.212840369701102 10.228536239123097 10.243043033496086 10.257189505530055 10.27180483287554 10.286059359186728 10.300367510898807 10.314314646916394 10.328729171528959 10.34278231098466 10.357301792506048 10.371459456687349 10.385668896762784 10.399929694004674 10.41382850900212 10.424481609531277 10.434786919115615 10.444338796620029 10.460082879901103 10.46934330893839 10.4790808850403 10.490504620758328 10.504814588874005 10.519171387584832
9.885634692473163 9.899121483180494 9.911838587804967 9.924613771480082 9.937033304325457 9.94992453359746 9.962873648611192 9.975880581185361 9.98894526028227 10.002067611305872 10.015247555396929 10.028898103625739 10.04301926488191 10.056371207177348 10.069367294992205 10.082833651579069 10.096356998267918 10.114898617151868 10.12936282500821 10.14305508066546 10.15473466928254 10.167300234292005 10.181574985135033 10.198800305884612 10.217331846934586 10.231773637693985 10.246270522868288 10.260407163769306 10.275013440267156 10.289259003189096 10.303558633283012 10.31791201282897 10.331904236246178 10.346364199070763 10.36046260756233 10.374613648885292 10.389230738757211 10.403485607638133 10.41779185337922 10.432562294934753 10.44655664547869 10.457715442274669 10.46811258411143 10.477755176466728 10.487058981522205 10.49887161773885 10.512363054114093 10.52428196831704
9.888019472525293 9.901903317790104 9.91501762137467 9.928190078811284 9.941006536780401 9.953881086763692 9.96681367877442 9.979804260594207 9.993266555437518 10.006372865057145 10.019536986602754 10.032758851662757 10.046451948271535 10.060616292885998 10.074838262983395 10.089117757050907 10.103454664816242 10.118263280222983 10.132714788441339 10.146808620320824 10.160130058722707 10.172266241824522 10.186529523593086 10.20374930988673 10.22061548983259 10.235046967480688 10.24911855046047 10.263660807338692 10.278258073958197 10.292494722578708 10.306785889652877 10.321131262581531 10.335115580274854 10.349568459361493 10.363659887423955 10.378218812558934 10.392415821113872 10.4070791874259 10.42179407347896 10.43614615824966 10.450962803459312 10.465002580949156 10.47455583195063 10.485000078195219 10.497146162100597 10.508938093427526 10.522009795841003 10.5330957870324
9.890440600393296 9.904307432212287 9.91823321728568 9.931389029884205 9.944188766833507 9.957460956827285 9.970791302663008 9.983351290392797 9.996383660866341 10.009888125092193 10.023864741801516 10.037070954785353 10.050749205401244 10.064899526828222 10.078693340958056 10.092959247630384 10.107282884039694 10.121664145089506 10.136102914985699 10.150184037187111 10.164737288679621 10.17810238960003 10.19276923751256 10.206662692838902 10.221857719184808 10.23794062629034 10.252417738868495 10.26695057033928 10.281538863973692 10.295766643836927 10.310465006742914 10.324386835482102 10.338778614462441 10.352809204486308 10.366893748294027 10.381446631709588 10.395637710411172 10.410295995203327 10.425006280908951 10.439768109192313 10.454581002578232 10.469444464555162 10.482289484259756 10.492713096899685 10.504845313015203 10.51785373711731 10.530503788610035 10.543615372309379
9.892071344326602 9.906748197369922 9.92065700092992 9.934210361103283 9.947407769758179 9.960663507471027 9.973977555302485 9.9873498922187 10.00036595990713 10.013854763261287 10.027401772681404 10.041006950555774 10.054670253074212 10.068806337318202 10.08258576136775 10.096838022898643 10.111148334503676 10.125101419605645 10.139527404316725 10.154011136628553 10.168552490946256 10.181904730011732 10.195729701513908 10.211273376301673 10.227707314587947 10.241702002884072 10.25616928000436 10.270276594464901 10.284439908070667 10.298658956471893 10.313349304993187 10.327678859193814 10.342063242428896 10.356086558252448 10.37016431287364 10.384711262121533 10.398896528664796 10.413549862273534 10.427840968571267 10.442598932274233 10.45782296583328 10.472683436115164 10.487594442079482 10.500899321033044 10.512191234640312 10.52436621854083 10.537007307323218 10.551343559138813
9.89291381173993 9.908812135027866 9.92311773374715 9.936654185211658 9.949834846095186 9.963073972130584 9.976786101003368 9.990142190083201 10.003971467663002 10.017444490815349 10.031390869478141 10.044980764299805 10.05862904003029 10.072750812964259 10.086931076303804 10.100754323507104 10.115051247818275 10.129406473162303 10.143404131452186 10.1570440357454 10.170741830672679 10.184912913319454 10.19997301433488 10.215091112350148 10.231516628518682 10.245917249434278 10.259541450113574 10.274055516557706 10.287793075629015 10.302003332931688 10.316269524899512 10.33059135578891 10.344968509862321 10.359400651096134 10.373471710404035 10.38801283232481 10.40219240431922 10.416840917484244 10.431127331497766 10.445881479825523 10.461102581073105 10.475960237857779 10.49086892436637 10.506242791175348 10.521251778956913 10.533824864277056 10.545212998858025 10.561608383375784
9.887213950092924 9.908847112240137 9.92478773744344 9.939135253932015 9.952713496455186 9.966350538812362 9.979631657434552 9.993386181516284 10.007199543077336 10.0210717480733 10.03500279781892 10.04899268805562 10.063041408013927 10.076733225658955 10.090483641272524 10.104292620860637 10.118575934099528 10.132917895389697 10.146070444385792 10.159697329568127 10.173798197984764 10.18795718103902 10.20217415495922 10.21686489501373 10.232445978863769 10.248502591221355 10.263784156812871 10.278288902770498 10.29201644881856 10.305800991550601 10.319642261820317 10.333539970118345 10.347909959157363 10.362335445722426 10.376816076710115 10.390935603949796 10.405525472291643 10.419753725284586 10.43445116032557 10.44920164939845 10.46400470855195 10.47885983212197 10.49418157239517 10.509139119677744 10.524562067617339 10.540449835374403 10.555141533019777 10.569467481032609
9.886506794399967 9.905630968488692 9.925669155571326 9.941239748902884 9.95521522273974 9.968835419269908 9.982929395451068 9.996667712156135 10.01088030920906 10.024736857922441 10.03823690383664 10.052211449238634 10.065829323124856 10.07992189968184 10.093241772229055 10.106204943977085 10.119642733508565 10.131893719297928 10.144619755534196 10.158234388478936 10.172322306891436 10.186883525164323 10.20233355491028 10.21784314693571 10.233412147288893 10.248624064838449 10.262645332555735 10.277973043908297 10.295861009010977 10.30963626237753 10.323468746598904 10.337358178232726 10.351304252204173 10.365306641509658 10.379781218411345 10.39389496362589 10.408479834946212 10.423119193241405 10.437812597899793 10.452559585410752 10.467359669441473 10.482212340971584 10.497117068484618 10.512488669425633 10.527911105944781 10.5433837743964 10.558906049405282 10.57489278707552
9.887890073435388 9.904117578728071 9.922880568941647 9.94296858993221 9.957754882633147 9.971772729348125 9.985850132487753 9.99957196663186 10.013768345867682 10.027608805516016 10.040677376132201 10.05255951213431 10.064917086539234 10.077749141445587 10.09064072389894 10.103177803326862 10.115774921308912 10.128845440513816 10.142388724202652 10.15681795579705 10.170892783735528 10.185854019460558 10.20087474461026 10.217198585619967 10.237327659596977 10.252113502344189 10.266957818196198 10.281026840606737 10.298907810108673 10.313509312788135 10.32733305014766 10.341214257434736 10.355152634936754 10.369147860016396 10.382782996716879 10.397307446266726 10.411471045541598 10.426106064077695 10.440795673768026 10.455539409747972 10.47033678330613 10.485187282027628 10.500506120529273 10.51546114319016 10.53088328169459 10.546356174710505 10.562294988724123 10.577867473732656
9.904925598085487 9.909621687869707 9.926317726877828 9.943909734129903 9.959918620345018 9.974333610693895 9.9883940298549 10.002514221164645 10.017109786305225 10.028856938013774 10.040250423727594 10.051705945092554 10.063223538634448 10.076455684181662 10.090160705603013 10.103511869486582 10.117335900012256 10.131219457442127 10.143096812205807 10.155861031577121 10.17074804469647 10.184456346791482 10.20235652802919 10.219911438901832 10.23711792806929 10.255640046042588 10.273815428587278 10.288292063816014 10.304081978932476 10.31783852338199 10.33081745815196 10.3442731280892 10.358204276698766 10.372192818462334 10.3862384111869 10.400340688249564 10.41491581624214 10.429130063160729 10.443399746961198 10.458140472706582 10.472935392108104 10.488199997067886 10.503517672323541 10.51847179690305 10.534309929970853 10.549783299601868 10.565307314844375 10.580881310420104
9.915899698537265 9.922184532129664 9.93185625303435 9.944892222422824 9.958813041673256 9.975689992032153 9.990561645893308 10.005494872452918 10.020074023469697 10.033882066562082 10.044840910763309 10.056692447074695 10.068191143596197 10.080579573867782 10.094269598256174 10.108847454009968 10.122657282097588 10.13611286318569 10.148386922157078 10.161135705083504 10.175184699256357 10.189293498093507 10.204289183180375 10.219759228229227 10.238194626423725 10.257535678446462 10.274029092476118 10.290584992041918 10.305529259272113 10.320532438053615 10.334757435845102 10.34862253907847 10.361710334866236 10.375692061380422 10.389731403220166 10.40341098212603 10.417981451188652 10.43219135216543 10.44687379335878 10.46161149106928 10.476403951501545 10.491250654982188 10.506151056190769 10.521520806840725 10.53694302323012 10.552833458294858 10.568358721138733 10.584351018404224
9.93745127542541 9.941955671394057 9.945734869286499 9.954185418149445 9.958169736320851 9.97213057836713 9.989042464513396 10.006439204042623 10.021830237997762 10.036868448270704 10.050303946929816 10.063383395561159 10.076522852861457 10.089722400165975 10.10215113201525 10.115471225554261 10.128851586738483 10.14146224779179 10.154548651841209 10.16852485876902 10.180489030888326 10.194171397075518 10.21040022689104 10.225862147277663 10.243464734815888 10.25946800740086 10.274699202413684 10.289156465672493 10.303673214167738 10.318666390643523 10.336225153709517 10.350501302135116 10.364418149280176 10.377975980723766 10.39117540410512 10.40443391005904 10.417334964375025 10.43112656152818 10.446222158597747 10.46262164498329 10.478661183671784 10.495172890808718 10.509238793153827 10.524608357044553 10.540447605816567 10.555505963664126 10.57144940761437 10.587444061940925
9.952905823179636 9.958586843767318 9.962679863767061 9.964798940795383 9.967473410252795 9.97028304864879 9.986340487077634 10.00411587890284 10.020309622855889 10.035325475575792 10.049158733542189 10.064713074389037 10.07908340752242 10.09351473241013 10.105927187585063 10.119647639024464 10.132181929115822 10.144362698206926 10.157435010378535 10.170982946763575 10.18542106137148 10.200335163623464 10.215726097347629 10.231179033428798 10.246693899422498 10.261020822523921 10.275408095816058 10.289855578639115 10.304363105404109 10.322267102343826 10.338147824474895 10.35199895487906 10.366327133796602 10.379461852111744 10.392239833513049 10.405494676972925 10.419224707239461 10.433428586056499 10.449769108877343 10.464918164252992 10.480539470766486 10.49746651251896 10.512781908075818 10.527317851519234 10.542741042390952 10.556550946702092 10.570830715525146 10.58641063064663
9.964660542014352 9.968154096632038 9.970078690485774 9.973819761890292 9.97851167984474 9.981657048794162 9.98575326039261 10.000617558978703 10.017604493242674 10.034662334692475 10.050133349240367 10.065253426244352 10.080851679442684 10.09526638895324 10.108910755993456 10.122200243952449 10.135966367040119 10.14854679686175 10.160774153118997 10.172235499598278 10.184589210985472 10.198660080584665 10.213206063334214 10.230300801914813 10.247463312328572 10.261363438509624 10.276156120687228 10.290593739432973 10.305924305481113 10.320899476692071 10.33635179125123 10.351864784164462 10.367438187242023 10.381402178962379 10.395425564795556 10.409507990250903 10.423232554375934 10.438264844149622 10.453354659480553 10.467668552961152 10.482455516392706 10.497298521360467 10.513446007333156 10.52839916939467 10.542574114133586 10.556387674983085 10.572333569805998 10.58999684751454
9.976942415299819 9.97694097030218 9.981768587589848 9.986277921470824 9.98629208241633 9.9931239394672 9.99302085885503 9.998828100794631 10.014141366501933 10.031987307756593 10.049083456832749 10.064595332944245 10.081000488122942 10.096642476625146 10.11068630442684 10.124791537446281 10.139790102680234 10.154018823311523 10.166644780113197 10.17684209291522 10.187523965641217 10.200340732033844 10.214046624490603 10.22822761722038 10.244953921654071 10.260087362398016 10.274038734950608 10.290540610072144 10.305860170046705 10.319579139356112 10.334605214311471 10.350107896604776 10.365671649722227 10.380047478878312 10.394899122570719 10.409810175290042 10.424364092837813 10.438560653619659 10.454479563853232 10.470040423384603 10.48774298192264 10.501750656715705 10.517899363021492 10.532018620972185 10.545777038872203 10.557512630998088 10.573875893302795 10.590708638090305
9.988029257242768 9.990943216821657 9.993128266403149 9.993757045355983 9.999171237300425 10.00217581449146 10.001583306401972 9.997096712596894 10.011975709503552 10.030606979944078 10.046439022788174 10.061924897864108 10.081194327881583 10.096815630258881 10.112086825047212 10.127006434386388 10.142405027048945 10.157035017725235 10.17006236864073 10.181905016961034 10.192982781411956 10.205784411119707 10.217407454665778 10.231162810726975 10.243740283771515 10.257207007356822 10.272801421001013 10.289287128470711 10.30376610074401 10.319964492067852 10.334152116463597 10.35047537061787 10.36436987027948 10.377910557078144 10.39275611972872 10.408076649457778 10.423042046938523 10.437651709283585 10.452320212420027 10.46787703587338 10.485154036048257 10.502075594554974 10.519056258315139 10.535260943528153 10.550687262036337 10.564500527771797 10.577536978517601 10.592293126046737
9.997031060153223 10.000748805540937 10.003722359044106 10.006821304341228 10.004555079492498 10.009199444027281 10.009379387700434 10.006863949709055 10.010279162807239 10.02887302383183 10.042221691482023 10.060960491092798 10.08019557198482 10.097861652677103 10.113114148215498 10.128845942440714 10.145475205112387 10.16050668927298 10.173935434595277 10.185762480784698 10.19765470379031 10.21085664762577 10.223706763578996 10.234963791310248 10.247115168161056 10.259744502659274 10.273675830556463 10.288082488388685 10.30379100039346 10.320391094269795 10.334571005511219 10.348398933732645 10.36270240471803 10.378308869316582 10.393562879487318 10.40929241332185 10.42425357636048 10.439274715622354 10.453940669018204 10.468251109601066 10.484278562887827 10.50036478909942 10.517755990174404 10.533126955422501 10.548554094210836 10.567368185867538 10.584157459404086 10.600584470530215
10.00697497505255 10.011498832294304 10.015263545732557 10.01315080765831 10.013790944740707 10.012499819253046 10.012244331391187 10.011766816818245 10.017192505342395 10.024755539552569 10.038492801266209 10.060868438067345 10.08171966924305 10.097711556197497 10.115426402541644 10.132386296465368 10.1477531659469 10.163185062033138 10.17618279914148 10.189659797766753 10.20195232687635 10.215555735426022 10.22797637949195 10.240461799943098 10.253840739196352 10.268112042083947 10.279961016492914 10.294358251324859 10.306336654742095 10.319619929076971 10.335444887488446 10.35050648119572 10.365216924457108 10.378335346293618 10.393582739152981 10.408478238341326 10.424676278766164 10.440936570196069 10.456014544372383 10.47032332277475 10.48552016791973 10.501190302632162 10.517333733624062 10.531460620656736 10.545644994984073 10.562372937360534 10.58081973637346 10.59932792991176
