output/Mappa_Temperature_20070701_1200.asc
NCOLS 153
NROWS 173
XLLCORNER 628082.1585431173
YLLCORNER 5141515.270487413
CELLSIZE 30.005356186399773
NODATA_VALUE -9999
[rows 84 to 104 of 173, columns 96 to 143 of 153]
10.100168019187791 10.10379335424089 10.111539205825899 10.123402141198369 10.131049464159554 10.141252438927062 10.1498454958507 10.154748859465103 10.159089835692827 10.167026675945587 10.176478116983272 10.186405339448264 10.192133503469732 10.20405326862945 10.22061144971475 10.227772438181585 10.234895152897371 10.241461154223124 10.245395894695516 10.251373763084798 10.258873916854942 10.26841463224825 10.270148235869069 10.270824252103914 10.274581294034613 10.27418360774487 10.2722263641644 10.268719122977227 10.265724578908072 10.261193192966532 10.256668785144496 10.253681326273087 10.249679895202494 10.243658821998737 10.225537706695588 10.209041986534691 10.194652775952608 10.180356035019926 10.163187607061957 10.151560948517844 10.147367698043297 -9999 -9999 -9999 -9999 -9999 -9999 -9999
10.135962124569254 10.136455879746165 10.141089877395597 10.146199436897192 10.152827524156622 10.158886316709442 10.165940933116099 10.17451176950099 10.1819936251513 10.189429808055886 10.198382746786084 10.207811376647655 10.213553528056197 10.225496599347627 10.241042496210744 10.247696940819647 10.255353380703484 10.26141096555237 10.26483408219797 10.271860775467255 10.278852580929447 10.287367684586062 10.291698452134282 10.292891710978115 10.29613373311987 10.29624961665847 10.294801499443093 10.291798485415116 10.28827863329325 10.284246511085422 10.280730092007339 10.276706401444489 10.272689607366738 10.266648922204135 10.242422853447577 10.225412049463483 10.212013320501194 10.204674491718933 10.189927785556701 10.176764239013565 10.168606507269773 -9999 -9999 -9999 -9999 -9999 -9999 -9999
10.165090995977037 10.168209858347884 10.170235249478758 10.167509601797503 10.16945693141672 10.176583057992127 10.18261682099496 10.190168463098685 10.199236863151496 10.206693624296426 10.216710298106213 10.22772331754287 10.236606086836565 10.247008254028906 10.260495000836228 10.268726160586407 10.275353386813572 10.2809007549868 10.28485111376638 10.291888149901526 10.298369778912866 10.305856431735991 10.311751276885195 10.314501663201696 10.3156724156457 10.317340168462087 10.314337317178586 10.310814226868278 10.309347636001341 10.30633243867604 10.301266906139107 10.295189035125109 10.289127593181835 10.281559563640501 10.271993823039397 10.245842896512485 10.233919382415868 10.22905451799019 10.210280289969212 10.19609753351991 10.187921129126652 10.179304380148245 -9999 -9999 -9999 -9999 -9999 -9999
10.190649561207177 10.193781960316622 10.19634249158846 10.197284402742827 10.19504368347038 10.196434000496255 10.201964661767716 10.208492859456394 10.213407686554543 10.219842653832538 10.227795879158132 10.240394965666313 10.253991561663907 10.265978230316497 10.279486707425155 10.287210369553494 10.294371157499375 10.299928260864123 10.304406736324824 10.311974178582561 10.317423307468426 10.32543915827888 10.331340478473498 10.333574117588197 10.335783179143073 10.33641468572792 10.333924828647218 10.330395673862627 10.328924813275126 10.3253891339114 10.319290028234954 10.311671095377525 10.304586424649802 10.296508247731365 10.287954453297855 10.26934417711064 10.262908837817708 10.246488102011073 10.227194119127663 10.216956034431847 10.206781117200503 10.197654140869775 -9999 -9999 -9999 -9999 -9999 -9999
10.214193059987192 10.215759649741912 10.217282167719123 10.218235908378492 10.220198453725093 10.219497386702962 10.222949199355725 10.227925890533356 10.232856268008103 10.23669683217485 10.245713479297061 10.25833629335149 10.27091182969157 10.284485921307311 10.296447572099654 10.304707479191974 10.312402698722321 10.318491282618858 10.324541581056756 10.332118411470333 10.339136587871948 10.346118785039083 10.351504685376428 10.353219041822836 10.355947988997881 10.356058700873103 10.35304591145266 10.351060600312938 10.348551374369883 10.343978636474448 10.33838411735043 10.331264922259432 10.32365620631237 10.314546396687406 10.305980842988248 10.295934412514113 10.286439927251509 10.264458349309068 10.244141551609976 10.23141197316419 10.223702047658099 10.219975668685471 -9999 -9999 -9999 -9999 -9999 -9999
10.23676507441538 10.238871975280517 10.243042037982862 10.245581181323017 10.243865059047039 10.244216589973819 10.248726874144667 10.252141161364108 10.255511066319196 10.257791328367498 10.267349750130982 10.276858699503443 10.289456171412022 10.300437064545012 10.313463032178351 10.322259580633563 10.329444320872673 10.33658766187686 10.343168693630401 10.350232969580947 10.35673783474389 10.364248988705231 10.371724138384636 10.374999035519199 10.376686222701615 10.377311696417719 10.373770951874077 10.371777676578489 10.369259367320598 10.364159228698117 10.357524047073753 10.35039228937333 10.34276991081328 10.334663136703515 10.325062622773183 10.313479630603647 10.303972038827693 10.278455755823725 10.265110075198733 10.257810426784841 10.250055291802019 10.242345300574712 -9999 -9999 -9999 -9999 -9999 -9999
10.25941846575071 10.262596138642758 10.267838069409764 10.271442420933118 10.273942311547854 10.279031036499404 10.278278298846532 10.281694717069227 10.278765918546746 10.285245134635545 10.289579591930925 10.296487422543949 10.30282468460459 10.313824043467351 10.327915110778145 10.336726243161635 10.347061807470721 10.354738131296145 10.361850240294734 10.369444822071989 10.376478109871917 10.383473938606471 10.390433526397564 10.395273259999314 10.397478690135102 10.398099488908699 10.396105196931662 10.39358233600693 10.39001808716137 10.385420069653525 10.379796545678895 10.373156462433576 10.368069722996134 10.350234346597011 10.34164378439689 10.328529807615194 10.317503255720617 10.297998090621364 10.290121010347166 10.28228459943366 10.27349766278821 10.264267799003415 -9999 -9999 -9999 -9999 -9999 -9999
10.287991891417658 10.294891222281287 10.301733013802643 10.30798816223912 10.306248549969155 10.306586222861414 10.311104938722996 10.315046664819945 10.316306941567568 10.318052752086686 10.31923251203663 10.318800265268091 10.32252678436489 10.330400437892889 10.342939727877644 10.3522884573883 10.360020763402241 10.368755672524678 10.380062516089822 10.387665108123079 10.395227712552709 10.40275157330943 10.409193752679169 10.415079094316924 10.41832485391526 10.417899183112016 10.412780852845147 10.410255089903705 10.406686843799191 10.403116320220338 10.400575644549036 10.39700288939119 10.391892791285317 10.378608347474277 10.351142709279651 10.341586041624794 10.331568507394394 10.32713450442108 10.312686686303355 10.30431905212317 10.295996884855928 10.288217996000245 -9999 -9999 -9999 -9999 -9999 -9999
10.312946888028835 10.320396769502194 10.32884998389592 10.336712082260462 10.341861663864787 10.34271603225081 10.347233084168849 10.350641230171178 10.354530276722915 10.356787858287115 10.355311970802232 10.34854332574394 10.340715084964863 10.349126266887646 10.360110155123278 10.36894792106876 10.376167231388292 10.385436917197268 10.396756037657896 10.405936858811467 10.414552307530473 10.422081329707542 10.429049449254782 10.435458834310165 10.437137124455585 10.434102594405536 10.431578771021524 10.428526533014447 10.42339685214814 10.420337722570038 10.419338680393736 10.416270558947184 10.409606176582454 10.397327345289087 10.373893460421629 10.342020841068893 10.342129308645232 10.338709000268123 10.331786987126854 10.32339773511214 10.317545803140206 10.31868776160694 10.318834628024543 -9999 -9999 -9999 -9999 -9999
10.336924955483688 10.344927252788642 10.35393293556895 10.361812213975092 10.363250728188971 10.366234902859338 10.375005934560976 10.379476054923675 10.381776531987047 10.382973721929261 10.38360113637576 10.380497199587825 10.372103899468796 10.375789419736936 10.379957634345145 10.385657545941987 10.393410940863003 10.40321548011756 10.414022107631387 10.424783439585793 10.433405458579328 10.441986169963528 10.448957023565606 10.45536787739672 10.455475170650308 10.452433407941271 10.45094311706673 10.447880861215735 10.442738444619698 10.439151125156076 10.436594859198129 10.434034510867898 10.42735788567264 10.41557329093702 10.396184785973594 10.359682064737557 10.350193778543536 10.347792034579602 10.34338980049894 10.344514513841421 10.347135774931981 10.349249844140553 10.348865541709 10.348983762201046 -9999 -9999 -9999 -9999
10.356715687152553 10.36687490673551 10.378569339320434 10.388598127173793 10.390570048159057 10.393556454036386 10.404468431640153 10.407345568198428 10.408581707195507 10.41030420921608 10.407747976015955 10.409389403504557 10.407822381816825 10.40464366179772 10.399863101189911 10.40189133090537 10.40965464163987 10.420519630617951 10.430287656722571 10.442107717032949 10.452833566080903 10.461418999848949 10.469439750633303 10.475850861525554 10.475427659338916 10.472896748348928 10.47035395097559 10.467800754772599 10.463681469958818 10.460078698967132 10.456473962984028 10.452868796337032 10.444632636470054 10.426680049843164 10.417502518298647 10.379910464303224 10.365345245353213 10.362435017325629 10.36808031590644 10.37220068077479 10.375806169236004 10.376394192229426 10.37648175757712 10.377071147992792 -9999 -9999 -9999 -9999
10.377111191530886 10.385157084880575 10.402221354941096 10.413872714923906 10.421719487770478 10.42790404883863 10.432431320208975 10.435306915245603 10.436537163834391 10.438785026937914 10.439925684313943 10.441554137271192 10.433088361866202 10.425143949492826 10.421932803630993 10.422905732165297 10.430149638393075 10.438923022989988 10.450275231902268 10.460529462151259 10.471787842702955 10.481426918551087 10.488925447135864 10.49586075811066 10.495952416182384 10.494976898572391 10.491897011494919 10.488808092260419 10.482593733884807 10.480015817439693 10.476396351665514 10.473809238470436 10.465033756632083 10.438839859984514 10.429150569309234 10.406782099790181 10.382543897174662 10.38416155524017 10.389801473799153 10.394416660702579 10.397508680147958 10.40059107387366 10.403665022548488 10.402225951052559 -9999 -9999 -9999 -9999
10.400792504313552 10.419033509671541 10.429702315438384 10.439767594799894 10.447626417577366 10.453284321681366 10.456747928424125 10.460158335708561 10.462983997428475 10.46522793347804 10.468488171250202 10.465328847596776 10.458960567723413 10.452047056652662 10.45198327553547 10.448722092904672 10.452280741185 10.464743851860064 10.472420343002673 10.478474377895257 10.488689406978498 10.500960391115326 10.508460020849864 10.516444578833028 10.517574744442657 10.516586360700481 10.515057582791979 10.510906290921191 10.504669408602599 10.499996481810495 10.495843152093146 10.490139521084856 10.481866573255873 10.461799872402644 10.44440195592873 10.422011521206054 10.40939182341438 10.40390927181309 10.409544830003604 10.413649382121754 10.416733022911998 10.419303843274708 10.421867303344175 10.420915779884238 10.41947152940197 -9999 -9999 -9999
10.43959322430977 10.44766420360968 10.456204016912306 10.46360410493961 10.47040376241457 10.4755349020059 10.48007258293256 10.484019603815826 10.487912556056886 10.4922859674554 10.492346188256587 10.488111138240743 10.489157569843456 10.48433083867446 10.480540557091008 10.476726611796831 10.486081489580249 10.489582703466828 10.492517028704064 10.496466231133148 10.508265260085349 10.51949102092586 10.529094117996397 10.536027500941435 10.539248545672331 10.53929437222464 10.538795486917385 10.535666010829713 10.529400143257705 10.522099817197548 10.51481184758462 10.507538289370313 10.498732672797589 10.489439096813834 10.467360230235045 10.43879435481063 10.435290125070306 10.435343749343634 10.434887032880928 10.42786617587517 10.428932360103719 10.431000289230035 10.432057841406305 10.434617555915672 -9999 -9999 -9999 -9999
10.464542241566887 10.469939147134955 10.476883095086903 10.485371355981297 10.491109280549548 10.496249029940763 10.501864383699788 10.506885169240995 10.51184875185457 10.51782462801376 10.521609868720999 10.523212320108836 10.52423762418121 10.523094486647107 10.520854832090826 10.511697600061268 10.510467638408807 10.511848415572873 10.514248535707232 10.518719682892188 10.527890261908365 10.539647238405434 10.549778243616222 10.556183025019276 10.560973161559192 10.56153037437996 10.559968379565186 10.557867561464512 10.551577550838887 10.544771750020866 10.53589703210516 10.527562022764096 10.518731358340082 10.509926867640488 10.483697645693612 10.455095479090497 10.460230135767091 10.462293320835094 10.462822439267727 10.4471545679519 10.44417349995891 10.441204776420195 10.44326894801031 10.447333613640476 -9999 -9999 -9999 -9999
10.486880947675798 10.4922895617214 10.498169943332652 10.5039842399773 10.509196581150844 10.514883089968167 10.521579877758668 10.530357244359198 10.536393089278105 10.54076551596773 10.544549230482454 10.5466798740353 10.548230466221614 10.549736852489458 10.550136947732943 10.542534268642385 10.538099369929224 10.539463983196285 10.539206627474604 10.545253191990904 10.553366455912471 10.5640709293373 10.569457799337968 10.576912282961825 10.581169671792477 10.581715394963597 10.581188210360192 10.57907039328557 10.573802910791533 10.566970765550504 10.55806599562641 10.548663110223334 10.540838892781236 10.5320022859222 10.506224059426167 10.476016433206974 10.48063285049859 10.48166460719895 10.483704749719262 10.480153068199042 10.460443994949518 10.452933328088461 10.454997119792976 -9999 -9999 -9999 -9999 -9999
10.506596397142141 10.511478849557037 10.51737219890291 10.522121302985399 10.527881940480258 10.534115151644597 10.542431679019868 10.550681700107285 10.558330608326017 10.563774350402603 10.567555420836216 10.570214705248166 10.572291096182877 10.574854507569603 10.576306653305332 10.57452505325575 10.574305086640429 10.573519980312682 10.570054896192618 10.573972824058593 10.586838419871796 10.588026534314325 10.588655929539904 10.598743729708271 10.601411744744404 10.602471006805962 10.601929040969626 10.599269788406982 10.594505316663046 10.58817160642343 10.580280542526634 10.57188476167267 10.562471965644239 10.554120865221627 10.513886545546317 10.49646400535442 10.500049506001444 10.502597442413716 10.502076904404753 10.50104642734549 10.480272998836766 10.471725216308256 -9999 -9999 -9999 -9999 -9999 -9999
10.524217264499033 10.529113287856884 10.5334014696755 10.5392408933111 10.545551290210101 10.554484967081745 10.562810695774239 10.572143043349833 10.579260106051589 10.584705313148302 10.589020529253277 10.592210536953223 10.595349536252584 10.598439120314431 10.60094740718433 10.601279285746596 10.60157275275731 10.60289237983861 10.604705033749646 10.609131484805589 10.611926818072606 10.612039832033915 10.614237314314202 10.620624847133058 10.621698634875553 10.622745148796765 10.621662401449669 10.620561183513319 10.615774088749347 10.608892276598052 10.60097460815953 10.59203051659655 10.583627509285142 10.574210550094199 10.53647355141499 10.517971894386678 10.51694052385191 10.516416918905012 10.517418448667533 10.519938571673883 10.502663949664374 10.492056863422997 10.491070476886707 -9999 -9999 -9999 -9999 -9999
10.539192759446781 10.545185723971732 10.550026220011153 10.557497195289416 10.567053442680143 10.5754576871864 10.583791092213717 10.590979373512905 10.59971432745416 10.605697358732826 10.610010522505203 10.613196195112355 10.616330015519889 10.619413628664432 10.621914530830962 10.624369667604492 10.627313608074264 10.630213827323166 10.631476662115649 10.63482709523914 10.63760678540456 10.63769946938725 10.638291871470075 10.640969093760166 10.642557473671937 10.642535205011807 10.643016060330188 10.640845076532418 10.63498708601097 10.629130010796699 10.620663597699977 10.613256022081451 10.604302532576625 10.593817301732026 10.55652655336881 10.542598659390695 10.53590371513842 10.535363480274826 10.533799502198255 10.53529221560302 10.530170592365826 10.518488413896304 10.512419871253982 -9999 -9999 -9999 -9999 -9999
10.550426841745654 10.559688703163856 10.56941210305007 10.579597109777838 10.585922811865576 10.594336992510389 10.604835447520726 10.613643460468554 10.620766990474086 10.626212224573644 10.63052272061443 10.634240023792328 10.637903506631336 10.640979437149438 10.6429364239179 10.645916596654775 10.6488508068428 10.651207659560301 10.653523016702236 10.656330302916315 10.658035672186577 10.660766706334464 10.660811682369891 10.662415966221833 10.66293228733147 10.663421981933844 10.663359440697581 10.660643163062138 10.654237120491631 10.647833699242257 10.638819914164287 10.632433520543486 10.625014711755092 10.60359879767162 10.589008879559373 10.567790086596315 10.560539171141027 10.553314142101497 10.54969040879164 10.549644262836628 10.547052039360551 10.542439565247458 10.53784728991111 -9999 -9999 -9999 -9999 -9999
10.569844726545544 10.578037834488573 10.58886107730249 10.594728947963802 10.598902571632046 10.614355553023444 10.625943238778628 10.63583481458112 10.642419623179087 10.646785559932267 10.650554410610118 10.654266861664823 10.657388020008304 10.660457438570512 10.661870491428113 10.66430856501244 10.666701273821836 10.669583925045517 10.67295638162303 10.67575361830508 10.677447257264403 10.67963617102385 10.680197975464734 10.680729725722593 10.681762101756231 10.683823056595003 10.683743397815231 10.679425942273964 10.67142019106472 10.657129548518181 10.653343866322343 10.646420820632258 10.640029988017588 10.633650008098376 10.605524373433376 10.581178466838356 10.578025263610405 10.572314042261672 10.564066337719227 10.562481026117752 10.558863358646976 10.55932060201361 10.56281701513093 -9999 -9999 -9999 -9999 -9999
