output/SWRB_rasterdif.asc
NCOLS 153
NROWS 173
XLLCORNER 628082.1585431173
YLLCORNER 5141515.270487413
CELLSIZE 30.0
NODATA_VALUE -9999
[rows 22 to 43 of 173, columns 100 to 149 of 153]
539.3319400674283 523.0826043414864 597.015119235374 704.0490233006282 749.7788427949803 799.186926314295 840.8763985671891 820.6419359611723 737.5914727065723 618.8754213350217 567.7286869816019 571.736652754938 540.9265022124289 526.7162514689372 512.1854752043629 496.3069627775668 481.601976239696 465.6019661499922 445.79739290653885 427.1402396657469 412.4876265961268 399.0529353306026 388.1930867368719 382.36685925309314 378.4914540649952 373.277222815873 367.84059912340473 365.37264380868174 359.65533062640117 357.1637807278263 359.92138918001615 357.30283508911094 354.41827546427015 353.737929003032 349.7342693810333 342.9555086208817 342.1674187424317 346.8839802966229 350.6983008927124 357.04048637177056 366.57360791307735 384.79372540307133 414.97717164019673 511.9926812574607 575.6274501449756 522.9269860419053 516.1896591174793 0.0 -9999 -9999
552.3005282689663 551.9551262009849 528.4239459466681 573.0406982419019 673.7923528417401 685.3792499836994 639.2379867624625 606.0898524086247 664.7463240507375 711.9854745962327 638.2991934925894 568.8095955342375 558.3955907750436 545.9281281037776 529.3056147938237 510.45171754401997 493.524451549445 476.36146604559855 461.3988030561655 445.8628539090211 428.13783497691514 413.98702439168136 405.58310455382536 399.1388291434198 392.83800311014056 389.8312536804413 386.3997941747239 378.7027475179765 375.12845000639936 371.1636822014939 368.700950386783 368.8086080756257 369.61636528922185 368.17475964239486 363.0069209189141 359.3213739038668 358.30842280199624 356.51284153462154 356.0111192943772 361.49243779428394 369.4766630090426 382.0007704309218 405.02836801051444 476.3044481741497 568.640615781692 555.0020690449097 604.2107638334321 0.0 -9999 -9999
431.1009214830888 515.9892858062558 538.7489077887025 525.8453167707105 514.2189828132142 505.7451973117925 485.71622031597065 470.15097243597705 487.85969291702287 533.9486672306426 548.7257344608164 530.2872879594438 537.257109822171 534.8484354805111 524.0332412319465 509.1035804075658 494.80417200442685 481.0369090306459 466.3164158367498 453.0677628950519 439.0919679841093 424.65179785064686 412.88665643579907 407.2324714028937 401.3680602470152 393.3640672634913 391.99005430076033 391.93913473007586 385.13116381786125 381.2912466712076 380.2303457506055 375.0146366616035 369.0623551444103 363.88736448802155 361.81383278267435 364.65099178810465 361.18349957906025 360.65206038429045 363.7018666358797 367.80097900356463 373.10201219854537 380.4156604733293 391.9954281807328 430.28350007929464 484.9406932610664 520.629760646903 583.3083728931665 0.0 -9999 -9999
267.6602769140216 432.9773351924582 527.6349657943726 514.2060889631107 502.01804983060276 546.4866439710945 584.7150080147209 501.62201520063275 424.8572425295712 479.1664321717714 529.3837229241242 520.8907434965636 531.4164129804428 526.6281944643387 518.9254711708759 508.3476330489116 492.1968836730858 479.9673752740801 469.39700525758667 456.283448768571 446.72309928701134 437.912454191179 425.3400382161515 413.40132681430595 405.23973541057694 399.86255559462774 394.62847904631246 393.163502174067 393.2414254913629 387.9174448897501 380.5392035751362 379.3942900652729 376.0788937594091 372.8245710117976 368.52617230096087 364.1159421556606 362.96128026833094 360.3316067201139 360.90623759333755 364.11311525434905 367.653002790103 391.2469306669103 420.7192089497276 414.6547435719105 430.3389668604225 520.2092350937031 570.314107174095 0.0 -9999 -9999
390.8366977757001 458.6474472550164 502.66430596631403 491.7979591990361 491.15150948215063 474.9217862287593 582.9971863596055 719.2571863437897 590.2207396159208 339.9275586058864 445.7627376685615 486.8760679307357 499.96760835305747 519.4606370889524 511.8339979505703 501.74069202849296 488.9595402287554 473.9190540443506 465.4272164606766 461.8114134152179 450.71153160534453 438.92529992286546 428.00606816599793 418.5756984797574 411.03417640769675 403.68975484402324 399.897640876182 395.5099957650629 390.0367124524451 387.32389148394884 385.2339342173339 381.51305009510423 379.0855275765378 376.9612944247477 377.34682161707354 372.1043671807536 367.92804759342397 367.73144256068923 364.42558075119575 378.71592908272964 400.2798256473451 380.18579115200174 368.32196142391064 378.03548090133535 396.74409879291267 500.12845519570493 639.1496091802335 671.0612490838138 0.0 -9999
728.7640335878318 580.8023195940651 477.1781383457382 475.25535015542687 478.46405675242795 481.9714358447413 475.8985622820971 497.3447818768506 667.7582420309985 705.5377691925751 421.8610634949179 288.47320609638524 461.30180955313796 510.2899598919453 500.0057393930658 494.0565166633587 455.9916828992026 443.6369124475105 472.94839407230194 465.1111001173021 460.26605086234764 450.02365568159746 440.1288867741443 426.8543122152905 417.19355994572754 407.8115307656444 397.75302715539095 394.5159594195527 394.47104485309643 390.807169418197 383.7918691007649 379.75161486037126 381.934936120198 382.2163618417049 377.84077327887206 374.649865419902 370.44636634688027 383.00007308889343 402.00519411489495 379.33539121755706 360.5006310688717 356.92218744869336 356.75969394779537 358.9594418494857 364.45213417051275 384.6319968584155 441.3921836119672 530.540643531217 0.0 -9999
493.9357053906803 475.76124792915397 478.20989148274094 490.48395001228545 484.02964741025835 483.66541010259436 482.7266924325898 470.3978212855878 511.19400822687663 536.4954579338905 538.25309592253 565.0518148371797 452.3274711270063 381.2287836022234 433.11250211081983 422.0045575110772 492.41049734139483 543.464954374792 490.2771264990962 472.79532968832245 468.94989835608203 461.8620909203724 448.6855671890879 439.34525939187097 429.75414691434094 420.71678867416364 411.8458206516879 404.8400658092597 396.395026904209 390.9607296928233 387.04689895733696 379.78989413151174 377.93167924644314 378.7068383869 377.14600329344563 392.6747547318997 413.9829124900372 388.8893023436414 366.1573218186366 359.03621569496755 353.1884602608602 350.60759047438097 350.95100916800476 354.8019592439076 357.4577818242446 362.65680492449707 373.6012286625411 429.8716103546898 0.0 -9999
464.9999717950283 485.6063376584878 478.30006823584847 479.43249941159013 482.41572294730423 490.01325530267025 489.34978642328036 481.76359469766487 474.0284494129653 484.11586586840355 626.7752008218177 578.6875900123559 307.3313696730467 239.304859169094 296.96530448439154 495.3170974175607 566.5583075099205 508.79025208508506 506.4464992447546 498.1342590175709 487.0940082019985 477.1138611540457 467.01427737376946 454.70149158402074 441.9295541426766 430.7419164262346 425.4294673084733 417.335948813769 407.36937484622797 398.92475171260304 393.7576302038238 386.57588505847605 379.1867777656566 393.6866308810228 415.7610017639224 392.3148700933491 371.8728786288602 370.32543591591053 367.00113578457336 363.7997522634128 359.7683436070578 352.02854099270957 345.10355339717444 342.6775602223251 344.0909811556557 347.97219411319213 356.54435781615257 384.5022596604389 0.0 -9999
467.5288595172559 486.0299992967948 482.00369804260504 474.34922218898083 464.0925875430494 472.38055833370174 483.34154617442744 478.7551932376832 478.0563856862904 499.65575653865756 544.9452781615616 629.1256816197755 713.2458106207563 621.7755344060714 474.7977837044851 415.5757937830189 431.3361108559522 506.32198312813676 514.7714156536134 510.38136574007285 499.9459020975327 488.0102241018488 476.0103676383584 464.26310894119365 454.01317221360677 446.281053727702 435.25097452470794 422.86241559943903 416.2715215363842 407.1585796716642 396.9366686329254 408.6152627247489 427.49111987210375 400.39412781178544 376.93967715589883 374.92220913475353 374.49472689139736 370.9385105980402 366.55988632323965 364.32978557680025 360.5554121833045 356.87361154730195 351.07115309282807 344.3690343410716 342.11562056776796 343.87787864623004 347.5554937535206 364.8950261729064 0.0 -9999
430.58855539017145 430.92319562990156 458.73589668126897 467.41315065670517 469.19367501540415 465.5512527309959 469.1488910744058 470.90297654031633 474.0185436557463 481.1949671901952 491.20130674407227 511.22099858210225 505.5301348627206 576.213408207414 611.8138193672258 586.9346934880517 593.5720576199159 541.0722296916075 522.0311517894372 511.603062093873 498.9363178915253 489.83393216430284 481.325738745543 471.4031400965961 461.84671525739634 448.2596524321936 435.48660044996274 426.41001653164597 422.892055146338 438.0418581889192 448.8374181861935 418.7822888994888 393.4659163580116 387.74665524671735 383.350399471574 378.6957520133563 372.4789730946693 370.1322552922116 367.8296054701499 361.80134550327386 359.9039413086129 355.73777831938355 350.8268612175637 347.49921178168495 341.44754457159644 336.6979335345763 340.6376671050038 354.258972744217 0.0 -9999
483.56397863630417 480.4289394843376 469.639307231615 467.2862212825129 465.51714834098374 454.98357950809714 446.31740143266643 439.0629182531425 454.4737615283778 486.10760031785605 479.6104279734441 420.78555529686804 474.79765745997673 586.0593086603342 626.0960284200446 610.2300788407631 588.0798382024103 540.4398455737721 524.9401847525791 510.81973811901526 499.4145133686197 485.8800247703466 472.84038786025195 465.62359444984435 456.9814846475619 445.90628182429816 454.8062286636712 469.35504173236615 453.12056862705504 421.6761724135187 405.01074911216546 403.2792843756497 395.26181551493613 388.7406990773235 383.5611807445955 377.5502662913554 374.9333665454733 371.5607978898953 368.47097828322427 365.16753692207544 361.07585880869163 357.3229540197375 353.2490677772127 345.62577192119744 338.74722413457334 335.09462620558617 331.0279168407017 337.05370749992824 377.0031944705572 0.0
499.47177257235404 503.5186393959192 490.5835265413497 475.80469884631066 462.22873321939045 457.79972789782033 457.1496299123785 453.7482784194898 451.9537941941415 450.2167440378766 501.8027926215631 402.84234466668016 278.06745907291094 319.38125604279014 403.97136741320827 424.4800071103449 461.6813563302932 524.6660877608401 520.0245983475041 507.54410027015706 489.965356477641 477.7068762083169 470.5814331073067 457.58203576837394 466.91055940467777 481.389701091597 445.4525881189374 420.08442921084537 415.07488391127293 409.35465001515905 401.82121047298506 394.8535319889393 392.60047901646453 385.493706521362 380.21437387198256 377.89135455275715 374.11263584277003 369.4704719647165 368.09615215017226 365.23898366436805 360.3355722364023 357.0326473311728 350.9576155438263 344.7070842801858 338.5679294959056 334.0744653996081 330.9363413195852 327.10279884503615 329.17648210555734 0.0
483.4358147189265 489.952351166824 472.877116192802 452.9998438174024 439.1658539152394 428.58580178897574 427.7109110051768 431.56993900989096 440.8689630086355 447.71408179481915 463.8943780087478 607.2302042402652 733.7745609071621 674.512721317644 564.3042135876375 556.0053746988709 530.471897229608 491.59680601330626 496.19825270568913 491.85771598010444 484.59881342180665 476.38621282397594 486.6726710867662 500.018842797188 460.95997221358556 428.67415748090787 422.12739345176703 411.1784604573421 404.5368026305233 401.8351430884054 398.0217997654116 391.2232950154145 384.1245583844745 380.14182866520366 376.51962210354804 370.88651530458515 368.49212141611247 368.82116232480195 366.413180024169 363.695568580558 360.3365299169859 352.51465055006224 346.6977427936762 342.5353869329326 337.5734379682757 331.0938655026973 324.1356895275028 319.8790790842348 322.78561593869097 436.00788284977966
434.33935939808333 421.7868791556027 420.5939783423047 428.38710637837113 436.41107827202904 439.52201825896867 427.41165775250425 418.48624466117286 417.4327134247651 418.3432082258627 426.9178763504579 516.3404192492685 613.1704644932604 681.5572726496108 671.6720121704953 556.999172330882 483.8514464802781 482.39861382661195 481.9668075113565 503.77691435602867 527.7530966102393 520.3876305931473 481.9706756946379 446.4729380568297 433.8823536004349 420.1455178463747 407.66279454848006 400.62016413513226 395.320128565772 393.83873022144473 392.5427729314164 386.3845060701706 378.0868816123698 371.89167297637454 368.59580856573484 367.7063254372689 366.79480378252487 361.489034250881 356.12120605760964 352.2927306572013 347.9361408598744 345.9270173056698 344.98844380723773 341.46672892915143 332.515845644769 326.52011148105845 324.1307787619441 318.29221574509813 316.66296211209954 349.1566634976062
466.64064266251506 463.19487887946013 455.8800097445136 450.13640943956534 447.565979877072 442.5337733938149 442.2857275220826 442.95892282106485 436.5497343138664 416.26101485383407 407.18837417083944 403.3105034840797 356.707131914482 358.77082944340253 398.26235786595424 426.57687071302837 449.859063367219 487.434468818017 521.8828393770877 497.2787639875754 472.252223642006 464.04004219562523 452.1366261955127 440.70374144776275 426.1983372893967 415.02564954975986 403.83227678315086 394.07170137017357 387.05248178196445 381.8144421882023 377.103544928235 370.31732786204316 368.2913277028614 365.67856767422444 363.5746057173812 362.416839618174 358.12130341139 356.2238102130104 355.4862920851032 352.96697558719404 351.0282534344184 347.2602087397718 340.6233517261784 335.8498098151255 334.60901140460396 327.06179207979227 318.3456907664248 313.6278052439774 309.45754593465006 308.32677724055486
461.0830586731953 487.31034186270546 483.7473625199545 468.4653754826042 464.41614597109736 461.1878082926202 450.08855604480146 442.1378925632139 442.25396157498636 444.9375061370916 433.649487682823 416.5920215952369 402.2190446433491 395.0083875648782 389.5760771509802 425.1436576133918 477.311165379312 462.89781943708147 446.99263854069426 456.56641115258634 456.7559817616392 454.34523249283217 444.9507307092924 431.8539961583714 421.90240401876423 409.51819169581245 401.1350841932376 393.99912753906716 384.1571670161642 375.5790044051063 369.7322676723849 365.2099539079797 364.591394746696 365.33094758233705 362.5869209239391 358.0603371113818 355.5343443551991 353.62747281020506 351.80855049653087 350.07357197148804 348.12892546476456 345.5724321797251 342.7797801523759 338.17823523064453 331.5762641847003 325.20492117245504 318.45561636074916 308.56105692029826 298.5317044146941 270.61634438138844
408.3020163221356 488.84400225675876 492.31510139998545 479.6185184219708 470.9753162753051 468.5324883905006 465.0648975527957 457.47623389374576 450.18037285054993 449.6732809226239 435.4725411812275 424.7731369559392 424.76504176583734 443.58145854425163 467.15079984514233 432.60149048991417 409.59151154575454 419.6896522599965 425.5805652954783 431.9023548967059 438.789531345824 440.5697170349153 437.5463126907717 428.6719349188894 418.1388043193042 409.37474606469647 399.7560829768857 392.3159113175941 387.0931755275454 377.50737924499253 371.0926697914548 367.1753955085784 361.6116708398925 359.9497216266478 356.90642359270663 352.7622019756955 350.2612353574954 346.7384437658199 345.0802824244549 343.10768681771185 338.9552088745715 336.8447996745617 335.06114600843284 331.87805158001265 326.7615581664397 322.2801148101121 314.59952712091484 307.09072576511875 298.38179788679986 297.00925842061275
314.85836789102694 468.8509225659523 501.47332519280934 498.9272603525397 489.06889418997514 483.5889425513695 478.7538554637404 466.85253598646403 458.08960576018217 456.95733786473403 454.3039347812374 450.25392962400963 473.72048409670015 468.600778661593 433.7780220793563 427.1720801093894 423.39906804052043 418.7902261053282 415.05604549814683 417.41139589313497 424.1775859127022 432.26100829211657 436.34247834237055 433.50710740695496 424.94305172055 416.21321695524495 405.0443794457613 390.86838630717665 380.356308255329 376.0795073543326 371.92979930308957 369.52565665300114 366.8416704703416 361.3426824424746 358.2424295601797 355.4641590751528 349.55273312074587 344.3915148497636 340.2555955356486 337.67063703898526 335.94817609958864 333.9362150289335 331.51019843524335 328.4611349177083 323.7574253228512 316.8052967777795 310.8245204756213 306.4962399945871 297.6305949106337 257.07066156194117
267.78133675535213 369.89041063663245 495.40348346414174 487.0156151750016 480.5688524953209 483.83615596856225 482.8939195486807 481.0085229999614 474.097984553538 462.7462351272991 459.3465353538201 463.4991982467941 441.9370002216794 439.83269758293267 453.90295470215324 447.4342608368985 431.3941883636756 418.47979271924817 410.72540004659686 411.6805007785733 417.6638375862712 420.7682596347741 426.6650496833816 430.4633368986735 427.6843347919285 417.8360629846426 406.9791693168864 398.9842945961566 389.988301841355 381.6499568576948 376.5518673978163 372.02304858962583 366.9368360626653 362.9126112436022 359.224340384826 354.03124941923846 352.4266582731469 351.25764911402854 345.7284009004146 342.6085328241675 341.20880722342883 337.07813574846693 331.518944086875 326.70241556007863 319.869557619427 313.56155185513626 308.8095152507848 300.84052787755576 291.80892798084176 245.58004898286913
257.3556628564619 291.36610810630805 433.09544002063825 506.09970671434013 490.60503390845366 486.2646840904989 484.005035029259 483.89307448270563 484.284584373659 478.31671025322305 474.5967629833703 478.91531033358444 462.73374318676986 460.05032946557935 468.4917072593473 454.37133321666585 442.27716334545545 431.3529682179256 425.9313369669707 419.50474274619035 418.168282240974 420.9128592217312 422.63180912843916 422.409494244866 418.4506547706421 414.7249535986865 411.0519455692483 405.3827046595044 397.90540267023107 388.0391847498146 379.45458911033853 374.04679629234823 369.0188885974961 364.9957294701638 361.55345041813183 358.93994548551905 355.94789987226704 350.2963475010103 345.59159006055177 339.91236904194113 335.6462382686089 333.1875979928174 331.2031732410176 329.26636966812265 323.95801385201696 317.36453744655665 308.08370865143735 295.24332718803254 286.28318844572397 335.8477842568673
297.89963502962246 265.2375746993092 374.96497662162733 514.3407488546198 506.3544197612494 494.3707179388663 488.901745876823 483.5375928201923 474.86593821828916 472.1736648894459 480.0647446418822 485.28877440672613 489.0363224912432 487.9221304148522 491.07543868539216 481.1704153318854 465.9597763824166 450.9011372034938 437.8301805413485 431.38825052171086 426.892996531632 425.51836246546856 421.78432459142556 416.5427159269128 416.55325050796495 414.1107328816309 411.97214112902606 407.04696224770197 397.02449887580696 387.3023117204082 379.9740538493155 375.3798938939003 372.3585706759346 367.18256179222016 361.8340070652942 357.51858015922073 349.3691871007595 344.0187771898678 341.2945044952635 339.15115503435584 333.84439487985736 329.21386080976856 324.8498824549269 320.46006541059074 319.52867204013313 313.817325111307 302.51043514216354 292.4406877957733 281.92716878507895 234.5397677908451
419.0282539982886 331.8694407380104 320.067335611805 453.94930896276753 509.60731994879154 496.23151252315876 495.4389791313377 491.2699380376324 483.17149903225817 482.33262682424635 482.86248915898403 482.4492788735655 485.8386007997603 486.32759019407854 490.1187047239872 481.918992254693 472.114540380614 464.4540143820023 456.56274263584663 443.92663077140475 435.0962081004302 427.91882835207673 421.27562145708777 417.55254556488165 414.4197545076236 414.05775016755007 409.69231308035415 403.6978292329228 398.5985495741021 396.28375695341214 388.61841408503983 380.1997694056753 375.04957293151523 368.7217606984858 361.48193686835697 356.7364570205453 354.2378297020815 348.7006857094678 341.14524553749004 334.0011513197268 328.2069033235221 322.0413668868523 316.4385155113118 310.49110479180075 305.13665568105796 296.53044921380365 284.324321525576 272.0161158899595 264.5151997713176 250.39448623222435
