output/SWRB_rasterdif.asc
NCOLS 153
NROWS 173
XLLCORNER 628082.1585431173
YLLCORNER 5141515.270487413
CELLSIZE 30.0
NODATA_VALUE -9999
[rows 66 to 87 of 173, columns 100 to 149 of 153]
0.0 0.0 0.0 0.0 0.0 0.0 109.34220801796239 0.0 0.0 289.74728948037335 234.06974970191524 196.60820410330615 233.1167057127204 272.52326306417916 263.67036812021746 289.41310858897907 326.90575002384577 326.90575002384577 326.90575002384577 331.96277520511796 330.81105582563686 409.30469326182686 467.92169131055596 442.6023513762517 400.8913357556774 397.1522419700698 396.57926601852205 273.9704619059756 299.6923908026401 364.62197359053613 382.9652274798126 438.4332413341967 636.4206281330377 703.4643109693999 0.0 -9999 -9999 -9999 -9999 -9999 -9999 -9999 -9999 -9999 -9999 -9999 -9999 -9999 -9999 -9999
0.0 0.0 0.0 0.0 0.0 0.0 0.0 0.0 0.0 0.0 230.63293437168488 178.8973938746208 217.28127201942974 308.32673314713344 362.31843965361355 351.18463829074534 326.9002329052385 326.9002329052385 326.9002329052385 300.8097384855671 293.18386522227576 277.1465812632661 263.8725680417326 357.9991082218318 408.44135673090904 418.8661743234367 422.93450267039776 371.5067753979319 375.7974743989859 388.4429363363385 427.0728447832429 509.5556175054316 697.022861925519 562.9092156172986 0.0 -9999 -9999 -9999 -9999 -9999 -9999 -9999 -9999 -9999 -9999 -9999 -9999 -9999 -9999 -9999
178.18360679539933 0.0 0.0 19.651807824474094 0.0 57.67665459063978 92.28277443612654 53.60796697879535 99.6879448483963 134.9808237359871 246.98432169226953 237.9870106028642 211.40721341501654 280.6467134473445 369.4811708584543 331.8846705390325 326.8947157873763 314.7582978355881 271.47193818356646 199.61960874371835 77.23632527840334 7.152569455208692 0.0 214.1340129306128 342.64422421331045 424.5380676707078 405.66301017045413 415.58209332693195 423.98551209255646 470.2159665778742 501.04121813861985 592.0149147114535 663.5685916805586 626.1341197800358 0.0 -9999 -9999 -9999 -9999 -9999 -9999 -9999 -9999 -9999 -9999 -9999 -9999 -9999 -9999 -9999
185.9785499084886 238.0955272107753 238.92410267288543 206.31492550663214 201.4722425919053 168.60070825795256 208.8690113007833 156.73024189214397 111.28676985325333 219.15158889656317 372.9122021397512 378.7059675922006 306.368536570108 247.21906942424283 326.72343524821923 320.58427096917666 318.72155465199455 270.83648794664344 174.76007676464968 162.7067156256395 153.30646254140254 154.76297416913116 95.39420656751265 0.0 0.0 304.12891445308463 326.564047734023 356.56445059813205 332.3638167870521 443.7732208733439 453.71794831616336 547.085079822731 614.932274777887 566.3439109671023 0.0 -9999 -9999 -9999 -9999 -9999 -9999 -9999 -9999 -9999 -9999 -9999 -9999 -9999 -9999 -9999
323.1742959637396 459.13857182770715 409.8745377793342 394.25902101540447 357.0222780940657 314.71626626962427 286.0758668725145 286.2713092120519 356.7655694023013 282.28417262384755 333.1804751606496 368.4134592174914 347.28244602696003 312.3403427293521 327.0117375572368 292.4835314113396 232.08378204214273 207.6530606010221 171.46010127463575 186.6712746884137 141.19132496478178 49.86188191360457 0.0 0.0 0.0 0.0 195.1946500915644 0.0 213.71707083650654 406.99364569531747 457.28203723828875 585.2285823059444 657.5833583884917 664.5880415977585 582.2401101792068 0.0 -9999 -9999 -9999 -9999 -9999 -9999 -9999 -9999 -9999 -9999 -9999 -9999 -9999 -9999
836.8364180466646 793.0191909557284 771.5798340116372 683.9362115120267 664.0079013802767 614.2229738281653 473.011985367993 350.9592248069177 316.12514266264566 211.04085660367565 171.5316931945351 348.8412716950781 497.9907996111156 410.7253424620123 321.98498743859375 304.5888749935069 152.79362990381813 31.740691252566286 0.0 139.51623328308716 141.51475248292664 76.41318064454579 33.003407318354384 0.0 0.0 0.0 125.21407448064768 0.0 207.80492106450077 356.97595847761255 543.5877018517355 547.9430488675615 482.9944931328639 565.2271770794686 548.1088928485171 0.0 -9999 -9999 -9999 -9999 -9999 -9999 -9999 -9999 -9999 -9999 -9999 -9999 -9999 -9999
795.7640975054991 818.2826563797627 876.4576529516027 858.5916870661551 794.5841686735945 746.0214586287249 641.8819651697903 380.11301835560556 211.06958443836487 320.00800853770613 444.5278994548885 427.48348505817916 415.37249592126506 499.2105246645431 371.0706169178477 236.49116980625783 183.09218469732713 206.82742054227117 167.3266037058818 91.80795616428604 35.63503760147656 0.0 161.58289392199538 159.73366031066115 102.38586863046903 12.826583840256552 0.0 0.0 361.6039380198001 445.86696143506776 450.9663731172459 492.2573966564999 423.4776904126465 421.0384238390323 377.7879816414029 0.0 -9999 -9999 -9999 -9999 -9999 -9999 -9999 -9999 -9999 -9999 -9999 -9999 -9999 -9999
207.61033215270442 356.4382118371192 545.5848077149828 591.2244965397425 563.7226618644571 593.989546394867 650.9238922462736 625.0303960600953 541.3470970371525 499.191832859071 521.9646679055579 589.9008883724288 554.2115489550775 634.0502703166336 651.903413407211 595.8188583196815 615.7653838005706 470.548004952589 226.4985812768875 101.12698002207044 141.74195847445992 208.2137860109597 122.61678480382672 110.83214675110045 241.74203398414372 208.3099302259785 68.0507371197199 0.0 0.0 520.6677254573082 564.45563887562 428.3760744844269 374.7167419638661 349.0535498255309 329.9114835213748 0.0 -9999 -9999 -9999 -9999 -9999 -9999 -9999 -9999 -9999 -9999 -9999 -9999 -9999 -9999
157.58571723985813 0.0 0.0 356.30651656432644 211.68377222832643 195.66809680746914 331.577758399417 533.6257890973076 606.9362043124107 553.1293788487799 542.2346742674684 521.3909612503882 581.3945643313443 611.83968816897 689.0604619747687 799.1998422963973 832.3812241735692 706.8450625188511 623.9578677670844 552.7552436024762 492.74489710491014 318.4496041926908 300.16478363487397 341.76549365770074 283.3958610750872 222.7718409059925 197.0134608277815 210.07922116451988 185.8926067392124 156.18029226552596 198.7513226573124 468.32085846723055 585.828667577092 437.8072446101103 426.404834352037 0.0 -9999 -9999 -9999 -9999 -9999 -9999 -9999 -9999 -9999 -9999 -9999 -9999 -9999 -9999
0.0 0.0 0.0 0.0 526.1161523190855 447.838250713604 278.9764872439133 221.78334521231298 291.3927192291332 287.76575582954655 0.0 480.1901907308362 473.1074315310151 573.034135906816 725.8190575231462 778.9916343054042 765.1105631003517 737.0430865187341 775.84988856329 805.1263265588148 697.4789100444168 527.2501147730618 532.8962076406094 484.39859914286546 276.1252791157759 264.48449882515456 371.1543112794454 452.7673084118229 386.88153125821043 183.63705662359953 77.66770189236667 302.5869217453315 606.978224396141 597.8078078642395 399.924175524437 0.0 -9999 -9999 -9999 -9999 -9999 -9999 -9999 -9999 -9999 -9999 -9999 -9999 -9999 -9999
199.3672152253452 126.95779369602617 29.2849654137509 113.11676739424225 340.70788563390823 461.8172373091011 518.5808956458327 498.39709389885655 413.4846572324179 329.63292520263474 295.2704895931506 356.4071562447812 380.478633012076 402.7020218508497 577.3248125677735 735.0959433932798 815.032620003541 783.9673011571969 784.1098814083515 840.6120840602439 835.0283308909718 840.9497585590296 798.8860055944824 572.3263698332778 509.07272960793006 604.0480702939575 409.2999021339594 425.1963679332071 516.0721838927118 429.6479421545446 388.86065704207294 337.5518346197646 319.93723091521537 409.4884758083223 489.72895797410354 0.0 -9999 -9999 -9999 -9999 -9999 -9999 -9999 -9999 -9999 -9999 -9999 -9999 -9999 -9999
243.96650300222515 268.9688611299275 396.9185889752281 357.6771661749646 301.6161677860278 249.24872823893455 258.22927099572433 360.74370505656043 457.5464739219268 526.4149276573855 480.7536085427475 513.413188562135 606.8566615004368 627.3830981127004 550.0133852787319 648.5374194042881 779.3590020408944 738.1381949041357 805.0649651494163 875.504820787721 894.8934220556191 811.8911114263982 900.4199973861953 946.1271065199617 949.1203208675529 814.2547609954398 708.6436438088768 777.980578839685 604.3810560127151 637.6367496533434 614.860931569969 436.71505214774027 519.9746822060257 539.5382067007141 478.3830495283134 0.0 -9999 -9999 -9999 -9999 -9999 -9999 -9999 -9999 -9999 -9999 -9999 -9999 -9999 -9999
473.86945129664497 404.2133992433406 435.6051178533628 326.83721184303346 332.5064023508271 483.3416166420176 535.3280997916106 520.3195679716022 506.1934301819407 484.1701756228428 583.9759670175201 669.2533848970357 600.640435073782 504.7914890385649 495.5210908559936 668.9999803734718 695.2037480037734 553.0050345974172 619.7619173294244 654.031121971161 713.8489443147844 860.6712226358283 925.4185137319258 877.9166334629035 771.9934320473864 859.9493764921438 933.3200218683218 893.9010394673195 941.4291820907217 869.7031853756214 693.0987547568317 622.4417580054325 533.0028688907025 167.39981882221548 0.0 0.0 -9999 -9999 -9999 -9999 -9999 -9999 -9999 -9999 -9999 -9999 -9999 -9999 -9999 -9999
867.8324168492317 698.3531744332001 617.3671084305512 594.5384582362823 479.2688173883043 401.65743381388864 572.6844422449456 665.612369647395 630.5010580489848 695.4389502174776 457.929259212468 643.7768152008616 742.7118589559094 810.8523048494596 614.8403559024176 582.4577700520334 611.0687529842387 517.5294439232573 629.4608602536523 530.432923454913 481.60383338645465 636.4083460717342 695.7836059612355 733.6012920999725 804.1742448922271 775.5851510615959 738.2540723308125 849.320169710122 930.9870479858054 818.8840662869126 825.5608828665816 759.075707534226 358.0994742727684 180.33331037413836 192.0038696260349 0.0 -9999 -9999 -9999 -9999 -9999 -9999 -9999 -9999 -9999 -9999 -9999 -9999 -9999 -9999
812.7982917658671 774.6489408913633 667.4030335057563 735.6166841480339 783.6197717064166 760.8621909095228 581.6058255531248 603.6841600197369 461.7166653501765 724.9082019748955 688.8673889787284 705.1598042479735 676.3335808111327 644.1787240450244 543.6102225470307 550.9152297031541 734.5721516488459 816.8283471999832 890.337847965862 887.4991485108117 856.6766465811814 730.8768890860304 686.9356930974476 691.229553504648 660.72576551777 638.4241212008587 628.0700137040424 621.9023283204779 712.294947197393 472.69887816654233 452.86738859409206 419.7408606590237 437.54692089955716 513.7513615003652 645.9512078101448 0.0 -9999 -9999 -9999 -9999 -9999 -9999 -9999 -9999 -9999 -9999 -9999 -9999 -9999 -9999
365.0313611462202 604.3032984766951 533.235033086409 485.42265454181387 505.72359666028444 539.742930868162 506.86800438365657 621.137711003081 671.0048715321302 574.0467787244335 511.0410507701929 525.2565142597061 526.2067244727107 537.7868425907301 446.7342971003541 376.49608440041476 557.5418736557461 655.2929739064735 663.9110970258843 691.4663123889861 760.7931289861839 742.8578054068826 673.3546858346657 651.2940107100977 621.4817161514511 596.8716415680094 610.0467115372562 692.6593350255616 724.4025224576607 693.3493137349161 841.6688155115382 611.7726185512985 684.1681108225941 563.7002872360115 471.20424688380615 0.0 -9999 -9999 -9999 -9999 -9999 -9999 -9999 -9999 -9999 -9999 -9999 -9999 -9999 -9999
0.0 0.0 572.5937967814665 500.7724159820223 412.12476360822626 575.3938379726281 700.7728200772303 605.4052315779242 495.9673448911905 555.6982033929947 557.3779615984411 494.1687880670146 427.48055408395504 442.69244004479185 383.39280005913713 295.77793902915664 392.35334728598116 529.5482423621161 581.7092489140128 674.2177945382714 710.2270595740117 690.2154825714026 682.7733320747719 637.1229091086344 617.2867965536553 620.1621721001422 668.1721324273014 706.9170784578215 627.2688951873259 566.3498403527019 502.3071131716938 504.25288183865945 756.3751108546613 520.2448256937743 477.12787396596326 0.0 -9999 -9999 -9999 -9999 -9999 -9999 -9999 -9999 -9999 -9999 -9999 -9999 -9999 -9999
305.77435827711525 396.7668764709765 510.638547431308 553.2791438144453 570.2054059510735 539.6487716689795 482.5958672017022 415.62919484399265 230.7228173539881 282.0469702915963 446.12007228548504 421.92637684929406 420.6964077804919 433.2738417488461 395.19297505273323 309.68290194786636 304.6936492914981 487.4751964248014 547.5509270966229 538.5172703444409 581.1975392107778 621.5986670428723 626.9447296009391 613.8126603852871 608.6825536200995 603.3060605993746 601.6001225985946 590.0276767211169 590.0030804345827 367.25740811616276 176.40763623918403 307.91813405387853 477.15499683552633 496.1785734327901 598.7821659229161 431.7113181934406 0.0 -9999 -9999 -9999 -9999 -9999 -9999 -9999 -9999 -9999 -9999 -9999 -9999 -9999
344.6153233216478 181.43217733537742 255.7210788955595 449.5096557116299 483.0812384806331 437.0457602064628 398.77401122148603 438.00209731310855 356.0469745752562 274.7774502550534 368.0333299926812 378.56555436230224 381.7239548937205 375.1050078632209 370.21928615105594 361.69033675146943 295.73253084535565 400.1190358671357 487.96212712075504 467.12078247350246 490.37172001414746 517.1530746766514 523.529625508106 529.707352257239 519.3790860519588 555.1256436382968 565.9637890125999 540.9631655480724 535.1303219660011 305.9637928025764 207.73410298504044 220.83575788725835 399.55036034509544 520.7118682841403 575.7689522882848 542.9074797870132 0.0 -9999 -9999 -9999 -9999 -9999 -9999 -9999 -9999 -9999 -9999 -9999 -9999 -9999
225.3759698736704 226.97516856897693 137.62656944032176 143.08253507270132 189.6003755588132 207.29798086060154 275.3368520203612 430.6319882264415 409.2769892674728 277.8040340796548 354.5725847962625 357.4399948211999 352.12259297558353 364.3302357492495 342.6846604907737 346.72745234783014 292.1765477261998 334.16951974474824 431.1825477652116 420.06240403303735 407.8772146626882 404.69120417423807 364.9325258364378 407.02760300179216 474.57562689950464 458.2384352141404 365.7612892329388 259.9033581707106 170.88253906504366 397.9870165144991 444.9680790410174 401.4426522488975 530.9715360426178 412.4760131832927 344.2844111039627 346.85216490919635 0.0 -9999 -9999 -9999 -9999 -9999 -9999 -9999 -9999 -9999 -9999 -9999 -9999 -9999
520.6658789621096 356.6323142414728 298.59093090775326 157.35789286476006 17.370792345442652 0.0 0.0 0.0 211.83055283204735 215.19066020424748 278.5072358423678 285.60472719086613 304.3131198973234 330.4516434513017 318.727495220286 328.15285169465494 289.39553639367335 321.14235569406515 348.1696537197541 356.30714903240846 359.0450134517979 350.6965367703938 357.92366891616405 369.259174740822 356.1792968180031 314.95998269954833 257.4388974003712 183.35195315249396 133.48874579723176 151.72533136408398 283.16412215207737 609.5022603297912 497.7073151935143 220.5589513243192 310.4306764539716 389.7785381575856 324.44221800691133 0.0 -9999 -9999 -9999 -9999 -9999 -9999 -9999 -9999 -9999 -9999 -9999 -9999
589.5602739595879 483.4109338982584 390.3449906363038 344.9334228479635 278.96362094128443 206.8417299589015 181.89491109018556 146.01963395754902 156.11155406151133 152.27485985124383 175.4768181322414 213.4373644075245 244.35309589013974 317.6550373882589 334.2462455859551 377.0666048511406 382.94866267742054 363.7239499092776 363.3130936066184 363.31063688743853 382.92754775850426 363.9761919969224 385.07352740564426 400.5010846112351 352.98592254637504 329.86755647462854 332.0835909908756 336.4456385022485 314.567894975723 290.7776248792955 419.93642596978685 583.4592301535067 331.9348996206763 225.82910104430914 176.27035611988157 171.28764038235576 372.6166518129988 0.0 -9999 -9999 -9999 -9999 -9999 -9999 -9999 -9999 -9999 -9999 -9999 -9999
