output/SWRB_rasterdir.asc
NCOLS 153
NROWS 173
XLLCORNER 628082.1585431173
YLLCORNER 5141515.270487413
CELLSIZE 30.0
NODATA_VALUE -9999
[rows 22 to 43 of 173, columns 49 to 97 of 153]
-9999 -9999 -9999 -9999 -9999 -9999 -9999 -9999 -9999 50.92376667723415 52.61678854337529 53.56576787551764 50.61201725567585 45.72387707460164 89.82152053123588 90.82414626374066 93.05941860027026 90.06753130572848 87.5070715742511 90.76883259523282 83.11118895468648 82.1614394602694 85.4336802526679 85.03350732851048 90.51226925238102 91.59270164813181 93.22701192449111 93.63322808852065 89.84124319632271 86.58650901677234 86.42302978121153 88.20358827427722 89.98004192883104 97.9131264672831 97.74430997128877 98.61973906993327 99.04208399437648 99.50153134773385 98.59044984006333 98.42084520048513 98.59680321408612 98.90106253506586 98.93515065376275 99.05452344680353 98.60052512292175 99.47760608020238 99.39421013592059 99.06783097431264 99.02272928737284
-9999 -9999 -9999 -9999 -9999 -9999 -9999 -9999 -9999 51.93479319645417 94.22928446353039 95.45349769649009 97.32459720023878 94.06381263408704 90.3463126424169 90.65963986203498 93.79222226431925 93.57226658574487 94.62642630067704 92.82023565820042 92.970947867539 94.4879386014104 94.47484478086085 94.87279026406954 95.20720164485756 95.35194523426898 95.49539016785457 94.8540554610522 93.79173272283126 93.82297483497469 94.13740489281143 95.010384013371 96.30433989392002 97.7414630097946 98.51626201504294 99.04935524766815 99.39691827269196 99.54421617382548 99.51226686388192 99.5565827854823 99.91773848394584 99.82118296149628 99.86029703650122 100.06910706397689 99.95275279667442 100.33683532013741 100.18808961295925 100.04304309363755 100.16781879019513
-9999 -9999 -9999 -9999 -9999 -9999 -9999 -9999 -9999 53.47732669675964 93.61969342776341 94.29515966766287 95.73191092933763 93.89800488463946 85.04715158015577 90.05952113225457 94.44978395316113 94.9335851410317 96.1918083185181 94.95090397395603 94.91532535152275 96.12849780829248 94.65914120357722 96.17459463508541 94.28324657145849 93.38064070583859 93.82058928032097 95.85501717445699 95.77078521254055 96.58931879220017 96.49208241044437 96.80164746745956 97.71578799889745 98.69743251337688 99.93997879294685 99.83702952100775 99.76811214676611 99.50519000644685 99.9344100819676 100.26785320811648 100.29209706180653 100.41443257816442 100.57843612814732 100.59387528106146 100.36825212455851 100.83702124406419 100.89201286487247 100.64071163508744 100.93643324762151
-9999 -9999 -9999 -9999 -9999 -9999 -9999 -9999 -9999 53.355586580433425 92.33657685908612 88.91594945755297 88.77512524736224 90.0210522073632 93.46680093327438 92.62048446726692 93.62150462072397 94.65527346077818 96.11742363736963 96.44431137288386 96.67839227157718 96.69651658418165 95.9891650578589 94.43698023516089 95.46490027900522 95.31086023976111 96.35345412313312 96.72848087157215 97.35872862603952 97.74800123892571 97.883647134125 98.25295969906198 99.01466805604836 100.1112758173779 100.41676938531513 99.65836784570556 98.35863261117679 100.09965924206355 100.2324461863364 100.60456920673111 100.67798219474125 100.79859060424532 101.04365351741998 100.8007942049745 100.78549065899436 101.344729023245 101.42884259401757 101.92681440702425 101.82733228375427
-9999 -9999 -9999 -9999 -9999 -9999 -9999 -9999 -9999 47.852239605608844 90.44689285521714 91.00794552735299 92.14606315696167 95.04404699766518 95.72395819550098 97.020792942921 92.50872267551956 91.9649920426827 92.91475309539739 94.17472544978494 96.36201379987821 96.93639796771517 94.71630647243347 88.89757163564782 94.38470029470173 96.52400180743587 97.00788469519428 97.84542408760481 97.96430794613337 98.53234031778088 98.65035417319451 98.38203670616636 98.9818129301914 100.08180654361577 100.3721602707975 100.6197302726322 100.25029698431031 100.292282745144 100.65271038831544 100.96744629087425 100.94410834645029 100.97528039007223 101.13645882621002 101.27110896938994 101.27218212991467 101.63976300595697 102.05028487553975 102.40407184258869 102.5088691743842
-9999 -9999 -9999 -9999 -9999 -9999 -9999 -9999 50.933308991362296 40.51148478643221 86.9223832595442 88.12370101319165 89.6850086110992 92.80401439186889 95.70283320306078 98.99097309676894 94.81039924826115 89.08601193996462 89.73673642690144 91.64423202564146 93.4374738945413 90.09277205047817 88.33281921977887 92.51689092389701 95.6811476388882 97.01851732857477 97.50045369023641 98.08254008083844 98.5327599740284 98.60844113436464 98.88012055783922 99.07418881044727 98.10086419626819 98.09854960560732 97.56138277850417 98.46376192989574 99.39068845937902 100.7635027433911 100.84430651266105 101.17820628484243 101.22457887845893 101.36323577993385 101.00346230134541 101.77574974986925 101.78973380767631 102.2120305094403 102.41469251920931 102.531685645363 102.3666742879082
-9999 -9999 -9999 -9999 -9999 -9999 -9999 -9999 50.506773320393876 93.11786120518109 93.37065193537254 89.0368148599966 88.15796065619892 87.79943044102082 94.1054594528583 99.1919972288235 96.59192465208193 92.16559822357272 92.83930813994168 94.23834526651295 93.71429761869479 93.61859490278763 95.0473607157954 95.39131362172972 96.29910733085903 97.19736929999104 97.92004963605095 98.37784724264168 98.9072740203526 99.10994979456495 99.47925097487307 99.73179899107848 99.89013746475663 100.16950054865535 100.40656073198987 100.73844116314828 100.88364401441588 100.97421768396188 101.06705665754869 101.28143967918427 101.39790060514962 101.69399751375954 101.77876038156687 101.76577573902726 102.19866383906562 102.73386575151552 102.53281594369815 101.79994253827992 98.83753032900775
-9999 -9999 -9999 -9999 -9999 -9999 -9999 50.9315711539089 46.751542818814094 90.13980011700706 97.78242798129789 99.00982794900227 98.86620143453638 98.63150138044399 99.24686433395087 100.77770984836185 91.4995574264919 81.05129558578355 90.48889159030438 93.77235104563363 95.63105994616966 93.4973709903063 92.69500585352897 93.6928172624006 95.91873834794221 97.07451169761998 98.10972499798488 98.56056516647624 99.15592911439664 99.61150353506888 99.74995343803941 100.10486998212032 100.41387560955032 100.63146060460932 100.78766688184258 100.96266128017069 101.35983444026931 101.3408467285437 101.38929725494674 101.04971691945799 101.69630129722327 102.04343027163975 102.12025521984012 101.95237631852167 102.39883949222659 102.81030017275694 101.91735809042028 98.33452597685114 99.73691989038147
-9999 -9999 -9999 -9999 -9999 -9999 -9999 50.004839740902604 82.01782940036347 80.0050514514745 84.1842135051983 88.08146139283829 94.79098302090719 96.02776456312174 96.63687867208144 92.95308945342593 81.12283823781489 89.21565980884223 93.29179084716156 95.2192868497588 95.72093791005585 94.90407223802698 90.00754504626745 91.18621046178306 94.42184815590501 96.43589631830245 97.89398091757036 99.01340108467161 99.34779692875222 99.73850940778715 100.02931196261193 100.39269206764959 100.59417623297585 100.91463685384008 101.04342984100649 101.0418068968475 101.36438285184708 101.14027874113286 102.08841184863083 102.0864272587005 102.05899550758198 101.87470800317388 102.38705646026492 102.5432535875655 102.58230380863593 102.8106529879137 101.80693728607986 98.68164730848008 101.17692429197345
-9999 -9999 -9999 51.04232537918155 51.12745185800416 53.4936373498864 51.029004950303865 39.26863310973505 84.00763298256622 86.41761731727483 86.38653334682341 88.72753879577232 87.75297534142221 82.83125620838268 84.59360114826664 88.0556996787375 92.85356131637195 93.78768414252555 96.91668287954329 98.0676066195373 96.56150937506327 96.49720932875745 93.40907665135704 90.66360746379566 92.39663097034813 94.72161439787477 97.77291083856313 99.21825020423363 99.70618126666884 100.11085567901443 100.23421640845099 100.62453153217227 100.89064115255819 100.84653406360115 101.15279997898037 101.097221601344 100.79468337174278 101.19972702530839 101.85798456943148 102.02473661998205 102.13584979203685 102.38994003587847 102.56476203855297 102.99820723835363 102.94658986250577 102.90130016065946 102.09287736699041 100.93900193031136 102.23707146710369
-9999 50.95894017343076 47.69258205519955 44.82300327717287 83.18638994569176 85.2063427261488 94.2048283390595 90.86451169433447 88.94933199040038 87.62661954622102 90.23474804528128 90.06054394924833 91.15354432785068 87.66947209035091 90.49454350533021 92.6234350519649 95.97017639322867 98.58416700476495 97.77646566986566 99.91702636854417 100.47809845839278 100.34579321191576 97.80240423506775 95.02421717100415 95.59324066451728 96.61316652025141 96.06828289868484 99.3453182606789 99.87975620281419 100.16206112210008 100.5104150258213 100.81369219113743 101.06888525527717 101.19021477659359 101.37134688735868 101.23567988853452 101.2707955857988 100.96571688168014 101.665283231523 102.45548824726853 101.90194803629603 101.7077015320955 102.90037853635074 103.2733508759307 102.08514821411953 101.79778418176961 102.40692466400743 101.84332014941626 102.48694832704267
50.93404621185103 49.53996665095207 99.82103926969947 97.48916292667747 93.46258238185372 87.45864549693121 91.9665798749909 89.08843181157913 81.7108321963827 87.01225710214112 91.47076064313204 92.66726225378088 93.68852622031953 95.0144320756652 94.73250763826819 98.1680889099166 99.2194930452917 99.77181183153188 100.02234273573119 100.7193270985122 101.22555272242158 101.79965306695776 95.16458842407103 88.059756787901 96.98172731217595 97.15703043050856 94.5148651854857 99.57798089817256 100.22807368010636 100.30579310842114 100.72410351342259 100.98475830099359 101.25616661326951 101.3213402311849 101.21918837110778 101.0962001933077 100.63790953009466 101.2505051439986 100.05865595482489 103.01963747767293 103.25154789373387 102.17166983818103 102.77291045536816 102.10770611079678 101.79837607480226 102.03848881864212 101.97623154697209 101.47621464788509 102.21683627440251
49.68780471500584 100.13170292752612 99.30578371198095 98.10025298946867 96.03152335404341 92.51141801708287 89.17610912886332 87.58344533120206 85.15476215220863 91.33971344995244 93.54193554505247 94.583483179212 95.54286271523652 97.0528195392604 97.90173647200518 100.05005135910395 100.16180048485982 101.10960811324189 100.56992332433389 100.13233847684984 99.92871342766126 101.21486393124988 91.59493891175998 88.56129931094249 94.61077919034179 95.4664697362113 96.2358022433096 99.32987924191266 100.2885380346777 100.62318664307722 100.81246435774011 101.1405112374554 101.3754244963866 101.43613336867246 101.17048942515815 101.08029398933742 101.04066034203804 100.71757888724117 99.07056100955096 101.58858328848524 103.44742007544629 103.04137198858433 102.86798376558045 102.19780390942933 101.80319533080105 101.37022347456026 100.69352214916812 101.5592539622066 101.96047832141265
96.99200528848488 97.82585923073755 97.46173699294837 96.09910322902522 95.358461340784 94.6533236953872 91.87316121840833 92.52013768263863 91.47648352472707 95.69803954323291 96.48707149084879 96.31682875975719 97.53412285303276 98.75443509479122 100.24879743185888 100.29194268398406 100.91692910630618 98.94684274758737 96.42764285666091 95.36185066259318 92.07037573854316 96.47749483036114 92.84304923059042 85.40419131358904 91.79965889450747 93.4612558287589 98.29182669669797 99.71254847023468 100.35494616410321 100.72993645837298 100.99342174282158 101.23823930864035 101.32102708110186 101.48764429434493 101.9333238694883 101.70253116896828 101.10830158202756 99.71527503563787 99.0340410015096 101.66692541870208 103.50877042138465 103.67813028407379 103.2180887143397 102.31874447757609 102.68644761816395 102.2629618045348 101.54138782801212 100.71594645738234 100.98052495468993
95.61195954940766 96.38312542392897 95.99760296944754 96.13199052846807 96.24255044146328 95.82160249157558 96.85574157810184 95.50715128380078 96.16754236167358 97.57489340990244 98.00906860023439 97.75416693381491 99.19259932538844 99.79899443603472 100.83200577156221 100.66233672318172 99.9376798992747 94.70612213433445 90.40134848347014 88.63677599505934 91.03630710813663 90.1381313688713 89.18834341154408 92.49831054393067 93.73890441319965 96.33836036527573 98.69280125579192 99.92906126962171 100.59791888650695 100.91849707030666 101.33758981618023 101.3537103294273 101.5115918962272 100.95897270787366 101.56168996440303 102.03903352777125 100.99247879763269 99.35750681035577 100.87146340246773 102.70573318809343 103.58063348389081 103.57257610798992 103.19175676999707 102.84540421641002 102.66522959594649 100.24071040685381 100.56482570834618 100.13534309069931 99.61688135031221
95.03308377267594 95.8835704049004 95.9323978809228 96.14352758582095 96.19903191035084 96.23482515309318 99.0894735471114 97.09842950055112 97.84105454395527 98.75264147798715 99.46614062133831 99.18866917620132 100.41181066506874 101.01189522270815 101.19032608328071 99.2637747701453 96.07836686775943 93.97906659939935 95.32199375545608 92.59325502891885 96.51051589140135 99.28750412688147 98.82288688749509 96.33185824967045 93.16611979043648 96.95756337554677 99.068166971659 100.41610803744499 100.66214144197633 101.1132005265462 101.35403447354085 101.53654972557516 101.43245075894478 100.94359978165049 101.69520684470248 102.44163305361165 102.23962239898304 99.26996575540515 102.7076906241735 103.97565591655113 103.64714753017444 104.03724463543733 103.93663925571438 103.64012680189087 101.48377525023652 96.63306784259962 95.96468081707319 97.38807251459372 98.97237717304797
95.54908358987586 96.42902795494221 96.68769109102297 97.00581434860584 97.62629171715615 96.68503631361719 98.87419338469182 98.19649066618248 98.52061735876612 100.02987828687853 98.79176760575524 99.49670621515641 100.31817258633666 98.30281799015768 96.86871645268614 91.1999733017604 92.11377864093888 92.3948584483117 91.55118171729558 93.89324201605095 96.92038611616681 99.08385834263422 99.99205618383553 99.11874331580815 95.6971812588211 94.59415535643852 99.84633789542721 100.45434874859953 100.95689748126938 101.35523874435115 101.55147472915688 101.72559438329472 101.76643077740523 101.75722130909078 102.04428120663925 102.25546413531733 102.52573570999385 101.64564768366888 101.54144345129124 103.12509195808727 100.5875915063828 102.97164251077058 102.72725851762321 100.19989303622697 99.02929686164401 96.8587437478288 98.00674380547244 97.4481062679035 101.23364846630362
95.98974777875354 97.2106816388887 97.7471593352958 98.26971520166519 98.70275108932829 98.52895578712517 99.07701341323072 99.51260445773273 98.66027267124548 98.87255211390625 96.54662960547067 99.44401236045975 102.81926574405868 100.50490520088705 97.62405069321393 95.55357804349558 96.04632450543325 93.63408485544389 91.06503007675163 97.14495075542602 98.34629554931725 99.62186652635273 99.76920663308373 100.18677297303432 99.30523226961562 96.17189550938228 100.16059060235426 100.69603866521213 101.2180848478821 101.52962065824461 101.75752764553849 101.59908517511064 102.09440223318074 101.99508989553338 101.85206563834744 101.11365627335294 100.7616789514706 102.44642797325734 102.03757236253979 100.9077476810211 101.05210373483666 98.69537651389959 100.67652273953695 100.45897296932044 98.9666272800776 92.52856271084536 98.38475265204328 100.53334984357062 101.98971134637348
96.55093440946087 97.16231730957496 97.93008537203609 98.98868456313285 99.07720965193403 99.21035100521921 99.65674118452056 100.07347158676723 99.78197889117578 98.82884525612747 91.22730077067031 84.904213203084 96.00410513981679 102.00282822695864 102.67777600566166 98.03121277713 95.80938054713894 94.49380933002008 95.03590965223157 96.56278790880559 98.76465768130504 99.74616494826913 99.3368827741727 95.62346519099505 97.21109891774496 99.68513748971665 100.554199939405 101.06100378395635 101.39642115184445 101.7562225245233 101.85417610604956 101.80471033393589 100.71240916898822 101.65945645110503 101.95532409022358 101.50537170649893 99.9076216409894 101.55795592492197 102.94089640859261 102.33662996400906 103.22190897347824 102.40063903231176 102.41405934916278 102.32737220823206 101.88529245236651 98.93605631301146 100.69408137599055 101.50647433858131 102.66745521996751
96.74080688838158 97.65269746274089 98.62847057288691 98.87995026843875 99.49969674367985 99.5726488083626 99.8261004249853 100.19519798385625 99.76744893652439 99.13722183330148 96.3018699210625 92.76819601938179 85.22775842722407 86.08611270706689 97.48461267827743 102.54251636286608 99.21285751043305 97.15788124552336 95.80464574710271 95.91006459057836 99.20814247101245 99.07528528292316 97.06167508886458 94.83231241480073 99.34747292118892 100.46043875088169 100.98759685725523 101.45171132769717 101.55723798566186 101.86993132119783 101.9540584315212 102.06323523804396 101.43689909810945 100.19256838191102 100.04658799893402 99.98804669274477 101.01869322117547 102.97151590835351 103.45931924825317 103.75459296786386 103.4267833186217 100.50062284221045 97.07106893073784 92.2774233914068 98.94394301855873 102.89941822345033 102.42794986090018 101.89120108940864 101.83339880202122
97.02509636993457 97.99775326072414 98.5232681301276 99.24060500416032 99.49441107586345 100.13056108652763 100.36190374895035 100.39163338306167 100.23665302529115 99.70359443241786 98.39439532545262 95.04170302002596 93.4977839852814 86.48746239196628 87.60520650306918 94.91098027046147 99.13412853211426 99.10947902091267 96.07494427413499 97.43277188613864 99.00009743039374 99.15336195689875 97.94962403974141 98.24845698803776 100.12632368603752 100.72279340173719 101.26559473217826 101.58083949805915 101.86997600237696 102.028435324837 102.0029075854273 102.22694141789967 102.07690098878265 101.85010427115967 100.58814907515502 96.23829621161613 97.0731148627938 101.23672348980114 103.12941240025744 103.97631962631203 104.04919576640464 103.28020833500372 102.77654810110744 101.69550393701432 102.31935834463941 103.33725636917816 103.01648507702336 102.76002787573894 102.38461154529774
97.05914582763113 97.93819640435558 99.01637771207612 99.12573911314946 100.18374267032362 100.24557095730272 100.68228555835306 100.91243192779278 100.58400460279243 100.43570435016318 98.96747599275746 96.9820524468902 96.27508235626475 94.12141316823981 91.92990483957514 90.25086239347236 93.75601418556087 94.99161433524624 98.33578458230141 99.5741864015658 99.27752747135904 98.35372454398907 96.10523879212141 98.28568324364662 100.64245844908066 100.9637437358144 101.45159801237173 101.77332073208201 102.10122481931137 102.21010078796661 102.25158863893077 102.21351078174156 102.43803378565767 102.13156777507663 101.6052067092135 99.28204374084984 94.63667735164097 97.60285149876188 100.50566579665627 103.0350026040552 104.04126507478847 104.18000301766467 103.87371449379032 102.20178490528457 100.3255663250481 100.92262982911527 100.49791241901916 102.54903472965192 102.28163877184299
