output/SWRB_rasterdir.asc
NCOLS 153
NROWS 173
XLLCORNER 628082.1585431173
YLLCORNER 5141515.270487413
CELLSIZE 30.0
NODATA_VALUE -9999
[rows 132 to 153 of 173, columns 49 to 97 of 153]
98.26917925574718 93.83689326518163 100.42770271554903 102.20473760481923 101.85176498842544 102.45306611497777 104.96981360406546 104.15178504250822 99.46652998389965 97.97040369715309 97.26375852470392 95.63062199932588 96.27215197420172 93.06000312172445 91.96233677805229 90.431143526469 85.52275155439757 83.97302560376274 89.93082295140697 94.27569738950412 103.37957274519108 105.58429468643656 105.292186049476 105.02808203157468 105.31858893622784 105.17082316856528 104.43707904386471 102.48561292707247 98.69836937937856 96.56536362136181 93.3916025439571 103.52274969197433 104.86710040880232 104.76527213362539 104.51697781817194 104.41197296946996 104.28138967020558 103.99918491079859 103.90100031831554 103.85301605837758 103.48169874295972 103.39658667251352 103.22159438202931 102.98765056714403 102.83033032718058 102.62708003656707 102.39472599826807 102.13059455443377 101.5359160822153
99.9849096403387 98.77123269742002 101.5993908234335 100.29784403355087 104.22554582699 103.9405202151237 101.57923116045059 96.30212742887463 94.58813954770301 96.44514840087521 95.86832115628705 97.86258562480964 97.23250897480551 95.56184592694237 95.46615048040792 93.62952758409773 89.465945960302 92.68928877054194 95.07279057684306 99.12216694324297 105.45360881259406 106.15504653599828 105.65257319014873 105.1966141896878 104.17667087289489 101.05715075036011 98.61771613689905 100.79903461111952 102.45975345820203 103.29371469344701 99.58235871059482 100.46158529395433 104.60917447506213 104.68160534072483 104.33110213712423 104.28161121356439 104.2954258796432 104.00158826817096 103.77585588340035 103.66735948696187 103.38226525020144 103.2046709318197 102.92016031648383 102.79050783916733 102.52512105909777 102.39963840386896 102.0330412376767 101.77599499661002 101.32784132834664
100.54002961889654 101.15546018182468 102.4704005398105 102.12001073369734 104.98992966838077 99.07176242182514 95.06643888385838 92.84013320656763 91.91109895235388 93.396864490469 96.65924814876226 96.55333030864468 92.83766464163476 94.354227889406 92.78422866878087 90.66124562595964 88.58861062225404 86.67254725725778 89.12769060204421 100.85978469507111 104.98843678442026 105.1323752596955 103.9432741204673 100.46665617391997 98.65404466962583 96.02157168971925 99.58008163301007 102.85987356279018 102.59046737555367 102.05200775314269 103.82019525640443 103.83966131814182 103.19651084504027 104.79086800962605 104.31500542315821 104.22836826103068 104.15571502297288 103.97468347172007 103.71768717023733 103.54226091275814 103.24222256706354 103.04373835124866 102.78140189550939 102.5300671368056 102.11638095105111 102.01895027079576 101.55251860507768 101.33854652074878 100.66124229812308
103.56336599348637 103.53176217679491 104.12982380577347 105.22984387447609 103.56514823554815 96.6550223190037 94.31649364547384 94.22069550956239 93.31208015275908 95.8531661062749 95.04700639370989 93.04688645455278 91.79975879053096 92.10182092946455 98.33823815639342 99.141000217256 100.96516879164831 101.63408880774502 101.55859772080602 101.78710585667999 101.36113544004144 104.50436027680283 100.79936790026055 93.79760408387968 92.45437673888183 95.64266861730783 97.96590029973493 99.80761974810703 102.35803677359087 102.5310946686642 104.94448338912093 105.07702098445358 100.03455182878689 99.37575611182862 104.3378520805594 104.14395476510803 104.06594788286145 103.8399602565177 103.5177555703156 103.37651093825782 102.85952302607872 102.69965974159665 102.30620138004161 102.04093153328071 101.87258373652394 101.5126859030025 101.13272234916651 100.72202607785248 99.90508668453711
103.39095491779888 104.01677297229335 105.34766352588008 104.24322515855887 101.47749937783519 97.62228436095505 98.34446625936422 97.53078106129371 97.557760856457 96.4082778745501 95.16215332966269 96.08363761188195 88.9661577376449 96.0426790304007 101.61980758413151 104.19898669146112 105.13724435377742 105.3979320357889 105.74784667591317 106.07905692006318 106.40564536370877 105.12969701399881 100.58705673158545 97.15044077906566 96.48541091212559 97.85509935825452 98.26159988837753 96.8721800379794 97.08302750752986 96.87069248595672 98.03296318032082 102.12082228917929 104.59752734088188 104.34395485356406 103.88769215413427 104.15811408911412 103.71854507450591 103.54090423388483 103.17281236165901 102.87033829588691 102.63932651795413 102.2916585757823 101.99943333260316 101.6258918751141 101.35221116693373 101.0081893012767 100.74593169370503 99.8699924764847 98.98588247274655
99.3317418517719 103.5798457588804 103.02554439100636 100.84954334926461 100.88935485242588 99.45109318269814 99.52619462678841 99.89549715030206 99.26716807664367 97.96707449111729 91.12979607807725 90.49963718591472 93.60657982122692 98.96607884047145 103.71940695777852 105.43215744295934 104.35425235993858 104.9602327378463 105.19012095396971 106.51000997486575 105.48998482608789 103.1880445493814 94.822139905385 98.37565759228349 100.9511203364759 101.34744090749537 101.5372506704589 100.08333496821962 95.49859039959233 89.94849960168948 85.87368350596012 97.32949458632767 96.2838429034961 95.54663535101366 94.31117211781422 103.31183017073128 103.63987278875875 103.25818035753782 102.80742543206928 102.46850229507619 102.13349208523941 101.80783153065093 101.44429468635929 100.91267689326381 100.74068315808188 100.32812923258744 99.84244786098067 98.98557645700448 97.42570936363511
91.33171141401247 95.2580474406731 95.26118484084927 97.14530859859161 102.97222492970108 102.79966793777031 101.44032966656678 101.41051557337332 100.25545342170876 98.81409259226466 97.83247685757769 99.46474277115517 101.68219295154375 102.55816989988023 104.16067213815577 105.75869246368343 104.15477965660835 104.53773307483848 105.46962129134985 106.27469507306515 103.59554388575619 98.95503600126084 97.30395546763519 95.92028112569 96.07686649044804 99.48052566231101 100.78122342333855 102.40354400232098 98.52666312458595 98.86991141071124 97.29991902446298 98.04662368073151 88.3460552734034 86.22486394488357 88.17444914177334 100.96773694147397 103.18703925220188 102.67022010479691 102.40717042780282 101.93027322672894 101.34049422794382 101.01867570067053 100.56453117219134 100.30659178189651 99.8721777185328 99.10629966078106 98.42068248200984 98.84945374570277 98.7422004511015
90.00207838712949 88.47856955268594 85.58679020282807 91.04009429276603 100.15455965871475 104.1963854277981 102.15145699967432 101.33922973376602 101.18508747843998 95.64714677531902 90.7637095357238 97.21343307459799 98.4963581339345 97.1262637733432 99.47512938176209 100.79200814933586 101.50908197468881 102.26800019660145 102.55988611679012 100.04100478145794 95.1597339404409 89.88422695682867 87.02387712514486 92.43471002719971 96.10549628768692 95.68546839461153 93.43512498234793 100.18446596354444 102.21764914989492 101.28897527102839 100.50900096877947 98.60752797759994 94.20032571953753 85.07415188084136 82.3922278431751 99.48964147299286 102.71444636911757 102.24019890001915 101.73142426451082 101.04995131995088 100.3562936694776 99.97206723480458 99.34750051552625 99.16186415035753 98.97267652911516 98.8856491236654 98.36177373346733 98.06633550967356 97.7270030980739
91.06762021785126 93.44880842621906 90.5749398083099 92.99955716059812 99.63751299049088 105.82924257880592 102.91623995357197 100.77043899113858 100.28739407418459 95.2776625570348 91.03252007977572 92.04727964027381 87.50569319841605 90.47134324574402 94.08924665299601 92.6698811887547 93.77858392235188 99.87372310979626 98.78066315709312 95.776265794875 84.70179538579026 88.46588102379532 91.83319482084524 98.0078411317279 99.203082056218 95.88272634291924 92.97633272088302 94.78729275299219 97.27818065943947 96.35934010295024 82.87675083718976 91.70101804622408 94.8714153573927 97.05936299323028 84.73009332104854 100.64845556654647 102.12859261364949 101.47369250796724 100.81191926103193 99.9463659533974 99.02865105438694 98.3813692209494 97.41803548031437 93.67082122409994 96.47436099026582 95.77620029436666 96.57222263831444 96.55026218001731 94.7843230265001
94.93818462602903 92.32253825845834 94.39018896280866 94.68680699740437 99.01336518089673 104.80503118216504 104.42463510054925 100.91703338742849 100.1334877267582 95.9762201720499 92.38492074925948 93.28800140337543 90.96924600098649 86.40779897723428 90.28542711961308 93.42581245657053 94.11189657584197 99.50816537564421 97.47807308944184 94.61450185947643 90.71739861625299 93.29461020330812 93.8435793913092 96.30716762957161 96.93063554947761 93.40383130068743 90.63959745771432 88.47607963542904 84.27279302206114 83.65349743170682 92.54757154431744 93.74684670509721 97.25997231958338 98.60104081996643 99.06885726868872 100.94263683218853 101.33941643998234 100.03094382660595 98.88250451339964 98.2095403520513 97.28983204707579 94.10054340713056 94.82265385795795 95.83511838202439 96.63526775976374 96.56475589396511 96.35557344869264 95.37484827201246 94.00955182600134
93.32749707143212 93.86172215540482 93.19844513478739 94.58819369814522 99.74280854570107 104.93293027586827 103.18388633124401 102.30332808227438 100.2205838654942 93.72264634974616 97.65656905290076 95.45927926524334 91.36406796057305 92.20641711804183 87.76001920259853 87.79680484049639 95.35297537943337 100.37817130278228 96.50163877249196 97.47941564627294 96.26965139448808 97.45499510742144 97.31847083153112 94.55406439771308 89.321699834686 87.96085064417093 85.24139390845029 74.9465250018469 83.89320365066504 88.89853137101255 92.23309794544194 97.21701555913903 97.15107691022105 101.342519799719 101.46218589741063 101.05861742337142 100.05764853463027 98.38379726753118 97.03477110783936 94.4604306481498 94.04407848362833 94.42203580723518 95.44259578625662 97.39071498529482 95.84752051847907 94.51923857905945 92.87643264272234 93.48072687625954 91.36268409960805
93.55416382879987 91.18141957674827 87.97084637248726 91.07509754017839 98.39139840700653 103.15226958351657 102.72214413350872 103.187573206346 99.96529295170562 97.51401567284293 98.50787596316528 98.03032002235253 96.40017183072675 89.55667781442267 91.88009910964946 89.2498070273323 94.41998460316661 96.89406263875269 96.29352310689863 90.25611167223387 91.62692014186777 93.9826336183188 91.26338625019696 89.06949618184198 87.45821626077218 81.73466339108185 80.9869319869953 87.04997783915022 86.02709704709545 94.32363467197817 98.84267328341144 101.64265309947507 103.13133809448924 102.86710541104803 100.80254421752677 99.28835164697999 97.94571750310732 95.91893592194133 94.6909261844175 94.45009618971966 93.61418804275756 89.857841641139 94.11559894980046 95.85665801358091 95.46624510583489 93.28987882464423 92.77130588697796 93.5223052560476 91.85678362768651
93.65114918619787 93.38043555890046 90.39613092217529 91.5420791715394 99.03541662754793 103.19615306374381 102.13854385131184 100.93096010612003 99.84535202407176 98.98578323962123 93.50345910177317 93.32980853613446 96.68586864659234 96.02327860800222 93.43457351012175 92.52475201554394 96.43552233115035 92.62168611966256 89.02186705561483 92.79790569766678 94.44766358281916 88.69296770206769 85.08628838132033 77.32700338064366 84.8719449126272 76.26613549845534 84.04876852216968 91.41742314554693 95.61793845795384 102.27732591316206 105.39054394308063 104.92025696294066 103.58368838571573 99.80455357117215 97.17474656415114 97.7576739662498 96.35804230723551 92.50148195414928 91.59159319354558 93.0427681513033 91.40075252598805 89.50308990112423 92.79187973848572 92.50307412130744 94.20286027168187 92.58091184500563 91.04658713569698 91.6535144924637 86.46452672867689
90.16386771325021 90.34695359723608 89.40742301755951 90.44038739868166 100.17652678758596 101.20253661598123 97.89417830614215 96.85836688843087 92.85786636875632 99.93166434379279 97.01467477640489 97.38419194048682 96.7498280688311 99.05008609990078 98.95230113718435 98.63329234289678 95.99947987859476 94.11032009243054 91.4225770954237 91.51406175365929 87.34425707483014 82.86649235595979 83.15155484523407 84.55462290167334 86.20449735413997 82.65411501200309 91.62362835499259 102.06504799793723 105.79186208134013 105.35894465098482 102.63252437918437 97.86690520730895 94.80500481736307 96.92554268532807 92.00897096584997 93.8108031564155 93.54405736396923 92.98236167456223 92.61427734203147 90.98239282571033 90.12558198308443 88.02737786681352 87.23532692222702 91.96247444042315 92.40108653915301 89.53306757992276 89.37780540360531 91.57443433355466 91.80278141401061
90.11777808100794 86.17643987626191 81.08541748402303 90.3016326521781 100.53503225616252 95.90526890300697 96.77619035244177 93.60323427702843 97.7348705450515 101.18293809749052 100.73932877148178 99.47976876844984 97.04240641843997 94.3554481075983 88.26772882840434 93.29979715310276 92.82954604911312 93.76800582156417 91.42797839830955 81.8175997314681 77.29284085723953 84.33986688653796 85.9475011941527 89.69645871901923 95.92694050515976 100.22001303620488 105.52935338553753 105.1199694642269 104.19699746567609 99.44055678562054 99.96932419134116 95.19911786102723 95.20443790992779 96.36268464615834 95.66689392948498 93.60915393523801 92.56352815743554 90.99930040070286 91.29967463616414 88.75052639908911 86.55104985609195 82.87548005721747 82.08348434177742 86.56447905844743 88.2084238326234 86.32454665876391 88.98995124928061 90.91914919838753 90.68773261817358
89.30347173868141 87.32339605016504 82.85710027292117 87.54044237233528 96.30110119390976 96.13354620531281 97.92638144649612 97.75079448504079 101.49900225355002 102.43685537927298 102.82541892628332 101.92803181378783 99.96185927893589 96.58310315011829 90.71376370389613 82.26425369214432 80.44165008696999 72.83763533188637 84.53090820628593 82.5217408714265 88.06272730483758 92.0317452323099 98.07173872547416 103.17730024575044 103.76027850439874 100.84801425477441 100.42852790321535 88.57810974084639 101.24656742049875 53.731478879760914 54.268131007807256 57.510521100990765 55.87690983887789 55.47885737049704 51.3094360694456 53.223207707170545 91.07852582676414 87.22089865119337 87.61720281025397 86.87378024509754 86.82421595909494 49.61209725532927 53.63445613498124 58.37887718511485 58.04064930920806 58.307744501153934 58.31411438083704 58.31325634350292 58.25539632333644
90.03661529559396 90.04614743912192 86.95777733190724 87.79324118542529 91.52004409217186 90.04767525728951 90.09826385594803 93.5086360261186 101.46088296184871 101.35624550655568 103.94904449879819 98.66685114268178 94.9633279446147 92.10656972832072 91.0639107433883 86.46739310131272 83.14953414832846 90.92627772116019 89.00578244599691 93.70433337249676 96.46196689868354 97.45038987113664 97.24406705507944 98.01281550573384 89.61602328196815 93.1997038068713 91.4960018009798 53.406804192390865 54.43852394792255 54.48517871024986 -9999 -9999 -9999 -9999 -9999 52.667791658920926 46.297585656067064 46.90546219021616 45.722948704906074 52.665398062313834 58.136697703377365 55.1586785927191 -9999 -9999 -9999 -9999 -9999 -9999 -9999
91.81496465669488 88.9834423664432 87.23207106318456 85.50914109252726 88.55675104396477 89.86168369610081 82.66872554574128 95.01041038626464 98.73032953362835 98.57720717999017 95.50064338793256 88.37991156392056 80.61605871785036 91.78154011383128 89.12996448895416 88.9814526143183 90.80775346599447 96.27387494219786 101.0458447437049 100.7060188629441 100.92132347543141 101.10616734708647 95.62567869297928 94.09306987496251 92.53112057703112 100.98775046721502 102.30285315538217 53.74286668016687 -9999 -9999 -9999 -9999 -9999 -9999 -9999 -9999 -9999 55.67667959767548 55.24278269945417 -9999 -9999 -9999 -9999 -9999 -9999 -9999 -9999 -9999 -9999
94.73789416359594 93.00150570004352 91.89413260038175 90.32649678359505 89.12632091267533 85.86881201035672 92.82718069311682 94.31893248466537 91.13063997899891 90.21619514841154 86.21250592287869 83.77016243382099 84.5333804831933 87.56633923246132 91.3755267682835 98.31165084703144 101.55283303499859 102.81404517349921 101.11092151406503 97.56816414698237 97.23494344724392 98.38035361300602 99.57788546336946 97.77072886349296 103.04948962955385 104.39301735867419 54.27767608159873 54.155591402108506 -9999 -9999 -9999 -9999 -9999 -9999 -9999 -9999 -9999 -9999 -9999 -9999 -9999 -9999 -9999 -9999 -9999 -9999 -9999 -9999 -9999
95.1784519042204 95.75851722790198 95.4018483460796 95.45089322152846 93.61632216357587 92.41599232214243 95.07338803165533 90.10775949762035 86.87224969222025 78.18493602705591 70.93078445845813 82.65293962499501 85.92756209823395 90.65794890149172 95.47613291700158 97.33035117610889 96.38512140092772 99.0000794587924 103.18918221073221 101.4157032109623 98.02236576708603 101.59894850643752 103.71738777331461 53.82216346871138 55.08490184209819 58.56013924601693 54.62217176686771 -9999 -9999 -9999 -9999 -9999 -9999 -9999 -9999 -9999 -9999 -9999 -9999 -9999 -9999 -9999 -9999 -9999 -9999 -9999 -9999 -9999 -9999
96.04230402107987 94.34444009172178 94.52779983999788 93.44512226884962 96.92570108013055 96.93462438898942 98.15879065655736 90.51981909468849 77.0594703163945 80.96998615177664 81.5097362794223 89.05918578537435 95.03667703349389 90.4743857900691 96.77060271554788 101.35838454681758 102.56772993070258 103.39862808016088 102.30095895336602 101.26146143280083 103.53581809667803 103.30060426742085 53.43167021933239 54.129980104596555 -9999 -9999 -9999 -9999 -9999 -9999 -9999 -9999 -9999 -9999 -9999 -9999 -9999 -9999 -9999 -9999 -9999 -9999 -9999 -9999 -9999 -9999 -9999 -9999 -9999
97.04854728066462 95.71553955287972 94.60615782480738 93.39417542637014 94.07648330759969 88.6955922349948 90.2013969279708 83.29567794952351 90.00819067614759 87.13964873567767 90.4943910557907 86.38188089639394 91.60203070966327 94.88496256149726 100.34494442508989 102.7877756646354 103.45919205412469 103.76727813884283 101.75719063192818 103.77907678747599 99.46092146202409 51.38126080421538 53.424909438782784 -9999 -9999 -9999 -9999 -9999 -9999 -9999 -9999 -9999 -9999 -9999 -9999 -9999 -9999 -9999 -9999 -9999 -9999 -9999 -9999 -9999 -9999 -9999 -9999 -9999 -9999
