output/SWRB_rasterdir.asc
NCOLS 153
NROWS 173
XLLCORNER 628082.1585431173
YLLCORNER 5141515.270487413
CELLSIZE 30.0
NODATA_VALUE -9999
[rows 44 to 65 of 173, columns 98 to 146 of 153]
97.11400527812563 98.14605747434821 100.12273010714709 102.41673851152908 102.56374986447021 101.88197921068169 102.86174306138754 103.27771395937303 103.27589013667135 103.51146128540107 103.54769607524483 103.389442783127 103.78628404694416 103.71323761636854 103.60262552367385 103.6533554133372 103.05938913083003 103.08493913870166 103.28142014691134 103.46538961949757 103.73554289772426 103.9861645223937 104.03859164953438 104.17349171183507 104.07242980812052 104.05858065535382 104.24543013834204 104.17369553518049 104.21529698085655 104.45568875000765 104.3869065962293 104.50071667307476 104.43287681835852 104.63248774937625 104.52702807366452 104.41997354591209 104.39394103190848 104.40145884659867 104.24765798840252 104.26473722487451 103.85662473714082 103.95969535609916 103.68215342684194 103.51490956242338 103.26137727362996 103.07990623731742 103.01434942489387 102.4377580701993 101.44986774956173
100.21599203655153 100.44300376657984 101.51248542186539 102.08482113352599 101.8713497307246 101.9103819937311 102.54651973212955 103.17454245226641 103.14401968975785 103.43769090809924 103.44797964558283 103.32513569131122 103.5587840966928 103.55636857027535 103.49193281761039 103.5983322494523 102.88879988536634 103.1026001554481 103.19520945336583 103.19404689571459 103.50162037580074 103.62924638360064 103.7879257604355 103.99745495527128 103.96481111335815 103.85156514234737 104.0352578612345 104.11805862869468 104.20486661675642 104.32046874536789 104.26497469510447 104.41930230547023 104.29354591029835 104.32159877376917 104.286045157612 104.30469327011936 104.16055323856291 103.98065407231392 104.06495854959633 103.78889477452512 103.9610699549486 103.68298666640574 103.53496864859638 103.26933180725672 103.14088419871811 102.75365817345204 102.38050013159659 101.85336164259287 100.54674939174453
97.19339794693603 98.32736537079006 99.32602740915776 100.44756310939104 101.08437426813904 101.08924096450592 101.45069538021279 102.88013239374148 102.89694899442475 103.31542820780871 103.28616380873694 103.25592987844091 103.57349334006342 103.41969772941196 103.27382905323874 103.39039541383234 102.7314851378899 102.7681659699358 102.91700297997875 102.9458511991936 103.22131718222674 103.34297625274912 103.4070447540868 103.72821251514705 103.6681811601885 103.54827070259094 103.79562570624945 103.82737856154333 103.8093674364578 104.06120283285752 104.04369118630828 104.27253575665021 104.07178637610697 104.09884053630027 104.0681687113648 103.89352905940378 103.90021129845022 103.89219099148539 103.70745632470056 103.55451764662618 103.39288150163796 103.17939998380596 103.14360810700818 102.86066514289686 102.62982429440514 102.44054195231965 102.05457911626216 100.69275602087751 100.9077400293166
94.60925277236382 95.86633899660674 97.43756352134626 99.14518313954203 97.85654629235087 101.16258505410805 102.18586259937892 102.91281911987605 103.07351556265652 103.21763374934511 103.32370178408553 103.13747300082487 103.53942111106129 103.43153503549702 103.39429748823359 103.42765566204801 102.86496097446337 102.90405097120869 103.00367806089331 103.05752724556699 103.26773700498529 103.34000588381697 103.34983693113018 103.6640472895578 103.8702659740471 103.69644386178518 103.85381620902444 103.78388817735693 103.7974854990077 103.98161848187361 103.98635831260617 104.1065776250261 103.98763019901018 103.9158129307047 103.93092643107275 103.78391407321081 103.61132186231134 103.52451600694663 103.4078049855406 103.10538508593173 102.82959272430857 102.70752087640416 102.64513605367155 102.44223847503798 101.91355007938363 100.99751959242768 101.1514716574207 100.94045208664012 101.65690625796573
92.95799956469394 89.2003294284362 92.83966015653172 98.03761022600983 97.69892520551582 98.48939496461041 101.9247781517413 102.82058532959513 102.95645561170954 103.0228756177932 103.22972188831282 103.04568758821476 103.39040262650693 103.22268957451813 103.16003499796896 103.30585497878955 102.7988492905775 102.6380558467057 102.83473579321593 102.81627092986038 103.08817537928005 103.09659375099336 103.27422254430803 103.41671239804617 103.58555080732272 103.50317689481452 103.53881178838101 103.5647188135056 103.584550607377 103.74196404036476 103.72599989186482 103.85138444331601 103.66308531017839 103.56476437805948 103.5480168637879 103.36547569714259 103.24129216122985 103.13658606565438 102.87035855271128 102.46545028782533 102.4730900193958 101.93747541106889 101.38559567602044 101.46576552863351 100.54461241710062 99.563114787825 102.0845766319383 102.61717981638118 102.56499041407346
90.54448048597641 93.76254046609891 96.35385061012721 97.7983601789146 96.36506783783324 100.10795380647342 101.51285713196212 102.61862514440986 102.92581834801658 103.08701189301176 103.04178521337298 102.86821133141842 103.173917150269 102.9368264674773 102.69889834763119 102.71817138084873 102.05521587872488 103.43828064463719 102.38234971794795 102.35282208289262 102.45864427872064 102.57040287512159 102.62824234293915 102.99398217269038 103.19645728108082 103.13996287659323 103.17838453355796 103.04140631678418 103.00417393688687 103.40977797153406 103.10885200865218 103.28136162887242 103.1212692552309 103.16328223537826 102.97810026998546 102.91452883200998 102.71273868870286 102.57564365453818 102.2926034870974 102.02423355297901 101.78049647060428 101.05838008341391 99.7876686829177 98.68640245575729 95.89533511453621 99.54500719018938 51.81881380662731 53.26538200634905 56.235002346410894
97.56338561189646 98.1672382986332 97.73866559943966 98.8885484067694 100.14089818678008 100.99593408269483 102.25234285469453 102.6986735412137 102.79159015250671 103.04657586920604 103.10722760663558 102.8074946426625 103.11624378275607 102.91847097678696 102.52573811957674 101.76538203248847 97.92182986138494 102.85674549429106 103.61281309604361 103.05377106816475 102.5668579024061 102.41334345403425 102.40981170516817 102.80954428050558 103.06256106411881 103.112614295949 103.30881212359327 102.97479655354974 102.91232171205432 103.16720876357714 102.9882247628537 102.95216255183108 102.76242470390648 102.77861616592772 102.56588997293488 102.37948815440073 102.21650906780097 101.5856570669896 101.24383400787374 100.83639649486213 100.51033611057254 98.41106075363332 96.7524643418894 92.84004431709117 49.21932364989452 54.3715975949588 54.4558095642218 -9999 -9999
98.55249416013154 99.06028246066855 98.98160381328019 100.70695622244983 100.85527261045196 101.40690317650402 102.42917041613848 102.79451738321744 102.73229550404702 103.0267580152251 103.14643493527717 102.8557291083629 102.86531645791936 102.60326721009095 102.02834402037756 100.62839329401335 99.0813276654936 101.29813049161409 103.35190001317507 103.31033527940849 102.46081392166016 102.26184719546256 102.24909831735116 102.5848448844517 102.78873979409958 102.7203464204802 102.88451450669154 102.62603102116456 102.56920582701673 102.73421184268766 102.3082740160372 102.44454909493955 102.11594395477947 101.93440387601653 101.68681779426913 101.2711868940193 101.19093745754587 100.99774506970182 100.289488945785 98.86821919233331 97.64218418893553 96.09520087172784 95.72201159603135 48.62137936088311 54.41047654581611 -9999 -9999 -9999 -9999
100.62903481819977 100.61304076187776 100.71539967840494 100.91523605569789 101.53255797219569 101.65823032038601 102.29175741633087 102.64360337084376 102.77839782561087 102.91038943525972 102.96605398123305 102.89364962970741 102.75552597785402 102.37013162104837 101.32408793598981 99.54336783983149 98.60141527762217 100.01020398598438 101.18914088332915 103.52750167369025 103.16422972690016 102.80541946545162 102.0998844137485 102.54010157002948 102.69892848782536 102.722871701753 102.63982234573282 102.56479427628693 102.24688833491335 102.24655760000657 101.94920464084962 101.88164994821784 101.17397927919386 100.9535956384076 100.4049067065409 99.58329388031956 99.52598245557265 99.1309562027299 96.81582986236697 94.26975766003905 95.8053451291293 98.7628486223641 53.755817441099275 54.38728717275035 -9999 -9999 -9999 -9999 -9999
101.66503080335711 101.5146053350308 101.20666142179606 101.58669159594282 101.76119855236516 101.91864786127755 102.3017992797429 102.63489637105157 102.74790651613718 102.76462207384978 102.8589973662555 102.66779419760326 102.49099247545908 102.07102109794498 101.179880559138 101.11488458297548 99.61889256261395 100.78127658078434 100.8390438150784 103.33123713562061 103.7050669474031 103.36522148759394 101.56764822954895 102.28669203908348 102.39984551961801 102.3956286543043 102.39229548794356 102.10770075365535 101.77807719639556 101.78574220466541 101.29010691225977 100.99850531373626 99.82215841320618 98.31772102795057 96.25517073106701 94.9230868654487 93.58766509315537 94.40575546273764 98.30764641159794 98.84583661455333 100.5317666350885 53.98985087164062 54.44549878822359 -9999 -9999 -9999 -9999 -9999 -9999
101.87191966865356 101.81917194578267 101.79559345433779 101.65461237995369 101.81289481025001 102.09591727447561 102.19655031249525 102.50771129358837 102.55467508871192 102.61439502476247 102.70967561681692 102.60115887482387 102.10935346792274 101.96222037917263 101.04816608271082 99.30128992735725 99.98437685818263 101.8496526926864 100.19556797925395 102.94064284183575 102.86149136165535 103.47139038120908 102.82359578655749 101.5155348559688 101.59056707199356 101.56358213974035 101.51100034613889 101.10077608193038 100.91627059130839 100.6677478550241 99.86235500152006 99.17995614088018 97.29115214027162 95.57053329915645 90.51634410527639 88.39763328900244 95.28217820763115 95.54466820097826 99.91459513434849 53.122345781940865 53.88687893239483 54.53525715908225 -9999 -9999 -9999 -9999 -9999 -9999 -9999
102.03146520831596 101.84837066000611 101.88582908960379 101.68662559678052 101.7458092525439 101.95333993627555 102.00972954426048 102.22699992899074 102.40881320870697 102.54326917962254 102.45764322971952 102.29933995334396 101.48478485460798 101.78167717013599 99.21502336302629 98.09019210960885 98.65689179776311 99.62293963604024 100.18056585937533 103.34995866428959 103.77678889262253 103.4059829101099 102.62524271322194 101.73856373974432 101.27209085390975 101.4895535605861 101.44347407002435 100.81674101706945 100.47225193742737 100.26965678856392 98.99472658968355 97.86979950852698 95.17734758087629 91.34754861696307 87.41945243901931 90.84874292084335 98.42254531828954 98.86292609342304 98.78095605430552 53.82284656142586 -9999 -9999 -9999 -9999 -9999 -9999 -9999 -9999 -9999
101.78749015278308 101.894819117122 101.8077651459342 101.79717276667128 101.68500246112846 101.83192136031386 101.90387012802859 102.15015032258786 102.28540863207185 102.37444656397444 102.26638503213253 101.99575153503213 101.7659659035208 101.49957532138677 99.77062032055379 98.41207415616086 98.17431951446393 98.71835443166053 101.90601850307624 102.30590223891356 102.97795687684213 103.33511557215444 102.78264432336624 101.51492435936673 99.88646810861782 101.18081162503864 101.21341465511128 100.39983286004016 99.6217658933427 99.21731678126191 98.04050289361115 96.33406438703514 91.93329009097098 89.22312570079839 83.35998092061901 92.85134376530576 100.69368843195363 52.90412217200886 54.5324759074588 54.51041818811877 -9999 -9999 -9999 -9999 -9999 -9999 -9999 -9999 -9999
100.82785410527471 101.4077913430089 101.39596524749328 101.56204959226662 101.42328781705392 101.5485002804699 101.55233398215721 101.63475931354024 101.91437137521864 101.97756620402173 101.95273830025586 101.5097638882209 101.01183392651112 101.1415241205091 99.89203930872237 95.01358691457305 95.65249923302623 97.38444156177995 98.37265810831188 95.46214438009486 97.61455112263317 101.7650794220682 103.31596827083035 100.63578274465969 98.92536691293483 99.50724648285116 100.80497051711802 99.5416320786514 98.33496934960938 97.2350741322432 97.5857408099631 95.5980733600386 91.86252547554668 89.04244046975158 87.27817385598952 93.81767863359109 52.375451238604725 54.303821055014325 -9999 -9999 -9999 -9999 -9999 -9999 -9999 -9999 -9999 -9999 -9999
100.98378522811022 100.3943178468505 100.92488462906725 101.01081045727354 100.95071947698214 101.1717233000973 101.23858895035201 101.36819543657217 101.56235458426137 101.47048397094498 101.43788138687816 101.08737034794942 100.74067424330853 100.30490341729431 99.61384196588163 98.08838742446709 91.92913552194229 96.39046057789514 101.18194601705675 98.1950337966624 99.38134473181685 99.08216767434422 102.689078884747 103.39390051471804 102.14386546951711 101.67612865668835 100.75458932593371 99.28476524337752 98.98247502670519 98.53747987663714 97.78395396834416 94.8198453215915 92.24320876110758 87.77004276646319 89.87105605987311 96.61665263502931 53.898427944356534 -9999 -9999 -9999 -9999 -9999 -9999 -9999 -9999 -9999 -9999 -9999 -9999
99.96310595659016 100.34055781639252 100.4033132956424 100.574420981626 100.39697254419796 100.9540748452992 100.5883112272902 100.72109547693536 100.96666064154029 101.07142770302995 101.11818159610327 98.582333898857 99.21315819127103 98.48708076911394 97.20568224129576 96.30132932990509 90.77725411039242 91.6866391738349 98.73801186790948 100.45637717570192 92.90693255514246 95.85306687096534 94.26752527563802 96.18815440654006 100.83017230396162 101.99368169478115 100.50627053554837 100.58711578380671 99.21041187471639 97.6487760469667 95.67480980980609 94.60410918331601 92.37332341842554 84.41490046842867 88.75469341348042 51.17231174528645 54.47151991113088 -9999 -9999 -9999 -9999 -9999 -9999 -9999 -9999 -9999 -9999 -9999 -9999
98.95212726262514 99.39754382720072 99.93912334784332 100.4290497079038 100.79710360923171 100.9872148261106 100.28049267594129 98.79680539860759 100.3630090515711 100.64938060558893 100.62214765350143 100.29995174028721 99.9194239393244 99.338549945147 97.67821144301591 93.2305692452178 87.76743397982644 94.96711471771494 95.70928101655154 98.00296048947521 96.57205209812753 93.50737580411648 83.65120549476323 85.53221131733542 88.4118545187726 92.44647633286719 91.75276196376396 96.34916512496021 98.7986602528896 96.0219482705265 93.56473370384154 91.1331501678363 87.75084796151262 83.00517049433587 87.84148627696396 51.976888181182694 -9999 -9999 -9999 -9999 -9999 -9999 -9999 -9999 -9999 -9999 -9999 -9999 -9999
99.67664458287982 98.39501373993288 98.9793504797848 100.23369568165339 100.52667348711401 100.85530617219064 100.50194248656597 100.00126543709463 100.01226895207604 100.36838308366167 100.76578497621716 100.53456919471537 100.34272175079342 99.98901297962159 98.93200497015374 96.98847984800311 89.72068777757836 93.32155445362649 92.0532724163693 90.97287303225242 93.92960702639635 94.04343184991087 92.21873266730795 90.09278614294773 83.73768665643517 80.05734558871525 87.90817177062596 86.26056817979082 95.38988229757607 95.5098407028311 93.79829541339915 91.95188854585827 88.07137268365554 85.594618020624 87.06731713344351 57.249308760788225 -9999 -9999 -9999 -9999 -9999 -9999 -9999 -9999 -9999 -9999 -9999 -9999 -9999
97.87776430361853 99.36287311858696 97.41466624555507 98.83113738416269 100.3005628252048 100.57035547153754 99.4413015144052 99.19622530473335 98.7129936437657 100.1254218303413 100.70728672376393 100.5518220419982 100.50082246549805 100.02877267637983 99.12246443281609 97.66281776472249 93.44066790349548 88.49070026487367 85.30260095074043 87.23415631109093 88.34764276762273 85.5034551337185 77.83283265669621 91.1196543223737 90.68730109001753 88.18525491411062 83.59978582090201 80.15980678786887 87.96303734424296 91.89357930068627 93.82640216448958 91.31803435173316 87.2955789678803 86.64441947668884 87.66397016706972 57.50049394432516 -9999 -9999 -9999 -9999 -9999 -9999 -9999 -9999 -9999 -9999 -9999 -9999 -9999
96.75673212520253 98.3217754020346 98.02763216877833 97.76831916086715 98.66272000964968 99.8500940096709 99.03229326191317 97.97206007204663 98.87562368905225 99.44039740213076 100.3594506558735 100.53766143922635 100.50726703378668 100.39761081545369 99.7273071796179 98.79450376766985 97.60923326689647 96.12258602972912 93.1166028719592 88.17556001101116 87.49080714090796 86.29579575463711 84.3352716107538 82.80174759837503 78.38716318409435 86.54672398265181 87.51956104050333 82.08363777339875 79.41359592369056 84.41368494584813 92.7298133396018 91.93122848740099 88.68780056386058 84.80712327650393 88.27866890985109 57.49524378203611 -9999 -9999 -9999 -9999 -9999 -9999 -9999 -9999 -9999 -9999 -9999 -9999 -9999
94.07499341426904 97.4888829852588 97.46889781568161 96.2541655124645 97.92243851647359 100.06625423452755 99.89558917174568 97.56529433136522 98.10885812116533 98.77373241313882 99.66575073514402 100.38232404508973 100.43702683531191 100.32795665613504 100.1122966938505 99.3732740907111 98.77681431710934 97.67586903326742 96.31226290938343 94.99626807593094 92.60915130037166 90.2725922641448 89.23678495562905 89.20844957468351 88.12654371720565 89.3507941748834 86.55307648266344 84.18925268969922 82.98587721432584 84.62912321727248 87.6661203736823 91.01456722634943 86.24029872783251 86.5912424348082 86.47206680087406 57.51250213612948 -9999 -9999 -9999 -9999 -9999 -9999 -9999 -9999 -9999 -9999 -9999 -9999 -9999
93.16318632437735 94.22174446963905 94.7433017383458 96.38527751685677 98.03574850111882 98.56479017891787 99.39483595407992 98.19539486624024 98.94183401114238 97.30442634535669 98.62751344600512 100.38146922184372 100.68215063187385 100.4557097458476 100.3924520379423 99.8334188454403 99.3705771778115 98.55111818750565 97.7557106212566 96.3913632129318 95.31164684083387 93.52099030946968 92.25452074643168 90.70303425138549 88.17795461331883 88.48040511385129 87.05895922491662 85.40563803041908 82.28464536768406 82.52808457009115 85.47319789519453 89.29877300014414 88.14293280183907 88.85462794746537 91.14285419468116 51.49019253312946 -9999 -9999 -9999 -9999 -9999 -9999 -9999 -9999 -9999 -9999 -9999 -9999 -9999
