output/SWRB_rasterdif.asc
NCOLS 153
NROWS 173
XLLCORNER 628082.1585431173
YLLCORNER 5141515.270487413
CELLSIZE 30.0
NODATA_VALUE -9999
[rows 132 to 153 of 173, columns 50 to 99 of 153]
325.9230278111768 445.14098120686555 376.02811711465534 351.5082934490047 486.9501134133946 605.812810570737 641.1853438741339 655.3413462987241 664.642649920524 650.0208474212776 585.4507002563764 596.46018804955 583.2189531848144 639.2405509308574 678.7397658121834 502.87049144103196 242.10013007711422 163.01440415958953 266.46677494541166 324.8933693280333 293.3913696162548 321.3454005013116 366.82717131375074 498.18484645759236 666.5900588036063 678.4312718625034 543.4802601601357 453.4872027701469 439.72779272941995 581.9204998061147 583.055211075256 376.7506923165856 320.8954132435198 320.8955712970741 320.89627519513215 320.89750572436606 320.8992313846557 320.9014120564272 320.9040029560296 320.90695814018846 320.9102331541749 320.9137867412041 320.9175817389772 320.92158537373217 320.9257691617586 320.93010858778155 320.93458267993066 320.9369095921262 320.9369095921262 316.5293406795216
308.74900309342166 322.64406289840065 404.51806291974594 606.0602503071831 782.2057669016482 778.7810813395618 739.9370960027966 755.3857717701798 706.3970129116742 644.5352794208798 676.1525825010359 565.4977929517868 396.31520313436846 301.4788077102056 169.70837379457294 0.0 487.60601266941825 436.6886213095136 381.23846617448254 492.9241579905827 503.9519971230705 450.18255516863974 552.2730013792581 590.6815698668358 644.8042957554577 598.6170910872506 529.2924079147407 437.15556268147606 189.10987242847648 123.28384690969654 358.66412618487897 366.3289468732833 250.37129498724482 317.92230370261024 320.88524972508696 320.8866058680054 320.8884980074606 320.8908744372737 320.8936791383627 320.89685649087465 320.9003544530078 320.90412628814903 320.90813118874894 320.91233418868933 320.91670568585033 320.9212207970283 320.9258586800497 320.93060189520276 320.93144696085756 306.7457820658342
345.4710376234028 290.8787670261464 437.87109769848706 612.4839218548026 713.0873994829764 756.1319300909922 735.8765574023113 680.755108323054 638.3322452906015 647.2187060750249 529.3753885988269 325.08145262990837 92.54871052937045 0.0 0.0 0.0 0.0 380.2263425828329 693.2336684735354 658.0100267027384 639.3808228838576 676.3862023091714 758.0801165283007 717.6365962034837 684.3986074977579 648.0067552560325 443.2170497316576 229.39430641658168 186.3837779513694 127.17427301754971 264.46524422297233 589.116974706244 561.506546433651 339.1242566327988 320.8742455331254 320.87575470203655 320.87784608576123 320.88045192446145 320.8835015914491 320.8869277976113 320.89067011995024 320.8946763788152 320.8989026296798 320.9033124252562 0.0 0.0 0.0 0.0 0.0 0.0
351.4250794572341 384.5181747156569 538.8626241022732 548.1290965379904 551.6641875798244 545.8587753840953 525.8931754939615 518.6729641786604 522.7854477552589 366.5376582914319 255.75586423182457 175.1287103115306 170.10001245877075 250.07580980206495 307.8389332548958 334.79740426861105 230.18967015569484 218.58570937991814 271.83888509702933 374.5134751259193 478.9449208184783 486.0679367523673 560.2796998555601 615.6184176550855 608.1548104066306 632.5948551528727 650.5691986247307 595.9302544786993 556.7683946417598 586.0645648974601 351.7331309305655 82.96407617445493 267.7419310987478 398.7824810318995 320.8632712348216 320.8649703730419 320.86730324841244 320.87017957921927 320.8735099395925 320.87721349058376 320.8812212213873 320.8854762441341 320.8899325974344 0.0 0.0 0.0 0.0 0.0 0.0 0.0
592.6369030176153 648.258257452794 642.3801399057124 553.1420342345745 498.56905315032014 478.69658413586814 437.282686291635 402.6070769385878 358.6026665119222 317.80437918690865 187.86451121075112 166.6473392325324 265.02983924772235 325.09468420939464 415.33550325181847 428.55796631266554 409.892899262334 357.8184392937767 387.3488139700189 526.9594968444454 558.8561625158165 564.391964771521 426.96699783363977 335.8016186302759 322.25393123325375 388.01026916959097 620.0820321810583 801.030304588257 852.482908318359 763.7413664039653 645.1853230972163 705.7834894153774 701.5407896803749 493.03503122265107 318.96448978281825 320.85428071230575 320.8569099672479 320.86010629608813 320.8637568225672 0.0 320.8720577792525 320.87657195162143 320.88126263914785 0.0 0.0 0.0 0.0 0.0 0.0 0.0
657.567983940727 698.9696370917022 664.9193425694505 520.9501363883512 408.6743065506973 396.3882424728244 413.48479471361355 395.8119880081052 151.40349106111955 0.0 12.26757886688202 213.93650232106378 345.48334557885016 389.149962261545 407.7950324412755 416.22625480482816 355.06945792367685 322.06071508846816 314.87074951266806 451.5560437625632 426.50546504944896 431.48705045943507 641.2167686839414 662.1919047082001 568.8749625095719 374.78036792042724 274.8876919358747 361.241559333838 390.90364392212325 585.3863763412537 794.685817458293 804.9730181465261 690.5862979373717 438.58311619559083 323.973202014549 320.84373019074485 320.84672696435723 320.8503008701212 320.8543119570842 0.0 0.0 0.0 0.0 0.0 0.0 0.0 0.0 0.0 0.0 0.0
869.7709067393168 835.6966287781606 700.372193810273 454.5969052460409 239.90447187139733 324.1382143577522 433.08398785935213 516.3554293660632 597.1642987374194 507.5332605109406 466.5213866818651 599.4219703482938 638.4404497066286 594.1935731936937 539.0471746739789 511.59976990885923 551.5485375985191 657.1494620150469 649.2747967777728 536.9448623486359 716.582658137882 729.8796057407352 671.0460508026202 651.5728715922147 677.8074711455046 601.8208584260749 293.71859398605824 94.41772188958736 196.69930912397822 379.1963763111622 432.4128516320387 464.0377001854154 478.5158564026871 357.752740599756 322.33212639999425 320.83339310856076 320.8368471306826 0.0 0.0 0.0 0.0 0.0 0.0 0.0 0.0 0.0 0.0 0.0 0.0 0.0
755.613367550395 638.0041741617016 420.9834904791165 245.5216595402754 177.8317146717789 257.4125184350714 377.45379029125127 551.9543528036446 661.7779981177059 727.892340946072 858.7115520711352 808.497223193127 752.1659811390219 788.5224646079862 780.8159515377392 673.9093315245519 695.7910004556563 724.2704588575317 768.2570682682355 771.7790516255518 710.5634110707541 599.5423912818641 442.3445057843406 483.6715159642175 580.0761096758076 582.50953564316 614.2831613103838 626.339621101167 687.4983342141907 628.8670526901342 0.0 0.0 0.0 0.0 338.37595042310966 320.8233990699965 320.8274134437078 0.0 0.0 0.0 0.0 0.0 0.0 0.0 0.0 0.0 0.0 0.0 0.0 0.0
651.1221563264018 461.4306616951969 485.87211275730124 599.8100006093928 459.1512696114062 269.70038609822495 355.15067362203916 437.30844653853273 702.6636856598766 780.6115805293528 803.0750573628488 819.1244263822424 842.8075338024003 772.6806490007618 704.9773589352606 699.4429368950659 735.3692142981282 786.7522408782437 683.5981837725582 653.2656088553732 657.8943182478508 659.3563240385629 641.2986129951172 569.7960566541877 602.6313771379941 649.7697515202098 742.3901316586292 696.1315500191876 0.0 0.0 0.0 0.0 0.0 0.0 391.9415668022502 320.8139799826553 320.81864042586113 0.0 0.0 0.0 0.0 0.0 0.0 0.0 0.0 0.0 0.0 0.0 0.0 0.0
507.41131821267913 489.9151754711872 465.29737261722363 478.8090949284086 579.6054895080285 507.25454365995705 343.71124167415877 328.1876179111874 508.63534081727613 631.7860973179374 770.9964108473481 746.5625444277719 763.0426354174888 797.2566089520978 709.586492737061 640.2047425425591 736.1492035964172 721.6548814708382 567.8569486618146 512.3697222754472 424.15389025528066 489.35130801734186 668.7090225696892 683.9432183595063 566.2879753576414 0.0 0.0 0.0 0.0 0.0 0.0 0.0 0.0 0.0 224.15264030636203 316.68531249171986 0.0 0.0 0.0 0.0 0.0 0.0 0.0 0.0 0.0 0.0 0.0 0.0 0.0 0.0
720.9629124668003 645.7113312370299 601.5237888099447 661.5716956949138 646.0278936891721 606.243289581859 577.0685674882288 420.947825742154 466.6011307924236 511.86048656123097 468.6493719090763 678.5004738998571 748.7047983671471 635.941431511854 626.4799727347093 760.0035343906533 692.2136859046545 715.9836441655715 772.6651027662834 722.7109096131492 692.8643771312803 667.0721636560805 531.9680195775194 0.0 0.0 0.0 0.0 0.0 0.0 0.0 0.0 0.0 207.40382943231486 356.3226104693835 339.51024064521755 273.9164404077155 0.0 0.0 0.0 0.0 0.0 0.0 0.0 0.0 0.0 0.0 0.0 0.0 0.0 0.0
620.2972969957256 587.4634544368379 589.5960817574912 641.7557953439928 653.1797341722433 631.9777169168055 551.3398371973043 447.44819906856156 556.1112154768574 736.3568002476158 723.3513879028774 539.3444197904898 522.786839199791 653.6525127942771 652.0563109273954 781.7973716721104 843.5031356399533 774.1938910016112 655.1716189155821 669.3740180178723 680.6020144851828 569.9112597989689 0.0 0.0 0.0 0.0 0.0 0.0 0.0 0.0 182.0495866178293 402.48898793972745 497.94478742373974 304.8095726010705 44.75000827115375 0.0 0.0 0.0 0.0 0.0 0.0 0.0 0.0 0.0 0.0 0.0 0.0 0.0 0.0 0.0
488.5543179460027 413.09547456736817 550.1910933522156 654.2999656688704 648.8125064155055 742.5835840196402 773.8851047873516 741.6886712915737 515.1025085943943 484.8666771215719 554.3668051177193 483.9997735818192 300.86668316230566 333.2303999415429 654.1598731460258 793.3696304440873 749.4803340108471 745.2464800530969 715.6131867291434 598.7524219706381 224.8981695434479 0.0 0.0 0.0 0.0 0.0 0.0 197.1937934024412 439.4906549953482 620.2749867192365 712.3469560750946 580.0271865080348 298.76864826938413 154.6029172389307 39.339868892579595 0.0 0.0 0.0 0.0 0.0 0.0 0.0 0.0 0.0 0.0 0.0 0.0 0.0 0.0 0.0
753.2229193515145 620.1121826558227 555.6598259990399 740.2145821263734 761.4265525919113 747.7541447315066 738.3020975705751 628.0869603143414 453.2540880971445 347.0180438076572 475.3744035529264 677.9661800408495 817.1139153882455 771.7377554094655 692.0603397917517 682.1071391354244 672.3800949241513 714.5144447206535 619.9456653448326 0.0 0.0 0.0 0.0 0.0 0.0 0.0 456.2699770941252 629.1316956488498 663.3863306854013 564.9336161380246 357.3733558211125 52.17226156065727 0.0 0.0 0.0 0.0 0.0 0.0 0.0 0.0 0.0 0.0 0.0 0.0 0.0 0.0 0.0 0.0 0.0 0.0
645.649024835382 613.5443668699909 757.3652971161006 700.1261273920413 686.7214329570106 628.0932478614297 510.28326258303736 390.3433044440876 321.13935678245053 198.04590482952915 197.10169901159168 441.18554108827396 642.4147421518254 805.6608773912102 856.5516905583318 837.4531770965779 737.1932567605577 245.45816917185974 0.0 0.0 0.0 0.0 0.0 371.8394840292195 598.4364343686129 743.1938482950701 753.5682993781793 516.5090564046453 285.22604454549827 56.189380171765904 0.0 0.0 0.0 39.16071703220144 0.0 0.0 0.0 0.0 0.0 0.0 0.0 0.0 0.0 0.0 0.0 0.0 0.0 0.0 0.0 0.0
607.478598250271 615.1554952246225 768.6737324141834 825.0225175166497 794.2540604770646 758.2633172692998 553.3493116258272 535.2543798518258 433.86307691259674 317.80308469660287 410.53361482122875 522.7610757120389 586.0432761498936 457.6075728143739 0.0 0.0 0.0 0.0 0.0 289.26100035466925 551.6428711296924 671.1983343489824 783.2608475967346 833.8690796299243 819.8497986787405 617.5003106033754 308.0158106374308 289.6791575471722 532.9493573819731 864.4281468972767 865.0981111232496 865.6969614620876 866.7051004164083 691.8504486083034 0.8268853799293783 0.0 0.0 0.0 0.0 0.0 0.0 873.4763089050083 874.2883298050626 873.9484482754151 874.1270121674711 874.1762315343872 874.3653852699468 874.3519483751985 874.0471430298264 873.5754609182202
769.7977296085966 812.8403528657371 851.627108111162 840.458809730462 788.8806081995947 660.4823344863877 554.2678678312907 614.0500822452278 663.6303422939556 751.2265939146197 762.9382549731974 769.7108261567256 421.9432884059615 43.58996585490887 0.0 0.0 0.0 0.0 344.12755926107303 472.7994603112079 685.5028854159668 786.3594159427496 734.7250167089935 450.67280524668377 201.83792924580408 149.4417517466671 532.1051273505516 863.2284588702419 532.6602722504142 -9999 -9999 -9999 -9999 -9999 868.7984748333581 693.4067666356929 0.0 0.0 873.0031912717832 873.0894474398241 538.2893066024549 -9999 -9999 -9999 -9999 -9999 -9999 -9999 -9999 -9999
566.3081427971988 700.3788600280247 792.1275932214718 851.7627766103217 747.9882808417805 531.7429633955447 742.7133320228744 725.2105309322176 775.6194802706864 787.2377390986213 678.3289920495782 402.44129758646795 114.976913839802 0.0 0.0 0.0 294.78235301064035 510.21690133396555 562.7531520908736 522.7982700919348 334.1357766641774 168.09512535345954 39.56464295179359 0.0 323.8368412208155 433.14360156316116 0.0 -9999 -9999 -9999 -9999 -9999 -9999 -9999 -9999 -9999 873.1144490293102 538.9080251187662 -9999 -9999 -9999 -9999 -9999 -9999 -9999 -9999 -9999 -9999 -9999 -9999
414.0129109126176 408.1204102576679 517.5824161478841 556.4008323799417 556.5281917085437 758.6179132743291 783.7167856771389 864.4626045494099 873.3508000580428 825.546643966426 436.9032582290701 0.0 105.55423849777291 319.440831510189 558.2045465693826 580.7744982870354 413.49867999704276 176.24084601009065 188.9492123868185 197.72628552428426 153.2499230159571 204.5329639258288 459.56841843677523 603.3133419276663 543.7637503503411 532.3790852707443 531.7639208764485 -9999 -9999 -9999 -9999 -9999 -9999 -9999 -9999 -9999 -9999 -9999 -9999 -9999 -9999 -9999 -9999 -9999 -9999 -9999 -9999 -9999 -9999 -9999
682.8236005552341 698.9375297164827 532.7033022068597 286.2875972150243 357.2130794038539 561.083463905824 822.4111750123985 811.479100014202 495.3004748628781 0.0 0.0 0.0 266.1738477451128 238.9931954771307 121.7494228147604 118.36873502339056 302.1055463331567 425.15798317840563 265.84443970977344 261.88083663809516 447.1613662475226 453.63304361870763 530.6661102515541 860.3416981522233 860.8879810136128 531.14250179123 -9999 -9999 -9999 -9999 -9999 -9999 -9999 -9999 -9999 -9999 -9999 -9999 -9999 -9999 -9999 -9999 -9999 -9999 -9999 -9999 -9999 -9999 -9999 -9999
485.22913442012526 502.68771961754777 567.1137288775444 733.0743979857062 785.9430754643806 762.7619627926382 479.767463651892 0.0 0.0 0.0 351.51914680094336 285.50347571626713 104.54129239667745 182.59101991365242 323.5646003462176 368.9861069251188 434.8911037908356 393.7411328557879 520.8532923455803 689.909882617484 661.2638995224221 531.0001247378885 530.1083790010254 -9999 -9999 -9999 -9999 -9999 -9999 -9999 -9999 -9999 -9999 -9999 -9999 -9999 -9999 -9999 -9999 -9999 -9999 -9999 -9999 -9999 -9999 -9999 -9999 -9999 -9999 -9999
471.52105648985105 570.7784051373797 631.5026168491834 643.5032385700063 541.4655733055728 0.0 0.0 0.0 0.0 0.0 0.0 0.0 302.69019967701263 367.3589888068741 350.6421509486092 336.87439986183654 218.38928222879605 366.6783941501587 525.3898726452647 399.8691570406075 529.3603612820115 529.2532650365919 -9999 -9999 -9999 -9999 -9999 -9999 -9999 -9999 -9999 -9999 -9999 -9999 -9999 -9999 -9999 -9999 -9999 -9999 -9999 -9999 -9999 -9999 -9999 -9999 -9999 -9999 -9999 -9999
