output/SWRB_rasterdif.asc
NCOLS 153
NROWS 173
XLLCORNER 628082.1585431173
YLLCORNER 5141515.270487413
CELLSIZE 30.0
NODATA_VALUE -9999
[rows 88 to 109 of 173, columns 100 to 149 of 153]
601.2176127940708 619.5191569555028 615.6792581590862 548.1697347475264 479.23047086716707 390.34986872226966 288.7700289768006 190.15510537147165 135.98915845064863 94.55262323792392 0.0 185.94070985700526 230.15447101171614 271.51862238616815 256.0617159725353 228.8864461015869 217.3025879339417 295.40864589293693 437.43098623270663 455.99776852631214 428.7444724001543 423.77445966073816 426.09087690696697 423.1880513394037 397.24881018445643 359.12600141900344 334.2829623510596 337.66250920995316 350.81693082078596 347.667557533202 293.7768013863604 267.74406179558923 167.71823609414037 229.03577677284161 520.9506590695208 641.9139546617876 583.4989450251467 0.0 -9999 -9999 -9999 -9999 -9999 -9999 -9999 -9999 -9999 -9999 -9999 -9999
821.8396676860889 823.2982433873448 765.1279785880549 685.5044574006826 628.9090631982185 575.6676612083221 380.7395443922262 130.5631780876374 0.0 0.0 0.0 0.0 0.0 238.962055446207 253.32478194883663 301.5330245034684 304.7381364519085 269.9888811506296 330.0268543875867 402.003754169187 425.7582931938894 468.50425897322566 488.35520595997417 437.07542703443187 415.42733878600853 444.85094419891675 475.1308749354977 551.2329746503697 351.7557044074341 186.06496428290492 172.71800889044243 103.53694093300334 0.0 467.96022529077646 588.7060495057301 544.3076012174158 499.58817080513796 0.0 -9999 -9999 -9999 -9999 -9999 -9999 -9999 -9999 -9999 -9999 -9999 -9999
772.3685206115184 778.6226000204896 824.5865276524376 857.1216471641333 850.5325794299016 797.4670390261979 649.7288522469976 410.3934900070821 200.65358522203064 0.0 0.0 0.0 0.0 0.0 0.0 257.56487743652383 279.72252555151107 278.1045886946832 301.9326798221276 375.66707958262106 389.19681457191865 275.63079093069007 198.24868169933256 212.9415048971224 237.39027003528784 344.6106538236914 499.30252403554965 555.9786589344027 520.4965253689742 271.7370598962871 0.0 71.53867769920616 412.7756029020598 571.3269243960441 468.1289492908326 466.7777507036984 517.5841073745578 0.0 -9999 -9999 -9999 -9999 -9999 -9999 -9999 -9999 -9999 -9999 -9999 -9999
864.4137992970075 856.3243204593178 859.4818979998919 877.4349947890305 889.2122890467731 880.8832553906879 810.8826834531952 561.7265736903101 236.14003915551956 176.33848894352695 148.3104860843139 126.20542084987089 117.16943606312987 117.04461477458133 184.22843520546598 238.60388402963386 285.753647142126 315.39893460210646 344.36187525819656 353.0019623796385 255.77358749763712 257.2189372675461 309.7216449027725 250.63933340845787 227.77208897898365 283.66954192636774 323.88049811664746 297.3235513796777 271.78042886980165 298.1247021165664 37.2487514497126 0.0 0.0 0.0 335.5690265785564 400.7126778362558 678.0844824322272 0.0 -9999 -9999 -9999 -9999 -9999 -9999 -9999 -9999 -9999 -9999 -9999 -9999
497.2966809596224 609.0258582863105 710.1850401452734 699.4056361343885 669.8666230582187 691.9305330633454 740.8552923351656 746.5614695851921 720.6312450715292 489.13178671984485 241.87008378361645 152.5210940177286 159.2999753897107 145.14595054236725 182.27555333940592 260.69972309416113 279.3840966832379 307.8924696167301 326.86876080557613 317.3816682013373 288.6364250687201 311.3795816419314 321.79375288641285 332.1104268166606 332.41202268783604 273.60744492566187 249.27860031083475 256.2851820766594 260.61132501939966 301.95687619788686 243.82271809098967 22.47662833722305 0.0 0.0 0.0 662.1682317852009 797.1313822422129 804.2527410413525 0.0 -9999 -9999 -9999 -9999 -9999 -9999 -9999 -9999 -9999 -9999 -9999
685.2097424680561 642.8503921404473 725.5897285313076 692.247798749968 673.0339737075915 628.8261796553755 660.7563542339598 785.5780118629447 816.5697540619747 589.6798528859797 249.969101557303 118.62202068156046 116.13686975756308 111.2038176730325 107.76654621683167 201.42575756330584 273.9505752893661 306.84109558026455 346.66228720489227 381.07064971582093 375.8385224323333 366.35299048558926 360.0948222352074 388.97490619574864 411.7930037932292 392.5577989811061 345.2287901823582 273.231662736424 102.43166355738217 0.0 252.63663570207783 251.79567931051295 116.39187185590023 376.9169803200593 681.2404688936429 739.8561099904732 744.179919383709 728.4586810724666 739.7797282933999 0.0 -9999 -9999 -9999 -9999 -9999 -9999 -9999 -9999 -9999 -9999
798.93509852989 736.4613226040949 694.7668586316233 704.748285272305 718.4071499039578 765.8884483690334 802.9509362032638 701.0062828004486 482.83742141964495 416.70490149795125 441.5636979302152 355.5282597875836 268.57458329534353 243.63141358139063 228.2316879017906 189.24141352123553 254.33359828314596 293.79362331736155 317.25162913872566 390.0028157465678 437.65106431310494 466.49096343311805 442.37818875508134 370.5701069978885 354.17634996464926 369.55847034249064 388.40761527027763 384.9102333616201 175.95751864964933 0.0 0.0 362.4549625859248 353.1078229997098 443.8771443727509 463.73428830036187 476.1318372128683 535.4891630019055 662.3484163178534 681.8843591759966 0.0 -9999 -9999 -9999 -9999 -9999 -9999 -9999 -9999 -9999 -9999
608.5486071582856 592.0713343785113 577.7397293749759 615.4303776668714 649.4847357364724 691.6297512121992 653.0564299422681 549.4703472995067 603.1366110201034 722.2855387972522 708.5010067495037 533.712301308356 454.39106720018316 465.5975448180465 301.2520700015841 152.75690345113682 189.160980973745 278.5107581240882 305.58618058401566 415.5921975621696 452.5304245232907 490.69126799839364 491.7450015232632 447.0018524954272 409.2765776912411 363.90611456494355 280.0708265219115 208.56000170259642 276.79012957282777 289.81035930987287 142.0594953250079 343.51791791867856 552.5745930681538 325.7555627435274 335.2967178704032 329.38901603114545 311.0260497591718 0.0 0.0 0.0 -9999 -9999 -9999 -9999 -9999 -9999 -9999 -9999 -9999 -9999
455.1241550332849 480.7486716807268 528.8961075286935 559.7579093187333 613.4310704176968 601.6161467418095 501.01728569408164 636.2180040848519 747.547497316227 758.8217465134917 694.4044010324742 747.2458233214677 695.7089329772283 476.0165490000878 287.06053014712296 201.44756358143792 208.8809582532542 261.6336890887538 298.5128056436042 380.83841177092273 473.7796812651833 517.6566944528801 554.947685296907 565.6504852865438 509.67343842883884 374.92102375365573 259.1986650029517 210.3942329727398 398.46419146824377 455.285726061372 272.9722114230365 425.4209575156615 747.7820480912321 745.3698436577552 374.6044817156172 0.0 0.0 0.0 0.0 0.0 547.9452060463047 -9999 -9999 -9999 -9999 -9999 -9999 -9999 -9999 -9999
366.4153699800196 391.2171758178907 463.6393523745273 523.4919510715949 565.2438404366012 671.9684484913462 794.8163003348543 846.0828435631084 858.6972432369565 883.5943707077786 845.9282409858525 742.2147476274138 519.5943867829606 449.8991631059685 441.29224161824516 316.4276664423937 260.73525300010994 309.98314883771354 344.57008040306306 387.5523681592815 464.4791914526242 460.29740059393066 448.7089700837499 462.8558778957761 471.21098048751867 441.4589473380459 387.32597253567104 354.2927851499711 355.57124186407077 232.8881765659668 165.6068445830209 401.7960393519887 653.7421077589852 710.7020234148391 487.6164879957538 225.33986840791613 0.0 0.0 0.0 0.0 -9999 -9999 -9999 -9999 -9999 -9999 -9999 -9999 -9999 -9999
237.70122717008513 275.0916119214316 385.12160940775567 512.9955655791101 523.4311176708143 496.886873318484 507.2091055492022 530.8468805639095 595.0441511027199 683.8725746032466 689.3763289855725 723.4859765014794 685.3231654032829 644.1456953008673 600.0856934540902 552.5005559216116 461.7312993477071 393.19264566552306 321.71450842127 360.34058315110354 361.4149218990139 379.67206523922107 412.43730529257755 425.20104153993856 441.27362643070137 433.0603250286052 413.4395774383403 419.8712600920275 448.99861089408773 330.1559966506497 299.492612297586 404.2460950927272 385.6304142215113 393.8720674664032 619.2817832562035 531.2382292631306 81.48925527229211 0.0 0.0 0.0 -9999 -9999 -9999 -9999 -9999 -9999 -9999 -9999 -9999 -9999
280.8656821791303 300.6616020681505 317.2064992605021 365.865711012464 444.8635270928292 476.5745781611391 504.715515683103 532.5256639934938 564.8432475405145 619.0087079777887 705.3937415142407 823.2173622178487 847.4305481839672 799.9083363572751 727.8845390475823 693.5037383758932 691.1999662210651 431.2268334916172 303.2207868303794 381.45196175303244 374.6616929254094 403.66475028324254 401.8954598558201 390.17224403561215 402.0306092320399 425.3993873947172 456.3789279392845 443.3852393614933 422.03651213500655 122.14397010937108 0.0 343.42672901451857 381.96803693141396 351.71296133209046 361.87239638769705 304.06165710423227 315.63592496191234 548.5182675877129 548.5280606909719 -9999 -9999 -9999 -9999 -9999 -9999 -9999 -9999 -9999 -9999 -9999
246.7013665861661 318.8881640986399 340.5033439269635 357.4895507913775 368.5275445794369 400.53357848851033 430.98863650073343 474.4885856860739 509.6018748726948 546.9559724484196 608.7037226775184 656.0260256656787 696.409572873404 791.2812423043775 827.8200644089299 697.9744221141568 566.4517070588466 568.0628095674961 466.6507398802958 408.8940280151358 371.1516633486229 351.66700126781103 378.63022437853397 423.1014240249085 405.6543206308613 377.6032228356738 356.31422644913823 371.3932002796006 382.7793955289109 260.3764222439993 375.52952683918335 326.7909329818807 97.17981893461679 0.0 198.96744273495233 320.20811161466514 422.4835124697897 0.0 -9999 -9999 -9999 -9999 -9999 -9999 -9999 -9999 -9999 -9999 -9999 -9999
341.3182772667722 342.0299295128224 284.4495406817375 282.2739519489425 353.2037288388495 361.2610212847033 370.84691596864894 382.3154858063031 386.6557924090629 385.29231432005224 448.8442721904255 563.2009842926574 641.0578787572193 661.7004673924931 624.8313343476349 604.1566202339168 611.0911900321395 588.4975010810708 447.29810764573944 366.7121795146929 350.6306065928562 378.20508409417073 388.93636255886076 327.3365743163591 331.032568689838 336.19758611710216 371.4346644966325 398.4089453452285 349.3149516222103 227.78432965170683 386.3969572313821 450.88466448855047 313.6249959976526 252.5867349587783 141.15509650369924 403.8916300303886 607.4000681399574 576.9336294314262 0.0 -9999 -9999 -9999 -9999 -9999 -9999 -9999 -9999 -9999 -9999 -9999
230.16587209533364 264.88542399375297 372.8157649792508 372.36221991918984 358.12500591478124 357.132529497334 367.321386711028 391.62065733908986 394.9287214160471 390.1144591931287 394.48971322925513 401.37505612491145 390.1482385457987 406.6489895399474 410.82744347396954 392.83672556208126 439.8144250435687 481.3724447740567 439.50036659623385 389.58044880915554 384.11455303837175 386.72448164051866 369.2063596090887 327.36923643125965 284.89358511404083 266.2107640623419 288.0577143666305 342.02918929988385 129.64784451796237 0.0 568.9463165299719 585.3394668470502 437.8749384192531 201.48675003196564 87.85818221804848 0.0 375.00572779436976 585.8249155977054 0.0 -9999 -9999 -9999 -9999 -9999 -9999 -9999 -9999 -9999 -9999 -9999
0.0 287.39575027322746 364.85788543533636 391.5539067421061 362.2729171148125 345.6416557878986 326.5479060608267 321.2038373861695 319.6536595418102 296.3570163520208 242.23238996759707 226.6970893286469 230.32230237901754 268.65268420339964 300.44390896373477 297.83812721642596 284.64591423358985 294.9293175581342 281.23880944450156 283.36089630504694 332.95305885499937 370.3190932562587 324.4436293003865 245.28338971730338 51.003300984548176 0.0 67.28932829974944 0.0 402.8488680187199 381.52449290861813 130.16298854206812 0.0 280.2466099472968 208.7199464981031 24.354419250008323 0.0 0.0 427.0103297341613 0.0 -9999 -9999 -9999 -9999 -9999 -9999 -9999 -9999 -9999 -9999 -9999
186.35569629149853 208.39589970699595 237.64769666789638 372.67493481081306 367.3647381156437 367.0230889714184 356.8514654682861 342.63611531388983 314.89154630789 302.5104404689129 260.15369096074767 220.2690949552815 255.49878324998787 268.21600758242465 262.99894725602627 255.94602081779934 250.65806290839353 301.9067050842805 366.81165157677196 391.69447951642337 350.1370123784259 243.7077258558092 244.8596774670028 302.3300920893742 350.6605785589555 304.138965401147 122.23213349681745 62.41892469859031 0.0 0.0 103.40090335429947 0.0 143.84385066934925 204.52025408638016 151.8789507325267 158.57737984680267 216.15405344816224 233.5600874886269 0.0 -9999 -9999 -9999 -9999 -9999 -9999 -9999 -9999 -9999 -9999 -9999
398.1245262260207 351.2254777673298 387.7353570333692 380.8597796236687 351.713627348652 350.3810103562911 344.748471767736 281.80947363788255 195.44164246398466 0.0 0.0 0.0 0.0 0.0 216.06272104830848 246.53207132091774 0.0 0.0 0.0 0.0 238.41270687346997 207.42882314083568 146.43668747895828 201.14798213597686 429.01847917232374 344.24691535898324 259.61734946655133 208.25835705830957 47.59559332638015 0.0 0.0 171.54011657919241 59.54875149254136 0.0 349.242847566577 342.5472005468701 314.3302358292526 163.70755487115588 318.4796347454258 0.0 -9999 -9999 -9999 -9999 -9999 -9999 -9999 -9999 -9999 -9999
409.2491679071914 424.6878661122201 429.912896237814 354.8541841251623 345.2838797748609 276.59540692556584 130.02527388640655 27.20256746617461 0.0 0.0 0.0 0.0 0.0 0.0 0.0 0.0 0.0 0.0 0.0 0.0 0.0 124.35584132287295 75.8492848741396 114.86361219018958 177.27102593179228 317.3995827244096 382.75114710182265 142.15160489157188 0.0 0.0 236.89279193278344 200.72118389548922 198.65603545394703 140.5780940780728 240.54729627869793 284.70239529847714 253.55120412053643 231.2436777743423 142.29816758295266 0.0 -9999 -9999 -9999 -9999 -9999 -9999 -9999 -9999 -9999 -9999
675.3713582791286 551.169110909152 411.7544238436311 349.9933320394819 323.93985986201153 316.9282212407819 168.6675463090623 0.0 0.0 0.0 0.0 0.0 0.0 92.7538759213698 20.84097493729227 0.0 0.0 0.0 0.0 0.0 0.0 0.0 179.36389265792886 215.1573428443196 92.20944398019049 0.0 328.67009362822887 129.6763358832438 0.0 0.0 0.0 383.86744456054043 320.3191149787538 287.7564550176286 192.61862903273473 235.74655708571103 318.86802786571485 208.31492284446003 70.1032374178003 0.0 -9999 -9999 -9999 -9999 -9999 -9999 -9999 -9999 -9999 -9999
482.1888298822254 411.0694635923276 390.7310997775286 402.9138095734989 351.46221798213594 262.34982682530136 163.14143975169253 0.0 0.0 0.0 68.20841948310012 0.0 0.0 0.0 182.89816193576772 0.0 0.0 0.0 0.0 0.0 0.0 0.0 294.24111261072176 187.81653713896358 99.48868468214236 52.650119976497834 0.0 40.35536759410708 0.0 0.0 0.0 0.0 251.0849974872676 269.39280526712594 226.4206857639362 139.5554413702334 29.547018519359536 0.0 302.9528462230058 0.0 -9999 -9999 -9999 -9999 -9999 -9999 -9999 -9999 -9999 -9999
457.99706111844813 399.5934782240039 308.76880959036663 238.5900595470438 236.1770632689329 273.1364313359667 144.1545541879872 0.0 179.52920633555956 135.64988182351115 109.2040103875563 0.0 0.0 0.0 0.0 0.0 0.0 0.0 0.0 0.0 0.0 0.0 176.06434049502698 0.0 0.0 188.9371086297177 125.14095738300907 284.4099746742556 495.8973781382984 319.98772443539747 0.0 0.0 151.5435741080669 211.29484502816626 313.0965726562853 345.68128985633166 296.0104617992464 251.20039306649383 287.8559773440241 0.0 -9999 -9999 -9999 -9999 -9999 -9999 -9999 -9999 -9999 -9999
