output/SWRB_rasterdir.asc
NCOLS 153
NROWS 173
XLLCORNER 628082.1585431173
YLLCORNER 5141515.270487413
CELLSIZE 30.0
NODATA_VALUE -9999
[rows 132 to 153 of 173, columns 98 to 146 of 153]
100.72515041915965 99.74690419042203 95.60861510145578 94.48615807771972 96.06008952659708 96.08850896071993 96.50172415719601 96.13314350191769 100.04005576661464 99.44619355169915 98.60485363696237 97.04770454164688 96.35198034744276 94.8078984778778 92.83567504500861 91.69849996607172 91.40568310836859 87.95074795959395 92.64435112164449 91.17547078981903 99.69668495301063 103.23491714371352 102.63460371167717 101.64459801368642 100.64950027346917 102.64203425089516 102.4744999829177 101.80063181818853 99.54273824708736 98.00436153731386 98.4942171698569 98.52711072972667 98.10997486604721 97.5424849049709 96.95912854249354 96.0136746808182 93.45866211962593 94.28943076315487 95.71851518840096 94.42372312930529 98.50167201251232 98.66181024696279 96.92932956366897 93.98582896059561 91.90552598211963 90.17713313890478 89.74568604149162 88.07269936859525 93.05921046608161
100.29920836268315 98.1016628392009 91.42308760940821 92.49211779269451 96.83273591192864 94.77325123837403 97.93094297555088 99.89099639481076 100.22074561377946 99.97883531347362 99.87598405611976 98.87620404725125 98.22629998193102 96.26293375419932 94.11213481743201 92.50583567296808 91.82458235038145 85.25769999499256 93.43198755455774 97.17434226862585 96.3291857516726 102.9121596789347 101.58821949547428 100.30266356064016 101.74728254408748 102.21896413448142 102.02250744560043 100.68200986886539 99.21812676792396 98.76549444836444 98.51262010381431 98.45639466794431 98.50991366355034 97.76309415370429 97.26907869306694 94.51039566819655 93.04700180709975 95.50325535641552 98.3190473917158 97.66897423551596 96.6993363327197 98.13922361238849 96.41375252454117 91.86751074402477 88.88932727817004 87.29664246115301 90.57856353992734 85.04249468623121 89.41242830327815
99.49948779542558 96.7003936902455 85.50371604977838 80.1946219258396 93.36000645828199 100.78569223470087 102.79725644399745 101.73943360028515 101.00462990885212 100.13440395973981 100.22851878350308 99.20651412710998 98.03828114982761 95.90138858930342 93.22079967083913 87.45460521104746 89.47827616356206 81.75988499700784 92.47683454938822 98.62591376588988 100.8683882144458 101.82512995977304 99.32143102250339 102.27854573443771 102.91799761069859 102.63183818528437 102.03229087841216 100.14781519680609 99.67762238896094 98.92741330355182 99.12059173145029 96.61178396952968 98.74663248084006 98.30222900197228 97.8540028116852 96.20943529866318 95.41091060645796 93.52381901142584 97.7738035899749 98.98018267543678 94.38119849007947 96.19961368766853 97.22671028894311 93.24663943410464 90.10553344596106 91.19645171718652 93.17900084753718 88.55754506219377 82.79279922663481
98.36209698348503 94.62050459290367 86.03260782846179 87.05901304583 94.20209315563616 100.91973962829593 101.7401451250344 100.58666555583125 99.45937419950748 98.65028587270578 99.32155362896196 98.55297994917635 97.8174408460693 96.0162744199297 93.70848048212358 91.32671418631891 91.40617751594503 91.14784486684512 90.25649293594464 96.16780413186855 99.98445586276382 99.69938641303618 100.57745439285976 101.93414092692335 101.7705360542694 102.33937724004802 101.85294340079335 101.43544066413739 100.81519685415593 99.45768738318091 99.05967788952229 97.26205760457042 98.01080243697119 97.33097200489769 96.44255662905921 96.51213275161135 96.60752555239307 95.90395788539197 97.2206922489731 98.80767585857254 94.27177069044426 97.67262110099938 97.26816177819391 92.63630785896778 90.51837474843433 87.91071740959177 90.72642488820588 87.6846649023163 83.58176773733632
97.25912297432723 94.02820873079166 89.94717719309703 90.67917820991707 97.7976241605159 100.66642309613358 100.48153694011168 100.26079037277681 100.1243965137962 99.4723902549111 98.02339425900855 99.38331270615211 98.0708281461779 96.80999225959098 95.0785891191547 93.3009707368575 89.43199582092639 90.14055494370292 89.53151616898236 94.71436874997177 95.48694703956527 95.31241108141585 97.97616239661068 100.55661247525246 100.29138217558986 100.57826263645559 101.29471749187383 99.419037201719 100.30181119363495 100.87428299514983 100.59636070031549 100.38646361678526 99.87461796489065 99.54255495053525 99.27069328645604 98.83177729219737 98.31667174427922 97.37353301366478 93.49955691037455 98.31454677816751 96.05904584669067 97.1392714385344 96.56010659559044 93.62072486619171 91.38402510060007 90.65788856355476 91.7874086057691 87.85251613004735 86.52218277810383
94.73425068516448 94.1962284617111 93.73998130526918 90.37421653412774 89.82510825391994 101.5590264894115 103.21600914419459 102.38307927087243 102.53433325077563 101.65330944328156 100.04880991386354 99.77934990106682 98.66422582267322 97.03342100645453 94.61639027555812 92.91660266292337 89.85964570319118 85.57813969914946 87.8318277611534 91.92397215520434 98.89232120617031 99.18851742545137 100.24187961891096 101.78819879177871 101.87752255404031 101.53818892115147 101.56899502977951 101.08250409219723 100.56007498281366 100.34362612416061 99.99634702623484 100.01125794387781 99.42573293913755 99.27476405536105 98.86707875289346 98.33759366634716 98.12578351680622 97.65522111244202 96.03473544274861 93.67808240856998 92.9463206979386 93.06278436027374 94.18271490803376 91.8291313516351 93.09346308741318 93.03922082049192 91.70934606783678 85.11638875224403 84.70266731860745
96.71093437409655 97.21888597865629 98.65867891270376 97.9947540786468 93.71617559469414 100.27866608257321 103.83953218052129 103.56271268043143 102.87279687929416 102.12451175324274 101.30553373389456 100.58877922942331 99.19871846632408 97.6104316387268 95.17965295943847 92.46657978521027 89.80728163677136 90.42468199118859 91.0619560866592 88.5475836019064 97.74166677414844 104.13151330206813 104.00253392731797 103.15870994891843 103.27601430915153 102.73321257096893 102.34776630485298 101.7853224273763 101.26978920376715 100.37847708401122 100.09751586309187 99.90569772052172 99.55968894553521 99.37918399161315 98.39037566161424 98.07237628460639 98.09840254146812 96.65794599070715 95.48616547538414 92.61330105909865 92.12494751198336 89.89716101025884 90.5677855568471 89.4371872572806 91.25448889082902 92.38914506604374 92.43034323128556 85.44755199710606 85.41426556108348
98.08179938247653 98.49157095685786 98.5844965451905 97.52560615377348 92.98252416307717 98.60462293194772 103.71083641122223 103.2340990465702 102.14999128010693 101.83313262492207 100.95545587689844 100.30310489152276 99.43274215731287 98.2534877904414 94.74087046509527 93.54232246902974 89.84366046602122 91.5133895166347 95.7608572809532 93.31760949152182 95.06519116940505 100.11457104262257 103.39155507671336 103.81236298826641 103.7951227008968 103.35142960477883 102.8003302342813 102.11230713424068 101.79691373549156 101.3883680175892 101.06715968997804 100.20884486679347 99.48564786948043 98.57221451448925 98.16844492493748 97.72004263451839 97.11765464956659 96.15125779004495 95.10181705657858 93.47917440049096 92.45253160721472 91.2198194862605 90.28998188240764 88.11385178798456 82.5797722050594 86.60854041336675 92.544321067428 87.56019162673125 41.000030929647075
94.92092192088236 96.23591763390587 95.93631370556349 95.68613971784907 92.60922473165746 95.08355701253666 101.59422934248937 103.69729020203766 102.90110029419807 101.98582595354812 100.48233849265009 99.59191644096306 98.3352813658044 98.04596091411393 95.47927271227135 93.97549140419908 91.632474517246 90.33526380479036 93.30668940293582 96.92070790283884 95.46590826976859 96.9382669427794 99.72498799774827 102.84374648485067 103.50556241789091 103.18760805714749 102.65116088487531 101.76837777573758 100.30948134520241 99.76618786331387 99.64483777676152 99.2913925606211 98.7662068546363 98.04332410869424 98.00560196891027 97.56640537567786 97.00993339774779 96.06326428937389 94.97787732746265 93.17282438122108 91.98983113651454 90.31394547102816 89.06351286663633 86.56528409819477 82.31199115728181 86.25977680470115 91.95744310968554 47.76024477952112 53.34893779332633
95.24387765569433 96.59694373620441 91.09647544546269 89.4539435447133 88.34037245542612 92.01958284818575 99.31335775602187 101.92728405065266 102.09656031056015 102.05116432325197 101.59481504809197 101.59816713813974 99.9899567374125 98.97735616424043 97.11378760982147 96.73850433516675 96.12676916628737 93.90892826511377 93.3647851191844 96.83591847037361 96.896717301166 99.18319622433208 101.28910366327068 102.72150172839402 103.41600513884826 103.14311865937529 101.77831345219607 100.25174156812186 99.30043335981577 99.54273347243249 99.14412000886097 99.09468502964347 98.92293863923213 98.47170208274513 97.98666592063338 97.55284043706169 96.46013540444278 96.23734687626396 95.18840156597078 93.6340796792986 92.15590510286816 90.85054594180635 89.62394734326088 87.38448510283631 87.74992118607 81.62954910987999 87.7092358301829 49.17776733402947 -9999
92.21267036931759 94.97730743945733 95.57669420221349 96.58981020955929 96.44339756197768 90.61959112507036 100.52454640302604 101.60738482946098 102.03013855477926 100.75966588318214 99.29992742920066 98.15185458208124 99.20727572543791 98.5468592858464 98.48443467186699 98.11340170568988 96.91320632304381 96.26112748771486 93.8348697455908 97.25250606467458 101.67201827150119 101.21000286548771 101.19458442039935 101.62685731844508 101.71436964210899 101.57999498679472 100.6732729937783 99.11962634014662 98.90302596338914 98.2496728703849 97.48805488475894 97.65889378811971 97.79609057165524 97.60130069235049 97.13274151651112 96.52576257934281 95.64875740230833 95.56237957530584 94.94851882328983 93.77386192426006 93.21834608383956 92.45186295821675 90.17744169367278 87.0968270714266 84.70461031765385 87.59798412137047 90.44775353461225 55.92500732552883 -9999
89.09731075260773 92.4017191682041 94.49390339612414 100.8536901572011 101.19089159985498 100.30735719818976 100.95385608352949 102.43298514045269 101.78544643070053 101.28716040636074 100.14424364156326 99.92289313470118 98.72376353374523 97.39891101595025 98.26584518008906 97.67821029969248 96.54453407702832 94.49944520415873 91.57296998440142 94.61870343271879 99.81621819969313 100.81172426279993 99.46300802798592 99.6331748806751 99.66699017193623 100.96274732153864 100.24896909537419 99.03732234265749 98.17608026028041 97.55680472045051 96.3779626382282 96.22685495944711 96.02528130408234 96.27939931080472 95.67758709264412 95.9324904774716 95.41175326744074 95.16823357119509 94.03455094073239 92.89375357965021 93.30639914260405 92.99215190136545 91.22083319656349 89.03482457234942 86.59879507686614 88.94371317801976 49.43477832752206 53.93314090217442 -9999
87.9059111893111 94.02467212981273 97.07221759847273 101.3762675853681 102.96057681559817 103.34412946442266 102.93077746213612 102.23808681252365 102.5209290295667 102.24715276184332 102.44269031003896 102.38269321169315 100.6288199770011 98.90741415594879 98.76832600820678 97.59790547626571 95.92390234135917 94.69729412032869 92.61121350463861 91.34187060759285 97.08281378794631 100.77610471402961 100.92806884247592 100.47920034476516 99.88727131451171 98.1477351296708 98.22721184560321 96.7304577942673 97.48901890419764 97.19356945840754 96.73695249716627 95.48263502450672 94.98119018112311 94.19016939944697 93.1007942921851 94.92435013759236 93.99316470181964 93.11304921771081 95.03988553405637 93.09312245533765 93.3965784421027 94.11717839657746 93.20953825514759 90.83881265391918 87.07337031554208 89.86332163878743 52.59581880406017 -9999 -9999
89.53515470247653 96.14568642079138 100.43895187153147 103.61411858170874 104.40405556845974 103.93847405142037 103.98701010214131 102.06590497042299 103.15072607080386 102.98609790995279 102.76379273585103 102.31974025896604 101.51046358602225 99.23551542204503 98.57596881881356 97.27342126846183 93.23932495063336 91.04345729841627 87.78147277425836 90.56200986292923 91.10154480275834 96.76511668954292 99.74927018278512 99.05010647115081 97.04798341878207 94.00296953073683 96.43931797260171 94.76365771927544 95.41920113315739 95.2855121731754 95.01432895280934 95.17484620789233 95.01173988057472 94.06188816083473 93.01645193472501 95.79398791234793 95.4616729744231 95.73972694485172 94.97338472679903 94.34571664857825 93.28062795837006 95.31731315350898 94.14434394140326 91.96330453384779 87.5975245407628 91.10099873145877 57.49489400274207 -9999 -9999
93.87257819276822 97.78038824626475 100.10824002188548 103.05926473452013 104.54474919177422 102.55539736342841 99.42437720977797 102.97731101949103 101.50809137991334 100.53661526452771 101.30656986898877 102.06293308900483 100.9955787546839 100.90623634107848 99.73383319077736 97.68691728490396 95.37401588087664 94.46670492763788 93.26688934758042 88.97448156769504 88.31032435235794 92.07498885843914 94.21429310985029 93.28070846220268 96.00798991245051 93.73553653190034 95.69622800230418 93.16748767643378 91.28616816769326 93.18338903675786 91.53824305018156 94.18709794874538 92.97846152970878 90.4018123573068 91.55237582389654 93.58785518688954 92.993503708102 94.77136969961765 94.3242548497499 93.52909899996199 92.52654659304045 96.38041591057183 95.59283105704586 93.5317351942128 90.85113964754069 90.17405881652012 57.31803535093497 -9999 -9999
58.080445709500566 57.56094719328006 57.67331504909363 57.39067829180667 56.904975741633784 52.47140525525327 50.08614263247251 101.01963181840628 99.75238556786245 98.88803132405666 98.76172682226311 101.40507284879477 101.3880403293778 100.54998606610265 100.26926305649891 98.48516972204256 95.56103624707417 94.63175886469368 94.4991767700419 92.47550027149425 87.78372192734743 86.6819389712194 91.0267721018895 90.17461474535034 92.3828913075338 92.50386856394856 94.93982638347676 93.31477059314014 91.20751090376565 92.43350080848508 89.17228388262791 93.1561507444488 92.78074394184922 91.09534095035897 90.32686549068262 94.24953050938744 92.43205570606234 93.30678838262907 93.97098355427111 95.48908197260143 97.03939663158388 97.57212800647297 96.41537684564952 95.90355035425841 93.42757192454766 92.9786938836567 57.27862339221357 -9999 -9999
-9999 -9999 -9999 -9999 -9999 -9999 55.52903486331742 56.355776311918476 55.37465451365563 54.52051485516413 96.88698445591696 99.00033191717351 100.89449871254455 100.34299494464928 99.96741267854945 98.05106170883946 94.906506968951 92.99376109872146 89.86927230637882 88.21638011087555 82.33721958841801 87.90680656315482 91.53312868707053 89.13427253530861 89.58995413257506 89.72221816635918 96.8749195444148 94.81468634844131 90.82743653773765 92.1582101505183 90.8874863186037 92.52515213399266 92.17169249774715 92.73796925452581 93.45096638027935 96.2844384357093 97.16058337706824 97.70269824537391 98.65389586737409 96.56629896339909 96.79123166050955 96.07912102166476 96.35552070010053 96.04520428304151 93.2437871475467 93.92124678424065 57.289609734065344 -9999 -9999
-9999 -9999 -9999 -9999 -9999 -9999 -9999 -9999 -9999 55.51604227114356 52.50558641973925 98.78159078704914 99.44152872133311 100.17438683544553 100.94784753038583 99.00456299095428 95.28126857750054 90.86196834451368 90.77112914358536 90.28494913300368 79.83797589584641 85.43533312219438 88.57940314018876 91.38995320760277 91.96853404646708 88.48734307505411 89.44887835134642 96.86833455990774 91.07274445328551 91.04654601860594 86.9239232230248 90.44635380261992 90.96842790616093 93.10808241366463 92.21348176094463 95.36287380939483 96.24156537283231 96.99903418860059 97.57675650868954 97.10501020442175 98.69201625420676 98.25775226647917 99.33292201410653 98.43291305676375 94.8073442315918 92.96950064361016 57.49406027606794 -9999 -9999
-9999 -9999 -9999 -9999 -9999 -9999 -9999 -9999 -9999 -9999 55.430149097129544 53.3174047092829 98.44028685064656 98.3881660652541 99.35914610990359 98.88119074398954 94.23992250625614 94.27694438609655 93.3075921883471 90.85810564973612 87.46859309249909 85.21924270281232 87.91500659070084 93.1771125942143 92.07073765261208 46.34114313909377 52.23497694448453 56.83492653628256 57.691196687764624 57.39033049214336 57.41890328656497 52.49708052016325 46.1810748173157 91.88879997859016 92.92632184271855 92.84368670844908 93.95000304728025 94.21567142891756 92.15024964538273 93.67492156381748 96.22792771159713 95.9202197077557 96.08845831092755 95.60678344640206 98.26174494262867 49.297238607385566 54.41624262873522 -9999 -9999
-9999 -9999 -9999 -9999 -9999 -9999 -9999 -9999 -9999 -9999 -9999 55.356872835902934 51.468914062538964 99.06331638875129 99.13910633354172 97.76892230327073 98.00365410714753 97.7512657248209 95.65286078911531 93.27703320532828 89.24688179653646 83.57475829365137 73.95433357239763 47.05788423405872 49.11345252043091 54.72294301440236 -9999 -9999 -9999 -9999 -9999 -9999 54.81172274261657 57.010539394894806 51.18320431612293 46.596102243844314 93.65314277842724 94.19074694880948 93.07545896562841 92.73628450457063 95.41567579691112 93.75421913829234 91.5664231079781 94.51531657299331 100.5417202654605 53.47431649881825 -9999 -9999 -9999
-9999 -9999 -9999 -9999 -9999 -9999 -9999 -9999 -9999 -9999 -9999 -9999 55.1152297492866 53.16445143601648 52.56068498604444 99.34250826546926 101.52632777427311 101.65313489217088 97.71241738169911 94.42381647726017 91.95085402492327 88.76859561653592 81.80739811007413 52.556982201613756 -9999 -9999 -9999 -9999 -9999 -9999 -9999 -9999 -9999 -9999 -9999 50.62988600168198 47.57350752011017 93.05983577283533 93.17357148965193 93.14339828498392 94.5730097632131 95.46803141752845 94.94841380770848 99.70382721017026 101.9261574460711 56.95077687761187 -9999 -9999 -9999
-9999 -9999 -9999 -9999 -9999 -9999 -9999 -9999 -9999 -9999 -9999 -9999 -9999 -9999 54.37147281841691 51.17294442725043 98.79541912438695 98.99416139276602 96.48362574474767 95.8751229418508 93.11539925753635 45.90138129359919 51.06398359135154 52.990776866977015 -9999 -9999 -9999 -9999 -9999 -9999 -9999 -9999 -9999 -9999 -9999 -9999 54.62929780399359 52.87177549044726 49.01676652537446 95.27366785238023 95.68966884416716 96.08719214978416 96.95952352713599 100.70099598725967 51.051993948780044 53.98690132839194 -9999 -9999 -9999
