data/Bacino1/DemBacino1.asc
ncols        153
nrows        173
xllcorner    628082.158543117344
yllcorner    5141515.270487412810
cellsize     30.005356186400
NODATA_value  -9999
[rows 66 to 87 of 173, columns 100 to 149 of 153]
2946.468994140625 2937.030029296875 2930.861083984375 2921.822021484375 2911.97412109375 2903.155029296875 2894.51611328125 2881.447021484375 2872.47802734375 2867.55908203125 2870.530029296875 2868.341064453125 2866.14208984375 2862.383056640625 2862.27392578125 2860.39501953125 2860.114990234375 2860.114990234375 2860.114990234375 2860.114990234375 2860.4208984375 2860.114990234375 2865.27294921875 2879.5439453125 2892.10498046875 2910.696044921875 2929.43701171875 2949.01806640625 2985.429931640625 3025.381103515625 3053.23193359375 3085.383056640625 3122.50390625 3132.824951171875 3137.24609375 -9999 -9999 -9999 -9999 -9999 -9999 -9999 -9999 -9999 -9999 -9999 -9999 -9999 -9999 -9999
2970.178955078125 2958.1298828125 2941.381103515625 2928.903076171875 2917.763916015625 2910.264892578125 2899.51611328125 2887.287109375 2876.798095703125 2869.368896484375 2871.860107421875 2873.15087890625 2869.251953125 2864.3330078125 2863.93505859375 2862.56591796875 2860.114990234375 2860.114990234375 2860.114990234375 2860.114990234375 2860.114990234375 2860.114990234375 2860.114990234375 2874.924072265625 2889.2451171875 2908.406982421875 2926.97802734375 2946.59912109375 2989.580078125 3021.2109375 3052.681884765625 3079.512939453125 3113.464111328125 3118.9951171875 3121.035888671875 -9999 -9999 -9999 -9999 -9999 -9999 -9999 -9999 -9999 -9999 -9999 -9999 -9999 -9999 -9999
2978.678955078125 2972.860107421875 2949.251953125 2942.472900390625 2927.2939453125 2916.764892578125 2907.24609375 2895.297119140625 2882.4580078125 2874.908935546875 2874.090087890625 2878.0009765625 2873.113037109375 2866.053955078125 2863.0048828125 2860.506103515625 2860.114990234375 2860.114990234375 2860.114990234375 2860.114990234375 2862.131103515625 2860.114990234375 2863.923095703125 2877.0849609375 2886.216064453125 2905.556884765625 2923.3779296875 2943.069091796875 2982.93994140625 3020.2109375 3046.842041015625 3075.31298828125 3098.64404296875 3104.656005859375 3119.197021484375 -9999 -9999 -9999 -9999 -9999 -9999 -9999 -9999 -9999 -9999 -9999 -9999 -9999 -9999 -9999
2984.8291015625 2974.301025390625 2966.221923828125 2949.133056640625 2938.02392578125 2927.324951171875 2911.31591796875 2904.35693359375 2887.72802734375 2883.2890625 2877.75 2880.471923828125 2875.123046875 2869.993896484375 2860.114990234375 2860.114990234375 2860.114990234375 2860.114990234375 2861.05908203125 2863.169921875 2868.430908203125 2870.6630859375 2876.364013671875 2881.764892578125 2890.76611328125 2901.10693359375 2920.758056640625 2940.05908203125 2972.919921875 3014.7109375 3038.972900390625 3065.634033203125 3084.764892578125 3092.93603515625 3107.287109375 -9999 -9999 -9999 -9999 -9999 -9999 -9999 -9999 -9999 -9999 -9999 -9999 -9999 -9999 -9999
2987.449951171875 2978.0810546875 2964.8720703125 2950.423095703125 2941.68408203125 2928.02490234375 2916.756103515625 2903.596923828125 2896.097900390625 2887.6298828125 2878.37109375 2876.862060546875 2873.81298828125 2871.6240234375 2860.125 2860.114990234375 2860.60693359375 2860.114990234375 2865.549072265625 2869.591064453125 2874.10205078125 2877.27294921875 2882.50390625 2892.985107421875 2898.966064453125 2904.866943359375 2919.85791015625 2941.6689453125 2967.3310546875 3013.882080078125 3030.782958984375 3060.7939453125 3073.094970703125 3083.5458984375 3098.757080078125 3113.8779296875 -9999 -9999 -9999 -9999 -9999 -9999 -9999 -9999 -9999 -9999 -9999 -9999 -9999 -9999
2989.659912109375 2970.06103515625 2956.802001953125 2947.39306640625 2935.924072265625 2927.205078125 2913.43603515625 2905.9970703125 2892.698974609375 2886.330078125 2880.12109375 2873.431884765625 2874.072998046875 2868.833984375 2860.114990234375 2860.114990234375 2863.376953125 2863.698974609375 2871.280029296875 2875.180908203125 2878.83203125 2886.18310546875 2893.89404296875 2905.344970703125 2911.81591796875 2914.576904296875 2926.708984375 2946.14990234375 2975.48095703125 3013.83203125 3026.242919921875 3052.114013671875 3062.985107421875 3068.52587890625 3085.16796875 3106.5791015625 -9999 -9999 -9999 -9999 -9999 -9999 -9999 -9999 -9999 -9999 -9999 -9999 -9999 -9999
2945.699951171875 2939.071044921875 2930.632080078125 2927.123046875 2920.194091796875 2908.264892578125 2905.305908203125 2901.60791015625 2890.259033203125 2888.260009765625 2884.56103515625 2877.39208984375 2867.04296875 2861.263916015625 2860.114990234375 2860.4970703125 2865.35791015625 2874.448974609375 2882.4599609375 2882.240966796875 2885.112060546875 2894.052978515625 2905.033935546875 2916.955078125 2926.31689453125 2931.258056640625 2936.2890625 2953.340087890625 2981.39111328125 3017.31201171875 3022.193115234375 3037.803955078125 3060.325927734375 3061.0869140625 3074.637939453125 3097.64892578125 -9999 -9999 -9999 -9999 -9999 -9999 -9999 -9999 -9999 -9999 -9999 -9999 -9999 -9999
2920.56005859375 2909.291015625 2895.02197265625 2891.79296875 2889.35400390625 2886.43505859375 2889.68701171875 2891.97802734375 2894.89892578125 2890.550048828125 2880.410888671875 2869.201904296875 2865.403076171875 2852.843994140625 2856.3759765625 2861.8369140625 2871.468017578125 2879.658935546875 2886.7900390625 2888.85107421875 2895.44189453125 2905.802978515625 2911.64501953125 2923.64599609375 2932.697021484375 2941.55810546875 2948.928955078125 2973.739990234375 2983.60107421875 3010.092041015625 3022.404052734375 3030.0048828125 3053.696044921875 3062.18701171875 3068.387939453125 3098.908935546875 -9999 -9999 -9999 -9999 -9999 -9999 -9999 -9999 -9999 -9999 -9999 -9999 -9999 -9999
2925.68994140625 2906.7509765625 2887.4619140625 2881.193115234375 2878.864013671875 2878.656005859375 2877.3369140625 2878.927978515625 2885.5791015625 2882.639892578125 2869.77099609375 2859.951904296875 2851.492919921875 2844.264892578125 2840.506103515625 2852.26708984375 2861.117919921875 2868.408935546875 2888.2900390625 2895.071044921875 2906.373046875 2908.694091796875 2918.2451171875 2933.416015625 2939.10693359375 2942.137939453125 2958.319091796875 2987.1298828125 3003.011962890625 3006.322998046875 3013.243896484375 3022.675048828125 3051.406005859375 3062.697021484375 3067.66796875 3098.080078125 -9999 -9999 -9999 -9999 -9999 -9999 -9999 -9999 -9999 -9999 -9999 -9999 -9999 -9999
2927.260009765625 2910.341064453125 2892.281982421875 2876.722900390625 2881.6650390625 2883.845947265625 2880.31689453125 2875.14794921875 2874.888916015625 2869.909912109375 2858.091064453125 2851.572021484375 2840.553955078125 2831.294921875 2830.22607421875 2833.06689453125 2834.93798828125 2842.118896484375 2871.97998046875 2888.302001953125 2897.113037109375 2907.10400390625 2921.89501953125 2933.156005859375 2939.556884765625 2945.66796875 2963.949951171875 2992.56103515625 3007.701904296875 3012.06298828125 3020.654052734375 3025.405029296875 3037.535888671875 3056.577880859375 3067.428955078125 3089.02001953125 -9999 -9999 -9999 -9999 -9999 -9999 -9999 -9999 -9999 -9999 -9999 -9999 -9999 -9999
2935.449951171875 2914.98095703125 2896.251953125 2880.363037109375 2874.264892578125 2877.2958984375 2877.9169921875 2880.4580078125 2876.01904296875 2869.340087890625 2856.571044921875 2843.18310546875 2832.4140625 2825.2548828125 2814.825927734375 2813.5869140625 2810.7880859375 2825.330078125 2842.321044921875 2867.44189453125 2871.7529296875 2897.6240234375 2915.97509765625 2924.8359375 2937.677978515625 2952.638916015625 2963.010009765625 2988.821044921875 3003.172119140625 3013.85302734375 3030.743896484375 3033.006103515625 3032.9169921875 3039.887939453125 3062.3291015625 3088.070068359375 -9999 -9999 -9999 -9999 -9999 -9999 -9999 -9999 -9999 -9999 -9999 -9999 -9999 -9999
2935.330078125 2916.02099609375 2903.701904296875 2888.944091796875 2877.544921875 2872.866943359375 2872.866943359375 2871.72802734375 2871.60888671875 2865.260009765625 2856.14208984375 2839.443115234375 2830.053955078125 2820.625 2809.285888671875 2796.31689453125 2787.069091796875 2797.4599609375 2819.091064453125 2837.10205078125 2847.64306640625 2859.424072265625 2885.485107421875 2906.43701171875 2934.577880859375 2943.26904296875 2951.969970703125 2989.700927734375 2996.701904296875 3007.614013671875 3029.534912109375 3030.595947265625 3035.366943359375 3039.16796875 3057.12890625 3078.841064453125 -9999 -9999 -9999 -9999 -9999 -9999 -9999 -9999 -9999 -9999 -9999 -9999 -9999 -9999
2931.47998046875 2919.430908203125 2896.931884765625 2884.39404296875 2876.10498046875 2875.24609375 2875.797119140625 2872.887939453125 2867.26904296875 2856.5810546875 2844.342041015625 2831.722900390625 2817.5439453125 2803.175048828125 2797.72607421875 2781.22802734375 2767.319091796875 2774.2900390625 2796.73095703125 2808.31201171875 2810.952880859375 2820.614990234375 2852.51611328125 2858.947021484375 2849.51806640625 2869.39892578125 2936.840087890625 2957.672119140625 2983.322998046875 2999.64404296875 3011.304931640625 3027.74609375 3031.6669921875 3029.368896484375 3049.719970703125 3073.361083984375 -9999 -9999 -9999 -9999 -9999 -9999 -9999 -9999 -9999 -9999 -9999 -9999 -9999 -9999
2923.85009765625 2909.62109375 2888.383056640625 2880.81396484375 2877.875 2872.115966796875 2866.947021484375 2865.637939453125 2857.14990234375 2848.98095703125 2832.251953125 2811.093017578125 2798.593994140625 2795.875 2789.427001953125 2760.0380859375 2750.928955078125 2759.9599609375 2788.19091796875 2794.412109375 2799.073974609375 2799.9150390625 2803.31591796875 2812.60693359375 2829.657958984375 2843.279052734375 2850.6708984375 2884.35205078125 2928.863037109375 2940.25390625 2983.14501953125 3016.4560546875 3021.278076171875 3025.22900390625 3067.68994140625 3076.760986328125 -9999 -9999 -9999 -9999 -9999 -9999 -9999 -9999 -9999 -9999 -9999 -9999 -9999 -9999
2879.449951171875 2880.0419921875 2874.322998046875 2868.68408203125 2869.034912109375 2869.0859375 2862.70703125 2846.47900390625 2846.360107421875 2821.791015625 2822.531982421875 2793.29296875 2781.743896484375 2767.72607421875 2759.616943359375 2747.827880859375 2737.618896484375 2751.02001953125 2777.071044921875 2782.3330078125 2796.803955078125 2789.85498046875 2788.885986328125 2796.376953125 2807.827880859375 2816.800048828125 2833.821044921875 2851.81201171875 2870.492919921875 2890.864013671875 2932.3359375 2974.85693359375 3014.9580078125 3030.928955078125 3073.97998046875 3081.2509765625 -9999 -9999 -9999 -9999 -9999 -9999 -9999 -9999 -9999 -9999 -9999 -9999 -9999 -9999
2856.1298828125 2853.06201171875 2859.193115234375 2852.18408203125 2848.27490234375 2844.946044921875 2844.547119140625 2838.158935546875 2831.820068359375 2811.160888671875 2786.842041015625 2771.903076171875 2759.93505859375 2750.916015625 2747.346923828125 2737.51806640625 2723.408935546875 2728.780029296875 2740.261962890625 2745.762939453125 2757.343994140625 2768.594970703125 2774.865966796875 2780.93798828125 2792.26904296875 2805.169921875 2818.990966796875 2839.35205078125 2857.04296875 2868.614990234375 2925.805908203125 2962.14697265625 3010.177978515625 3028.218994140625 3053.551025390625 3075.741943359375 -9999 -9999 -9999 -9999 -9999 -9999 -9999 -9999 -9999 -9999 -9999 -9999 -9999 -9999
2859.409912109375 2843.322021484375 2848.423095703125 2845.68408203125 2841.945068359375 2836.5458984375 2837.16796875 2829.14892578125 2806.070068359375 2788.6708984375 2775.322021484375 2760.6240234375 2750.074951171875 2741.31591796875 2740.156982421875 2731.968017578125 2719.049072265625 2715.720947265625 2726.322021484375 2732.6630859375 2739.77392578125 2746.06494140625 2759.757080078125 2768.048095703125 2778.84912109375 2794.409912109375 2808.31103515625 2825.0830078125 2838.3740234375 2851.824951171875 2880.075927734375 2913.68701171875 2990.43798828125 3013.570068359375 3043.56103515625 3072.302001953125 -9999 -9999 -9999 -9999 -9999 -9999 -9999 -9999 -9999 -9999 -9999 -9999 -9999 -9999
2856.02099609375 2840.7119140625 2838.153076171875 2836.493896484375 2838.1650390625 2832.277099609375 2819.617919921875 2805.2490234375 2794.39990234375 2776.37109375 2760.302001953125 2750.464111328125 2743.81494140625 2737.115966796875 2735.4970703125 2729.947998046875 2718.139892578125 2709.700927734375 2717.85205078125 2722.242919921875 2721.783935546875 2731.2958984375 2742.85693359375 2755.14794921875 2766.85888671875 2782.10009765625 2796.60205078125 2807.593017578125 2821.9140625 2842.385009765625 2865.285888671875 2904.637939453125 2954.14892578125 2991.989990234375 3038.301025390625 3062.94189453125 3060.553955078125 -9999 -9999 -9999 -9999 -9999 -9999 -9999 -9999 -9999 -9999 -9999 -9999 -9999
2852.0810546875 2840.592041015625 2831.212890625 2829.404052734375 2828.364990234375 2820.027099609375 2809.097900390625 2797.2490234375 2793.10009765625 2777.5009765625 2752.68310546875 2745.81396484375 2738.945068359375 2732.68603515625 2731.806884765625 2726.799072265625 2718.489990234375 2706.930908203125 2709.64208984375 2714.5029296875 2713.14501953125 2720.946044921875 2730.027099609375 2743.51806640625 2755.759033203125 2770.041015625 2785.94189453125 2797.153076171875 2811.444091796875 2829.675048828125 2871.636962890625 2910.748046875 2945.14892578125 2980.530029296875 3021.950927734375 3051.032958984375 3066.50390625 -9999 -9999 -9999 -9999 -9999 -9999 -9999 -9999 -9999 -9999 -9999 -9999 -9999
2846.0810546875 2842.681884765625 2836.512939453125 2827.154052734375 2820.51611328125 2813.007080078125 2803.6279296875 2792.428955078125 2788.550048828125 2772.35205078125 2749.903076171875 2743.083984375 2735.094970703125 2730.666015625 2730.068115234375 2723.2490234375 2716.669921875 2706.591064453125 2704.701904296875 2708.31396484375 2708.864990234375 2714.075927734375 2723.487060546875 2735.548095703125 2748.72998046875 2762.6708984375 2775.60205078125 2789.39306640625 2803.034912109375 2821.035888671875 2875.4169921875 2915.91796875 2948.3291015625 2969.531005859375 3005.511962890625 3038.742919921875 3061.333984375 -9999 -9999 -9999 -9999 -9999 -9999 -9999 -9999 -9999 -9999 -9999 -9999 -9999
2850.071044921875 2844.14208984375 2840.27294921875 2833.77392578125 2823.756103515625 2816.757080078125 2804.197998046875 2790.529052734375 2780.159912109375 2767.632080078125 2748.1630859375 2739.993896484375 2733.175048828125 2729.326904296875 2728.39794921875 2721.12890625 2715 2707.260986328125 2702.242919921875 2703.694091796875 2707.125 2710.74609375 2722.217041015625 2735.118896484375 2744.3798828125 2756.6708984375 2772.402099609375 2790.573974609375 2808.014892578125 2829.196044921875 2854.26708984375 2912.43798828125 2942.550048828125 2958.85107421875 3002.001953125 3037.93310546875 3060.9150390625 3084.555908203125 -9999 -9999 -9999 -9999 -9999 -9999 -9999 -9999 -9999 -9999 -9999 -9999
2837.720947265625 2842.001953125 2839.3330078125 2834.85498046875 2832.2060546875 2827.85693359375 2819.498046875 2802.34912109375 2783.10107421875 2767.23193359375 2748.383056640625 2740.093994140625 2733.514892578125 2729.076904296875 2727.91796875 2719.09912109375 2715.090087890625 2706.751953125 2701.202880859375 2703.4541015625 2705.715087890625 2710.5458984375 2721.80810546875 2734.339111328125 2743.25 2756.77099609375 2774.153076171875 2795.00390625 2815.695068359375 2837.85595703125 2860.556884765625 2903.60888671875 2922.89990234375 2961.1708984375 3006.69189453125 3033.303955078125 3060.0048828125 3085.785888671875 -9999 -9999 -9999 -9999 -9999 -9999 -9999 -9999 -9999 -9999 -9999 -9999
