data/Bacino1/DemBacino1.asc
ncols        153
nrows        173
xllcorner    628082.158543117344
yllcorner    5141515.270487412810
cellsize     30.005356186400
NODATA_value  -9999
[rows 22 to 43 of 173, columns 50 to 99 of 153]
-9999 -9999 -9999 -9999 -9999 -9999 -9999 -9999 3330.381103515625 3317.83203125 3307.243896484375 3305.614990234375 3296.14599609375 3277.43798828125 3260.59912109375 3249.3798828125 3233.801025390625 3215.85302734375 3212.60400390625 3202.125 3193.466064453125 3190.468017578125 3174.80908203125 3164.989990234375 3154.83203125 3149.802978515625 3141.73388671875 3129.594970703125 3118.257080078125 3111.22802734375 3106.72900390625 3103.760009765625 3112.19091796875 3107.3720703125 3104.343017578125 3101.47412109375 3099.804931640625 3090.97509765625 3083.736083984375 3079.306884765625 3077.617919921875 3075.798095703125 3073.14892578125 3070.1201171875 3073.40087890625 3066.510986328125 3065.842041015625 3062.79296875 3062.552978515625 3063.25390625
-9999 -9999 -9999 -9999 -9999 -9999 -9999 -9999 3313.430908203125 3299.422119140625 3292.384033203125 3288.875 3280.85595703125 3262.556884765625 3241.469970703125 3232.781005859375 3219.123046875 3207.10400390625 3194.385009765625 3185.676025390625 3181.2470703125 3174.72900390625 3165.75 3156.4208984375 3146.19189453125 3136.79296875 3125.8349609375 3116.8359375 3108.596923828125 3102.048095703125 3098.339111328125 3097.3310546875 3096.011962890625 3095.971923828125 3091.673095703125 3089.614013671875 3087.385009765625 3079.845947265625 3076.216064453125 3073.6669921875 3071.738037109375 3069.888916015625 3067.409912109375 3065.260009765625 3065.791015625 3060.471923828125 3057.262939453125 3057.972900390625 3055.114013671875 3055.43505859375
-9999 -9999 -9999 -9999 -9999 -9999 -9999 -9999 3304.02099609375 3288.7919921875 3277.823974609375 3275.614990234375 3269.2060546875 3240.126953125 3224.070068359375 3219.321044921875 3210.123046875 3201.00390625 3186.885009765625 3175.256103515625 3171.116943359375 3159.118896484375 3153.5400390625 3138.720947265625 3125.751953125 3117.35302734375 3112.094970703125 3106.9560546875 3101.68701171875 3095.60791015625 3090.14892578125 3089.4609375 3091.902099609375 3095.592041015625 3089.4130859375 3082.114013671875 3074.594970703125 3072.535888671875 3070.575927734375 3067.656982421875 3065.258056640625 3063.339111328125 3060.929931640625 3057.7099609375 3061.14111328125 3056.741943359375 3055.153076171875 3054.883056640625 3048.614013671875 3049.22509765625
-9999 -9999 -9999 -9999 -9999 -9999 -9999 -9999 3303.56103515625 3282.7919921875 3260.5439453125 3250.64501953125 3243.8759765625 3230.537109375 3215.300048828125 3207.450927734375 3198.02294921875 3192.763916015625 3181.47509765625 3171.5859375 3160.177001953125 3151.908935546875 3138 3127.010986328125 3113.781982421875 3108.883056640625 3104.27490234375 3100.006103515625 3095.287109375 3089.818115234375 3084.6689453125 3087.73095703125 3093.402099609375 3090.281982421875 3080.81298828125 3070.18408203125 3067.594970703125 3066.656005859375 3064.716064453125 3061.89697265625 3058.927978515625 3056.698974609375 3053.840087890625 3053.360107421875 3057.281005859375 3055.2919921875 3059.153076171875 3055.962890625 3051.9541015625 3047.514892578125
-9999 -9999 -9999 -9999 -9999 -9999 -9999 -9999 3298.85107421875 3276.08203125 3258.1640625 3242.81494140625 3235.1259765625 3227.156982421875 3223.489990234375 3206.531005859375 3190.873046875 3177.1640625 3167.574951171875 3161.365966796875 3158.697021484375 3144.468994140625 3119.050048828125 3111.881103515625 3105.85205078125 3100.98291015625 3097.094970703125 3093.666015625 3089.136962890625 3084.407958984375 3079.93896484375 3083.81103515625 3086.33203125 3082.991943359375 3078.863037109375 3069.23388671875 3061.875 3060.01611328125 3058.575927734375 3055.777099609375 3052.64794921875 3050.739013671875 3049.2099609375 3049.64990234375 3052.40087890625 3055.23193359375 3056.383056640625 3056.693115234375 3054.243896484375 3052.81494140625
-9999 -9999 -9999 -9999 -9999 -9999 -9999 3327.8798828125 3295.81103515625 3273.48193359375 3253.992919921875 3236.465087890625 3229.406005859375 3224.43701171875 3228.889892578125 3217.111083984375 3195.822998046875 3178.50390625 3159.10498046875 3147.285888671875 3130.43701171875 3120.0791015625 3110.75 3104.31103515625 3098.662109375 3093.79296875 3090.364990234375 3087.06591796875 3083.287109375 3078.907958984375 3075.1689453125 3071.7509765625 3068.281982421875 3065.6220703125 3061.7529296875 3058.60400390625 3056.534912109375 3053.85595703125 3051.926025390625 3049.326904296875 3046.298095703125 3043.72900390625 3049.52001953125 3049.69091796875 3053.051025390625 3051.971923828125 3051.39306640625 3051.863037109375 3044.22412109375 3036.385009765625
-9999 -9999 -9999 -9999 -9999 -9999 -9999 3323.6298828125 3299.31103515625 3278.85205078125 3257.873046875 3240.43505859375 3230.345947265625 3227.306884765625 3231.1201171875 3226.35107421875 3203.923095703125 3177.823974609375 3156.77490234375 3137.416015625 3123.876953125 3113.0390625 3103.070068359375 3097.23095703125 3092.261962890625 3087.782958984375 3084.2451171875 3081.115966796875 3077.64697265625 3073.51806640625 3070.218994140625 3066.720947265625 3062.64208984375 3059.362060546875 3055.943115234375 3052.833984375 3050.18505859375 3047.68603515625 3044.51611328125 3043.18701171875 3042.738037109375 3042.158935546875 3043.489990234375 3049.180908203125 3053.111083984375 3046.902099609375 3041.81298828125 3035.053955078125 3026.283935546875 3021.425048828125
-9999 -9999 -9999 -9999 -9999 -9999 3328.51806640625 3309.6298828125 3288.2109375 3286.44189453125 3269.952880859375 3257.2451171875 3248.6259765625 3242.76708984375 3239.550048828125 3225.8310546875 3183.422119140625 3166.3740234375 3152.175048828125 3142.56591796875 3123.156982421875 3109.10791015625 3096.639892578125 3089.740966796875 3086.132080078125 3082.153076171875 3078.283935546875 3075.095947265625 3071.906982421875 3068.218017578125 3065.01904296875 3061.3798828125 3057.592041015625 3053.902099609375 3050.5029296875 3048.9140625 3048.5048828125 3047.325927734375 3044.3759765625 3042.47705078125 3042.2880859375 3040.759033203125 3040.75 3043.970947265625 3046.40087890625 3039.741943359375 3027.492919921875 3021.634033203125 3016.783935546875 3013.375
-9999 -9999 -9999 -9999 -9999 -9999 3319.137939453125 3282.52001953125 3262.240966796875 3252.431884765625 3249.572998046875 3250.35498046875 3247.8359375 3249.886962890625 3237.3701171875 3194.990966796875 3176.632080078125 3161.243896484375 3150.155029296875 3140.916015625 3129.70703125 3113.587890625 3098.639892578125 3087.3310546875 3079.672119140625 3076.373046875 3072.47412109375 3069.27587890625 3066.076904296875 3062.51806640625 3059.489013671875 3056.219970703125 3052.551025390625 3048.7119140625 3045.5029296875 3045.1640625 3045.324951171875 3051.27587890625 3049.236083984375 3044.116943359375 3040.7880859375 3041.0390625 3040.840087890625 3040.19091796875 3039.0419921875 3034.7919921875 3020.403076171875 3014.833984375 3009.205078125 3008.7451171875
-9999 -9999 3288.81298828125 3300.674072265625 3328.666015625 3329.096923828125 3293.6279296875 3269.60888671875 3247.37109375 3232.10205078125 3226.60302734375 3221.344970703125 3210.18603515625 3207.096923828125 3203.050048828125 3189.0009765625 3172.362060546875 3162.033935546875 3155.6650390625 3144.49609375 3138.876953125 3128.35791015625 3108.449951171875 3089.821044921875 3074.60205078125 3070.173095703125 3067.22412109375 3063.506103515625 3060.116943359375 3056.867919921875 3053.958984375 3050.830078125 3047.470947265625 3044.011962890625 3040.60302734375 3038.694091796875 3044.125 3048.656005859375 3048.717041015625 3047.366943359375 3043.18798828125 3041.2490234375 3044.1298828125 3040.56103515625 3035.652099609375 3026.501953125 3017.0830078125 3011.924072265625 3003.52490234375 3003.47509765625
3277.72998046875 3273.69189453125 3270.883056640625 3270.323974609375 3288.9560546875 3305.95703125 3291.498046875 3266.089111328125 3235.87109375 3219.94189453125 3207.123046875 3199.044921875 3188.74609375 3185.866943359375 3179.780029296875 3174.0009765625 3167.06201171875 3158.0439453125 3156.02490234375 3153.52587890625 3146.257080078125 3140.22802734375 3119.5400390625 3097.39111328125 3081.81201171875 3064.52294921875 3061.843994140625 3058.075927734375 3054.51708984375 3051.318115234375 3048.368896484375 3045.590087890625 3042.341064453125 3039.382080078125 3036.052978515625 3038.14404296875 3043.324951171875 3051.095947265625 3054.027099609375 3049.626953125 3044.097900390625 3042.089111328125 3043.260009765625 3032.490966796875 3026.31201171875 3022.251953125 3013.403076171875 3010.194091796875 3003.034912109375 2998.555908203125
3268.06005859375 3265.092041015625 3262.962890625 3260.364013671875 3260.93505859375 3280.2470703125 3279.05810546875 3239.428955078125 3216.631103515625 3205.5419921875 3195.472900390625 3187.215087890625 3178.595947265625 3173.037109375 3176.64990234375 3172.470947265625 3167.632080078125 3160.194091796875 3155.4951171875 3148.595947265625 3147.096923828125 3134.157958984375 3104.929931640625 3096.571044921875 3080.531982421875 3059.593017578125 3055.7939453125 3052.926025390625 3049.076904296875 3045.748046875 3043.029052734375 3040.22998046875 3037.35107421875 3034.322021484375 3031.373046875 3034.194091796875 3041.6650390625 3044.76611328125 3058.987060546875 3055.116943359375 3044.367919921875 3041.80908203125 3034.72998046875 3028.62109375 3021.64208984375 3015.873046875 3007.383056640625 3001.48388671875 2995.885009765625 2993.26611328125
3258.840087890625 3255.842041015625 3252.5029296875 3248.27392578125 3242.9951171875 3245.757080078125 3242.60791015625 3215.5390625 3201.19091796875 3193.27197265625 3184.9130859375 3177.14404296875 3172.865966796875 3172.3369140625 3174.090087890625 3165.87109375 3164.652099609375 3155.81298828125 3146.455078125 3141.56591796875 3138.556884765625 3119.677978515625 3092.9189453125 3082.200927734375 3068.69189453125 3053.593017578125 3049.944091796875 3046.764892578125 3043.306884765625 3040.177978515625 3037.6689453125 3034.919921875 3032.010986328125 3029.39208984375 3029.39208984375 3033.31396484375 3036.405029296875 3040.676025390625 3047.217041015625 3049.656982421875 3047.818115234375 3044.84912109375 3036.31005859375 3028.40087890625 3022.261962890625 3014.0830078125 3005.012939453125 2998.053955078125 2987.784912109375 2987.51611328125
3245.2099609375 3241.5009765625 3237.4130859375 3232.52392578125 3227.304931640625 3219.596923828125 3215.5380859375 3199.2490234375 3191.490966796875 3184.572021484375 3177.383056640625 3171.333984375 3172.635986328125 3174.007080078125 3166.449951171875 3163.240966796875 3154.23193359375 3143.322998046875 3134.27490234375 3120.676025390625 3128.56689453125 3117.798095703125 3079.739013671875 3064.531005859375 3051.011962890625 3047.742919921875 3044.2939453125 3041.054931640625 3038.297119140625 3035.327880859375 3032.51904296875 3029.550048828125 3029.091064453125 3033.031982421875 3032.43310546875 3032.4140625 3035.304931640625 3040.3759765625 3046.89697265625 3052.14697265625 3051.64794921875 3045.97900390625 3037.679931640625 3034.071044921875 3027.31201171875 3018.54296875 3005.18408203125 2995.614013671875 2982.7451171875 2982.365966796875
3228.97998046875 3224.970947265625 3221.06298828125 3216.72412109375 3212.675048828125 3206.85693359375 3197.35791015625 3188.779052734375 3182.801025390625 3176.761962890625 3171.35302734375 3171.333984375 3171.256103515625 3170.60693359375 3165.35009765625 3157.02099609375 3140.402099609375 3121.2529296875 3108.235107421875 3101.31591796875 3094.306884765625 3088.177978515625 3070.888916015625 3053.970947265625 3045.35205078125 3042.593017578125 3039.9541015625 3037.044921875 3033.95703125 3030.93798828125 3027.779052734375 3024.669921875 3023.9208984375 3030.1220703125 3034.4130859375 3035.333984375 3040.554931640625 3052.305908203125 3053.5869140625 3053.136962890625 3050.008056640625 3046.888916015625 3041.6201171875 3036.5810546875 3025.501953125 3014.383056640625 3003.364013671875 2988.553955078125 2978.514892578125 2977.18603515625
3212.929931640625 3208.950927734375 3205.02294921875 3201.1640625 3197.735107421875 3200.95703125 3188.818115234375 3180.0791015625 3174.610107421875 3171.35205078125 3171.333984375 3171.833984375 3173.916015625 3168.116943359375 3158.89990234375 3143.031005859375 3128.302001953125 3114.31298828125 3096.445068359375 3095.345947265625 3094.846923828125 3083.248046875 3068.14892578125 3049.94091796875 3040.8720703125 3037.992919921875 3035.634033203125 3033.135009765625 3030.1669921875 3026.637939453125 3023.85888671875 3020.320068359375 3023.44091796875 3031.172119140625 3036.222900390625 3039.864013671875 3042.8349609375 3058.365966796875 3059.18701171875 3052.547119140625 3053.3779296875 3051.14892578125 3045.5400390625 3038.52099609375 3017.412109375 3001.623046875 2990.2041015625 2980.02392578125 2979.52490234375 2972.8759765625
3198.929931640625 3195.8310546875 3192.29296875 3188.093994140625 3185.844970703125 3183.427001953125 3177.738037109375 3170.928955078125 3172.5400390625 3171.48193359375 3172.572998046875 3174.6240234375 3167.77587890625 3158.70703125 3143.5400390625 3132.551025390625 3117.73193359375 3101.6630859375 3091.875 3086.845947265625 3084.156982421875 3080.9580078125 3072.178955078125 3054.281005859375 3036.60205078125 3034.052978515625 3031.47412109375 3028.885009765625 3026.257080078125 3023.197998046875 3019.59912109375 3020.2900390625 3023.3310546875 3028.701904296875 3034.5830078125 3039.843994140625 3045.705078125 3047.6259765625 3054.14697265625 3044.826904296875 3052.087890625 3049.208984375 3036.949951171875 3026.65087890625 3014.741943359375 2996.972900390625 2982.573974609375 2980.98388671875 2981.235107421875 2974.81591796875
3187.929931640625 3184.9609375 3181.7529296875 3177.924072265625 3174.0048828125 3169.74609375 3165.387939453125 3161.549072265625 3160.300048828125 3163.412109375 3183.032958984375 3182.52392578125 3176.615966796875 3166.037109375 3151.300048828125 3138.19091796875 3118.172119140625 3098.35302734375 3093.77490234375 3086.325927734375 3078.31689453125 3071.738037109375 3065.529052734375 3055.280029296875 3033.89208984375 3030.403076171875 3027.674072265625 3025.034912109375 3022.2958984375 3019.35791015625 3016.118896484375 3019.6298828125 3021.40087890625 3022.721923828125 3026.512939453125 3032.75390625 3041.764892578125 3041.416015625 3037.257080078125 3033.927001953125 3033.10791015625 3031.22900390625 3024.699951171875 3017.291015625 2998.672119140625 2990.633056640625 2983.674072265625 2982.25390625 2980.735107421875 2979.27587890625
3178.35009765625 3175.781005859375 3172.58203125 3169.053955078125 3165.02490234375 3160.85595703125 3156.41796875 3152.759033203125 3150.10009765625 3148.19189453125 3154.10302734375 3182.154052734375 3181.656005859375 3174.45703125 3159.449951171875 3142.430908203125 3125.19189453125 3108.60302734375 3092.714111328125 3083.26611328125 3077.846923828125 3065.498046875 3049.029052734375 3041.10009765625 3034.092041015625 3027.693115234375 3024.35400390625 3021.235107421875 3018.506103515625 3015.887939453125 3012.948974609375 3010.260009765625 3015.5009765625 3019.751953125 3019.742919921875 3022.98388671875 3028.715087890625 3030.716064453125 3028.9169921875 3026.748046875 3024.498046875 3028.01904296875 3026.75 3016.31103515625 2998.951904296875 2993.77294921875 2984.60400390625 2985.02392578125 2978.784912109375 2975.74609375
3169.81005859375 3167.051025390625 3164.362060546875 3161.093994140625 3157.1650390625 3153.035888671875 3148.677978515625 3144.5791015625 3140.550048828125 3137.2119140625 3137.0830078125 3142.43408203125 3152.8759765625 3167.576904296875 3163.47998046875 3148.0009765625 3131.0419921875 3114.802978515625 3093.50390625 3085.075927734375 3072.096923828125 3057.427978515625 3040.069091796875 3033.780029296875 3029.3720703125 3025.492919921875 3021.93408203125 3018.284912109375 3014.8759765625 3012.197998046875 3009.68896484375 3006.489990234375 3003.430908203125 3006.27197265625 3010.843017578125 3019.964111328125 3024.925048828125 3024.89599609375 3024.616943359375 3020.508056640625 3014.137939453125 3006.14892578125 3000.27099609375 3000.27099609375 3002.281982421875 2996.98291015625 2988.174072265625 2981.8740234375 2977.9951171875 2974.986083984375
3162.570068359375 3159.430908203125 3156.632080078125 3153.833984375 3150.56494140625 3146.736083984375 3142.1279296875 3137.47900390625 3132.699951171875 3128.08203125 3123.363037109375 3124.1240234375 3123.824951171875 3134.406982421875 3147.56005859375 3143.90087890625 3132.73193359375 3110.222900390625 3094.75390625 3082.24609375 3070.556884765625 3054.468017578125 3038.0791015625 3032.110107421875 3027.98193359375 3023.722900390625 3019.60400390625 3015.4951171875 3011.74609375 3008.347900390625 3005.64892578125 3003.030029296875 2999.90087890625 2997.001953125 2996.193115234375 3008.073974609375 3022.9951171875 3020.595947265625 3024.95703125 3022.66796875 3014.85791015625 3008.819091796875 3001.989990234375 3000.27099609375 3001.2119140625 2997.883056640625 2992.35400390625 2987.4150390625 2979.56494140625 2970.8359375
3156.219970703125 3152.9609375 3149.842041015625 3147.2939453125 3144.89501953125 3140.99609375 3136.91796875 3131.68896484375 3126.6298828125 3121.302001953125 3115.923095703125 3111.864013671875 3112.294921875 3111.447021484375 3115.639892578125 3123.051025390625 3115.56201171875 3108.952880859375 3096.0439453125 3081.56591796875 3067.576904296875 3047.55810546875 3035.299072265625 3030.639892578125 3026.221923828125 3021.903076171875 3017.52392578125 3013.114990234375 3008.656005859375 3004.91796875 3002.05908203125 2999.6201171875 2996.910888671875 2993.741943359375 2990.962890625 2994.634033203125 3003.1650390625 3011.635986328125 3015.4970703125 3016.827880859375 3016.568115234375 3012.47900390625 3008.64990234375 3005.341064453125 3002.31201171875 2997.762939453125 2996.944091796875 2992.455078125 2981.284912109375 2971.8759765625
