data/Bacino1/DemBacino1.asc
ncols        153
nrows        173
xllcorner    628082.158543117344
yllcorner    5141515.270487412810
cellsize     30.005356186400
NODATA_value  -9999
[rows 22 to 43 of 173, columns 100 to 149 of 153]
3063.155029296875 3061.8759765625 3060.237060546875 3065.4169921875 3073.76806640625 3080.589111328125 3085.7099609375 3092.89990234375 3090.041015625 3085.572021484375 3086.822998046875 3082.464111328125 3086.6640625 3090.514892578125 3093.325927734375 3095.386962890625 3096.906982421875 3098.347900390625 3099.259033203125 3099.7099609375 3099.65087890625 3099.240966796875 3098.362060546875 3097.48291015625 3096.43408203125 3095.27392578125 3094.02490234375 3093.035888671875 3092.076904296875 3091.068115234375 3090.419921875 3089.971923828125 3089.56201171875 3089.45703125 3089.69091796875 3089.882080078125 3090.52392578125 3091.56689453125 3092.85107421875 3094.26904296875 3096.16796875 3098.37109375 3101.52294921875 3105.985107421875 3119.656982421875 3128.33203125 3143.111083984375 3162.589111328125 -9999 -9999
3055.26611328125 3054.166015625 3053.717041015625 3052.298095703125 3056.7890625 3061.68994140625 3060.489990234375 3066.19091796875 3066.8720703125 3073.873046875 3076.992919921875 3072.993896484375 3079.205078125 3083.52587890625 3086.876953125 3089.406982421875 3091.597900390625 3093.43896484375 3095.06005859375 3096.131103515625 3096.660888671875 3096.572021484375 3096.212890625 3095.52392578125 3094.635009765625 3093.534912109375 3092.595947265625 3091.717041015625 3090.818115234375 3090.1689453125 3089.35888671875 3088.969970703125 3088.700927734375 3088.73193359375 3088.943115234375 3089.462890625 3090.333984375 3091.2548828125 3092.39599609375 3093.737060546875 3095.366943359375 3097.248046875 3099.60888671875 3102.93994140625 3110.52099609375 3120.12109375 3137.06201171875 3154.1630859375 -9999 -9999
3046.946044921875 3045.825927734375 3045.70703125 3045.758056640625 3045.868896484375 3045.5400390625 3047.81005859375 3055.7109375 3056.6220703125 3058.35302734375 3061.2939453125 3064.52392578125 3071.014892578125 3075.865966796875 3079.60693359375 3083.008056640625 3085.72802734375 3088.299072265625 3090.419921875 3091.98095703125 3093.031982421875 3093.552001953125 3093.472900390625 3092.993896484375 3092.284912109375 3091.385986328125 3090.47705078125 3089.85693359375 3089.22802734375 3088.589111328125 3088.030029296875 3087.64111328125 3087.40087890625 3087.422119140625 3087.81298828125 3088.593994140625 3089.514892578125 3090.465087890625 3091.76611328125 3092.9970703125 3094.41796875 3096.009033203125 3097.87890625 3100.239990234375 3103.98095703125 3110.031982421875 3129.123046875 3140.802978515625 -9999 -9999
3044.8759765625 3039.93701171875 3037.89697265625 3038.47802734375 3039.118896484375 3039.010009765625 3042.450927734375 3051.091064453125 3051.612060546875 3052.552978515625 3052.73388671875 3057.97509765625 3064.094970703125 3068.676025390625 3072.806884765625 3076.64794921875 3080.01904296875 3082.9990234375 3085.68994140625 3087.65087890625 3089.172119140625 3090.10302734375 3090.50390625 3090.23388671875 3089.635009765625 3089.006103515625 3088.386962890625 3087.587890625 3087.197998046875 3086.7890625 3086.260009765625 3085.970947265625 3086.06201171875 3086.201904296875 3086.952880859375 3087.5439453125 3088.52490234375 3089.676025390625 3090.85693359375 3091.987060546875 3093.26806640625 3094.6689453125 3096.280029296875 3098.180908203125 3099.791015625 3104.302001953125 3120.212890625 3131.2939453125 -9999 -9999
3048.18603515625 3038.43701171875 3030.47705078125 3031.8779296875 3032.698974609375 3033.219970703125 3032.821044921875 3042.431884765625 3048.802001953125 3048.992919921875 3045.214111328125 3052.074951171875 3057.24609375 3061.865966796875 3066.31689453125 3070.41796875 3074.319091796875 3077.969970703125 3080.830078125 3083.31103515625 3085.172119140625 3086.31298828125 3087.02392578125 3087.18505859375 3086.89501953125 3086.51611328125 3086.007080078125 3085.427978515625 3084.9990234375 3084.62890625 3084.43994140625 3084.37109375 3084.382080078125 3084.903076171875 3085.593994140625 3086.553955078125 3087.514892578125 3088.825927734375 3090.01708984375 3091.077880859375 3092.239013671875 3093.549072265625 3093.489990234375 3095.23095703125 3097.451904296875 3100.572998046875 3110.653076171875 3123.464111328125 3136.715087890625 -9999
3045.256103515625 3032.257080078125 3024.238037109375 3026.218017578125 3027.09912109375 3027.510009765625 3028.39111328125 3028.862060546875 3030.302001953125 3048.693115234375 3043.4541015625 3046.7451171875 3052.4560546875 3055.366943359375 3060.10693359375 3064.488037109375 3068.888916015625 3072.989990234375 3076.430908203125 3078.842041015625 3080.951904296875 3082.52294921875 3083.5439453125 3084.044921875 3083.946044921875 3083.906005859375 3083.507080078125 3083.068115234375 3082.85888671875 3082.659912109375 3082.52099609375 3082.591064453125 3082.741943359375 3083.423095703125 3084.1240234375 3085.114990234375 3086.446044921875 3087.7060546875 3088.947021484375 3090.16796875 3090.0390625 3091.330078125 3092.510986328125 3094.0810546875 3095.882080078125 3098.27294921875 3101.93408203125 3108.735107421875 3123.24609375 -9999
3019.93603515625 3017.22705078125 3019.318115234375 3021.22802734375 3022.0791015625 3022.110107421875 3023.321044921875 3023.77197265625 3023.653076171875 3028.23291015625 3032.23388671875 3052.625 3049.736083984375 3049.22705078125 3054.278076171875 3059.1279296875 3063.4990234375 3070.610107421875 3071.470947265625 3074.412109375 3076.462890625 3078.383056640625 3079.674072265625 3080.5048828125 3080.89599609375 3081.027099609375 3081.05810546875 3080.85791015625 3080.6689453125 3080.449951171875 3080.65087890625 3080.902099609375 3081.1630859375 3081.68310546875 3082.573974609375 3083.7451171875 3085.18603515625 3086.616943359375 3086.657958984375 3087.89794921875 3089.1689453125 3090.530029296875 3091.87109375 3093.35205078125 3095.153076171875 3097.262939453125 3099.993896484375 3103.9951171875 3113.986083984375 -9999
3012.8359375 3012.096923828125 3014.718017578125 3015.72900390625 3016.37890625 3016.989990234375 3017.8310546875 3018.6220703125 3018.952880859375 3020.634033203125 3025.7041015625 3042.35498046875 3042.075927734375 3049.0869140625 3051.76806640625 3055.37890625 3061.928955078125 3061.409912109375 3065.77099609375 3069.52197265625 3071.883056640625 3073.714111328125 3075.553955078125 3076.6650390625 3077.345947265625 3077.81689453125 3078.117919921875 3078.218994140625 3078.208984375 3078.429931640625 3078.62109375 3079.2119140625 3079.613037109375 3080.174072265625 3081.054931640625 3082.43505859375 3082.466064453125 3083.987060546875 3085.5380859375 3086.958984375 3088.56005859375 3089.97998046875 3091.44091796875 3092.781982421875 3094.54296875 3096.573974609375 3099.14501953125 3102.756103515625 3109.51611328125 -9999
3008.35595703125 3006.72705078125 3009.68798828125 3010.51904296875 3011.199951171875 3011.5 3012.15087890625 3013.23193359375 3013.712890625 3016.22412109375 3020.074951171875 3025.324951171875 3041.47607421875 3052.64697265625 3054.847900390625 3054.9990234375 3050.89990234375 3055.489990234375 3059.791015625 3063.73193359375 3066.3330078125 3068.694091796875 3070.72509765625 3072.26611328125 3073.31591796875 3074.31689453125 3074.80810546875 3075.0390625 3075.489990234375 3075.990966796875 3076.490966796875 3077.2119140625 3077.962890625 3078.7041015625 3078.294921875 3079.696044921875 3081.20703125 3082.846923828125 3084.3779296875 3086.049072265625 3087.6298828125 3089.341064453125 3091.0419921875 3092.5830078125 3094.383056640625 3096.323974609375 3098.8349609375 3102.0859375 3107.626953125 -9999
3003.2958984375 3001.576904296875 3004.41796875 3005.239013671875 3006.550048828125 3006.801025390625 3006.910888671875 3007.8720703125 3008.73291015625 3011.333984375 3013.534912109375 3017.01611328125 3026.345947265625 3035.7470703125 3050.137939453125 3049.458984375 3050.06005859375 3049.861083984375 3053.672119140625 3057.422119140625 3060.403076171875 3063.154052734375 3065.655029296875 3067.51611328125 3069.027099609375 3070.287109375 3070.947998046875 3071.799072265625 3072.530029296875 3073.220947265625 3074.2119140625 3075.18310546875 3074.68310546875 3075.50390625 3076.85498046875 3078.35595703125 3079.927001953125 3081.55810546875 3083.34912109375 3085.069091796875 3086.739990234375 3088.660888671875 3090.382080078125 3092.302978515625 3094.2041015625 3096.22509765625 3098.635009765625 3101.885986328125 3106.51708984375 -9999
2998.416015625 2999.366943359375 3000.048095703125 3000.779052734375 3001.610107421875 3002.02099609375 3002.19091796875 3003.02197265625 3003.873046875 3006.64404296875 3007.955078125 3011.916015625 3019.406982421875 3030.93701171875 3037.218017578125 3041.3291015625 3038.52001953125 3041.990966796875 3047.06201171875 3051.02294921875 3054.532958984375 3057.694091796875 3060.425048828125 3062.5859375 3064.47705078125 3065.998046875 3067.299072265625 3068.43896484375 3069.510009765625 3070.041015625 3070.08203125 3071.373046875 3072.513916015625 3073.635009765625 3075.195068359375 3076.81591796875 3078.616943359375 3080.4580078125 3082.208984375 3084.139892578125 3086.0009765625 3087.89208984375 3089.922119140625 3091.883056640625 3093.98388671875 3096.2451171875 3098.805908203125 3101.757080078125 3105.97802734375 3113.548095703125
2993.216064453125 2993.876953125 2995.1279296875 2996.069091796875 2996.860107421875 2997.35107421875 2998.241943359375 2999.06201171875 3000.532958984375 3001.743896484375 3001.97509765625 3008.24609375 3017.93701171875 3023.22802734375 3026.638916015625 3029.84912109375 3027.5400390625 3034.541015625 3040.14208984375 3044.742919921875 3048.6640625 3052.2548828125 3055.534912109375 3058.006103515625 3060.056884765625 3062.008056640625 3063.62890625 3063.580078125 3064.930908203125 3066.321044921875 3067.7119140625 3068.962890625 3070.25390625 3071.81494140625 3073.446044921875 3075.39697265625 3077.298095703125 3079.22802734375 3081.10888671875 3083.159912109375 3085.111083984375 3087.2119140625 3089.302978515625 3091.48388671875 3093.924072265625 3096.324951171875 3099.055908203125 3102.18701171875 3105.988037109375 3111.5390625
2987.427001953125 2987.64697265625 2989.278076171875 2990.7890625 2992.090087890625 2993.0009765625 2993.842041015625 2994.762939453125 2996.56298828125 2997.444091796875 2997.965087890625 3000.845947265625 3021.037109375 3024.5380859375 3026.68896484375 3024.919921875 3025.739990234375 3028.010986328125 3033.58203125 3038.532958984375 3043.033935546875 3047.375 3050.74609375 3053.547119140625 3056.177001953125 3056.617919921875 3058.8291015625 3060.610107421875 3062.0810546875 3063.73193359375 3065.2529296875 3066.903076171875 3068.25390625 3069.985107421875 3071.97607421875 3073.967041015625 3075.988037109375 3078.069091796875 3080.110107421875 3082.110107421875 3084.321044921875 3086.511962890625 3088.742919921875 3091.23388671875 3093.824951171875 3096.49609375 3099.306884765625 3102.657958984375 3106.60791015625 3112.10888671875
2982.136962890625 2982.028076171875 2983.91796875 2986.529052734375 2988.070068359375 2989.720947265625 2990.471923828125 2991.60302734375 2993.053955078125 2993.3740234375 2993.945068359375 2996.01611328125 3004.0869140625 3007.427978515625 3016.93896484375 3017.0400390625 3017.10107421875 3022.950927734375 3028.1220703125 3033.093017578125 3037.884033203125 3042.47509765625 3046.095947265625 3047.64697265625 3050.6279296875 3053.428955078125 3055.759033203125 3057.820068359375 3059.740966796875 3061.402099609375 3063.093017578125 3064.864013671875 3066.52490234375 3068.51611328125 3070.555908203125 3072.76708984375 3074.9580078125 3077.029052734375 3079.050048828125 3081.2509765625 3083.471923828125 3085.903076171875 3088.443115234375 3091.053955078125 3093.8349609375 3096.666015625 3099.797119140625 3103.387939453125 3107.47900390625 3112.85009765625
2978.20703125 2978.718017578125 2981.367919921875 2983.30908203125 2984.81005859375 2985.89111328125 2986.8720703125 2988.802978515625 2990.053955078125 2990.405029296875 2990.93603515625 2992.756103515625 2994.826904296875 2995.488037109375 3001.089111328125 3005.989990234375 3012.131103515625 3018.011962890625 3023.222900390625 3028.173095703125 3031.2041015625 3035.7451171875 3039.93603515625 3043.697021484375 3047.197998046875 3050.34912109375 3053.25 3055.541015625 3057.700927734375 3059.422119140625 3061.1630859375 3062.993896484375 3065.034912109375 3067.27587890625 3069.4970703125 3071.778076171875 3073.948974609375 3076.089111328125 3078.419921875 3080.69091796875 3083.1220703125 3085.673095703125 3088.243896484375 3090.905029296875 3093.926025390625 3097.14697265625 3100.31689453125 3104.1279296875 3108.47900390625 3113.8701171875
2973.197021484375 2974.258056640625 2977.029052734375 2979.279052734375 2980.77001953125 2981.970947265625 2983.19189453125 2985.0830078125 2986.1640625 2987.014892578125 2988.615966796875 2990.14697265625 2992.93701171875 2995.998046875 2999.529052734375 3003.760009765625 3008.660888671875 3014.10205078125 3016.77294921875 3021.694091796875 3026.5849609375 3031.2451171875 3035.916015625 3040.01708984375 3043.988037109375 3047.6689453125 3050.77001953125 3053.571044921875 3055.842041015625 3057.873046875 3059.64306640625 3061.823974609375 3064.0048828125 3066.27587890625 3068.656982421875 3070.91796875 3073.178955078125 3075.530029296875 3077.791015625 3080.19189453125 3082.69189453125 3085.3330078125 3088.083984375 3091.044921875 3094.135986328125 3097.406982421875 3101.068115234375 3105.05908203125 3109.639892578125 3115.23095703125
2969.217041015625 2969.087890625 2971.55908203125 2974.3701171875 2976.2900390625 2977.220947265625 2979.06201171875 2981.262939453125 2982.4140625 2983.10498046875 2984.885986328125 2987.096923828125 2990.677978515625 2993.968994140625 2997.868896484375 3002.199951171875 3004.381103515625 3008.89208984375 3013.4130859375 3017.7939453125 3022.544921875 3027.325927734375 3032.056884765625 3036.757080078125 3041.048095703125 3045.089111328125 3048.6298828125 3051.5009765625 3054.132080078125 3056.43310546875 3058.47412109375 3060.864990234375 3063.135986328125 3065.365966796875 3067.76708984375 3070.18798828125 3072.59912109375 3074.97998046875 3077.3310546875 3079.7919921875 3082.373046875 3085.093994140625 3087.965087890625 3091.034912109375 3094.365966796875 3097.876953125 3101.798095703125 3106.0390625 3111.14990234375 3117.010986328125
2968.20703125 2963.97802734375 2965.80908203125 2969.169921875 2971.321044921875 2972.450927734375 2974.48193359375 2976.822998046875 2978.18408203125 2979.094970703125 2980.926025390625 2984.31689453125 2987.597900390625 2991.198974609375 2993.3701171875 2997.89990234375 3002.260986328125 3006.39208984375 3010.5830078125 3014.8740234375 3019.294921875 3023.926025390625 3028.68701171875 3033.587890625 3038.2890625 3042.639892578125 3046.419921875 3049.631103515625 3052.382080078125 3054.873046875 3057.364013671875 3059.77490234375 3062.2958984375 3064.636962890625 3067.068115234375 3069.68896484375 3072.169921875 3074.64990234375 3077.14111328125 3079.58203125 3082.363037109375 3085.18408203125 3088.125 3091.285888671875 3094.797119140625 3098.508056640625 3102.59912109375 3107.260009765625 3112.570068359375 3118.94091796875
2970.547119140625 2960.087890625 2960.05908203125 2963.280029296875 2965.591064453125 2967.132080078125 2969.343017578125 2971.943115234375 2973.763916015625 2974.715087890625 2976.825927734375 2980.406982421875 2983.778076171875 2985.43896484375 2990.070068359375 2994.87109375 2999.422119140625 3003.60205078125 3008.10302734375 3012.343994140625 3016.6650390625 3020.926025390625 3025.507080078125 3030.318115234375 3035.319091796875 3039.949951171875 3044.0009765625 3047.662109375 3050.883056640625 3053.56298828125 3056.154052734375 3058.7451171875 3061.256103515625 3063.777099609375 3066.427978515625 3069.05908203125 3071.7099609375 3074.430908203125 3077.02197265625 3079.64306640625 3082.472900390625 3085.3740234375 3088.39501953125 3091.68603515625 3095.3369140625 3099.26806640625 3103.678955078125 3108.5 3114.041015625 3120.931884765625
2969.806884765625 2961.76806640625 2954.428955078125 2957.719970703125 2960.490966796875 2961.842041015625 2964.173095703125 2966.7939453125 2968.583984375 2969.945068359375 2972.77587890625 2976.056884765625 2979.41796875 2982.509033203125 2986.14990234375 2991.0009765625 2995.98193359375 3000.883056640625 3005.60400390625 3010.155029296875 3014.06494140625 3018.3359375 3022.717041015625 3027.337890625 3032.2890625 3037.14990234375 3041.62109375 3045.572021484375 3048.992919921875 3052.02392578125 3054.81494140625 3057.555908203125 3060.216064453125 3062.947021484375 3065.677978515625 3068.489013671875 3071.320068359375 3073.9609375 3076.7119140625 3079.56298828125 3082.39404296875 3085.4150390625 3088.6259765625 3092.156982421875 3095.947998046875 3100.26806640625 3104.76904296875 3109.89990234375 3115.77099609375 3123.112060546875
2971.217041015625 2962.367919921875 2953.618896484375 2951.409912109375 2954.740966796875 2956.44189453125 2958.943115234375 2961.614013671875 2963.175048828125 2964.68603515625 2968.156005859375 2971.076904296875 2974.528076171875 2978.7890625 2981.3798828125 2986.9208984375 2992.27197265625 2997.702880859375 3002.6640625 3007.344970703125 3011.51611328125 3015.64697265625 3019.998046875 3024.55810546875 3029.638916015625 3034.64990234375 3039.19091796875 3043.27197265625 3046.89306640625 3050.194091796875 3053.375 3056.2958984375 3059.136962890625 3062.048095703125 3064.868896484375 3067.85009765625 3070.679931640625 3073.510986328125 3076.48193359375 3079.443115234375 3082.56396484375 3085.594970703125 3089.01611328125 3092.507080078125 3096.5380859375 3101.05908203125 3105.840087890625 3111.4208984375 3117.81201171875 3125.39306640625
2970.10693359375 2962.80810546875 2954.618896484375 2945.239990234375 2948.200927734375 2950.721923828125 2953.43310546875 2956.35400390625 2957.824951171875 2960.176025390625 2963.257080078125 2965.89794921875 2969.347900390625 2973.428955078125 2976.06005859375 2981.69091796875 2987.73193359375 2993.633056640625 2999.22412109375 3004.195068359375 3008.47607421875 3012.826904296875 3017.068115234375 3022.069091796875 3027.1201171875 3032.160888671875 3036.801025390625 3040.8720703125 3044.81298828125 3048.4541015625 3051.955078125 3055.006103515625 3058.027099609375 3060.968017578125 3064.12890625 3067.139892578125 3070.23095703125 3073.362060546875 3076.403076171875 3079.48388671875 3082.655029296875 3086.0048828125 3089.466064453125 3093.2470703125 3097.35791015625 3101.93896484375 3107.110107421875 3113.180908203125 3119.85205078125 3128.012939453125
