data/Bacino1/DemBacino1.asc
ncols        153
nrows        173
xllcorner    628082.158543117344
yllcorner    5141515.270487412810
cellsize     30.005356186400
NODATA_value  -9999
[rows 110 to 131 of 173, columns 50 to 99 of 153]
2631.762939453125 2649.845947265625 2663.7548828125 2675.967041015625 2693.968017578125 2722.9609375 2738.0009765625 2766.200927734375 2786.656005859375 2798.72802734375 2805.301025390625 2806.556884765625 2799.577880859375 2799.56298828125 2794.56396484375 2798.0849609375 2794.136962890625 2786.468017578125 2784.68896484375 2786.909912109375 2780.031982421875 2781.302978515625 2778.053955078125 2778.534912109375 2769.305908203125 2766.907958984375 2755.638916015625 2737.169921875 2706.430908203125 2695.23291015625 2686.93408203125 2681.97509765625 2686.486083984375 2672.717041015625 2669.529052734375 2671.27001953125 2689.301025390625 2716.2529296875 2735.614013671875 2740.784912109375 2745.9970703125 2750.7880859375 2744.0791015625 2734.14111328125 2715.322021484375 2703.693115234375 2699.3349609375 2692.656005859375 2687.97705078125 2649.367919921875
2623.092041015625 2635.74609375 2644.97705078125 2656.695068359375 2675.259033203125 2696 2722.83203125 2738.658935546875 2764.01806640625 2789.7109375 2800.716064453125 2800.176025390625 2795.113037109375 2790.8740234375 2786.72509765625 2789.736083984375 2788.097900390625 2782.5791015625 2778.780029296875 2776.111083984375 2776.242919921875 2774.7939453125 2770.235107421875 2767.785888671875 2757.737060546875 2724.2890625 2708.530029296875 2693.801025390625 2681.58203125 2673.7041015625 2666.43505859375 2659.97607421875 2655.14697265625 2652.097900390625 2655.3701171875 2660.220947265625 2678.3720703125 2708.4541015625 2730.7548828125 2739.325927734375 2744.97802734375 2736.009033203125 2710.1201171875 2696.2919921875 2665.623046875 2655.75390625 2661.85595703125 2669.376953125 2643.85791015625 2643.05908203125
2613.0400390625 2622.094970703125 2627.85693359375 2641.781005859375 2657.555908203125 2679.614013671875 2697.7041015625 2714.30908203125 2735.875 2760.205078125 2797.618896484375 2793.6669921875 2792.12109375 2789.9951171875 2782.785888671875 2776.81689453125 2778.589111328125 2778.989990234375 2780.781005859375 2777.251953125 2768.22412109375 2767.304931640625 2759.18603515625 2751.366943359375 2730.697998046875 2707.35009765625 2691.220947265625 2676.02197265625 2664.282958984375 2656.074951171875 2647.8359375 2643.14697265625 2641.278076171875 2641.339111328125 2644.73095703125 2663.092041015625 2666.98291015625 2675.3349609375 2715.26611328125 2725.797119140625 2722.3291015625 2713.669921875 2687.200927734375 2659.14306640625 2648.214111328125 2642.85595703125 2638.5869140625 2639.60791015625 2643.14892578125 2641.739990234375
2599.52099609375 2603.998046875 2612.568115234375 2627.0048828125 2644.4208984375 2663.718017578125 2682.531005859375 2701.65087890625 2721.94189453125 2762.23095703125 2783.5029296875 2793.77197265625 2789.40087890625 2790.006103515625 2782.64697265625 2773.739013671875 2766.3701171875 2771.65087890625 2778.69189453125 2776.093017578125 2770.22509765625 2762.49609375 2754.487060546875 2737.76806640625 2706.360107421875 2691.821044921875 2676.261962890625 2663.492919921875 2651.1640625 2643.0859375 2640.626953125 2636.9580078125 2633.218994140625 2638.930908203125 2639.681884765625 2647.77294921875 2661.98388671875 2669.97607421875 2675.39697265625 2680.60791015625 2682.219970703125 2678.6708984375 2649.952880859375 2643.31396484375 2640.43505859375 2628.89697265625 2640.738037109375 2642.968994140625 2637.360107421875 2633.62109375
2579.1708984375 2587.68701171875 2600.240966796875 2616.2109375 2633.59912109375 2655.347900390625 2672.5849609375 2696.031982421875 2719.152099609375 2755.39306640625 2778.092041015625 2788.666015625 2786.22412109375 2779.297119140625 2775.278076171875 2767.159912109375 2761.821044921875 2756.241943359375 2760.532958984375 2765.444091796875 2757.64599609375 2754.447021484375 2743.587890625 2716.84912109375 2690.281005859375 2675.48193359375 2665.54296875 2653.823974609375 2645.7451171875 2638.5869140625 2635.137939453125 2631.428955078125 2624.889892578125 2619.922119140625 2627.802978515625 2634.924072265625 2649.925048828125 2655.427001953125 2656.248046875 2666.510009765625 2663.5009765625 2643.471923828125 2621.964111328125 2606.22509765625 2604.02587890625 2608.197998046875 2630.198974609375 2628.330078125 2627.87109375 2622.08203125
2571.070068359375 2577.735107421875 2590.427978515625 2605.06396484375 2625.06005859375 2642.89892578125 2658.68603515625 2689.822998046875 2714.65087890625 2749.35400390625 2762.662109375 2770.31103515625 2775.677978515625 2777.028076171875 2771.638916015625 2761.381103515625 2756.572021484375 2751.06298828125 2738.944091796875 2736.215087890625 2738.047119140625 2730.72802734375 2728.7890625 2710.110107421875 2673.681884765625 2662.5029296875 2654.823974609375 2645.875 2641.1259765625 2637.548095703125 2632.80908203125 2626.469970703125 2619.1708984375 2613.202880859375 2616.593994140625 2623.385009765625 2630.22607421875 2636.1279296875 2641.799072265625 2634.87109375 2631.501953125 2618.2529296875 2600.31494140625 2600.10595703125 2600 2600.009033203125 2600 2600.031005859375 2600.19189453125 2617.133056640625
2568.259033203125 2570.989990234375 2581.138916015625 2597.5419921875 2614.72900390625 2629.284912109375 2641.095947265625 2666.802978515625 2701.169921875 2736.512939453125 2750.85205078125 2758.10302734375 2767.158935546875 2772.178955078125 2768.070068359375 2763.822021484375 2752.952880859375 2742.98388671875 2730.364990234375 2725.166015625 2717.278076171875 2712.569091796875 2695.010009765625 2673.23095703125 2659.242919921875 2648.56396484375 2645.47509765625 2638.5859375 2637.277099609375 2634.928955078125 2632.0400390625 2623.410888671875 2612.44189453125 2610.093994140625 2615.764892578125 2619.5458984375 2623.597900390625 2627.868896484375 2615 2614.511962890625 2611.04296875 2600.174072265625 2600 2600 2600 2600 2600 2600 2600.903076171875 2617.85400390625
2564.94189453125 2566.5419921875 2574.1708984375 2586.412109375 2600.446044921875 2615.748046875 2631.323974609375 2648.319091796875 2681.9140625 2710.72607421875 2727.29296875 2751.466064453125 2762.60009765625 2767.300048828125 2766.781005859375 2760.822998046875 2754.9541015625 2745.3349609375 2732.8359375 2717.197021484375 2713.1689453125 2710.429931640625 2688.260986328125 2667.06201171875 2650.083984375 2641.544921875 2636.446044921875 2629.81689453125 2629.30810546875 2625.81005859375 2628.531005859375 2616.422119140625 2600.952880859375 2602.5849609375 2614.406005859375 2617.5869140625 2615.799072265625 2608.06005859375 2600.051025390625 2600 2600.013916015625 2600 2600 2600 2600 2600 2600 2600 2600.2041015625 2616.56494140625
2558.508056640625 2563.367919921875 2568.156982421875 2577.320068359375 2595.47607421875 2604.18994140625 2618.22607421875 2639.514892578125 2662.889892578125 2699.81689453125 2729.26611328125 2742.404052734375 2752.006103515625 2755.970947265625 2756.922119140625 2755.52392578125 2755.81494140625 2746.216064453125 2737.467041015625 2717.508056640625 2715.820068359375 2707.010986328125 2683.7919921875 2662.81298828125 2646.56494140625 2635.676025390625 2624.22705078125 2617.80810546875 2612.76904296875 2604.200927734375 2600.511962890625 2600.093017578125 2600 2600 2600.027099609375 2600.077880859375 2600.110107421875 2600 2600 2600 2600 2600 2600 2600 2600 2600 2600 2600 2600.125 2610.47607421875
2554.583984375 2559.8349609375 2558.52294921875 2579.075927734375 2591.946044921875 2601.471923828125 2614.14697265625 2632.52587890625 2660.587890625 2685.806884765625 2715.825927734375 2720.889892578125 2727.490966796875 2732.781982421875 2738.43310546875 2748.344970703125 2750.466064453125 2747.487060546875 2730.927978515625 2720.14892578125 2716.5810546875 2705.912109375 2683.173095703125 2659.9140625 2644.236083984375 2630.527099609375 2618.798095703125 2608.509033203125 2600.169921875 2600.241943359375 2600 2600 2600 2600 2600 2600 2600 2600 2600 2600 2600 2600 2600 2600 2600 2600 2600 2600 2600 2609.4169921875
2553.68408203125 2556.22607421875 2558.87890625 2574.863037109375 2588.945068359375 2596.159912109375 2603.152099609375 2624.64208984375 2667.823974609375 2681.10791015625 2686.72900390625 2687.044921875 2687.89208984375 2693.962890625 2705.0439453125 2717.0458984375 2716.22705078125 2714.097900390625 2709.708984375 2711.31103515625 2712.201904296875 2699.722900390625 2679.303955078125 2655.235107421875 2642.886962890625 2629.748046875 2619.759033203125 2608.530029296875 2600.152099609375 2600 2600 2600 2600 2600 2600 2600 2600 2600 2600 2600 2600 2600 2600 2600 2600 2600 2600 2600 2600 2600.60791015625
2553.132080078125 2556.928955078125 2559.4580078125 2570.9150390625 2576.4169921875 2583.868896484375 2595.738037109375 2616.85205078125 2639.239013671875 2660.02294921875 2665.802001953125 2665.376953125 2661.5400390625 2667.073974609375 2660.8349609375 2672.156982421875 2672.798095703125 2692.22900390625 2691.8798828125 2697.6220703125 2696.52294921875 2684.72412109375 2662.77490234375 2652.14599609375 2644.14794921875 2633.7890625 2622.22998046875 2608.4208984375 2600 2600 2600 2600 2600 2600 2600 2600 2600 2600 2600 2600 2600 2600 2600 2600 2600 2600 2600 2600 2600.1279296875 2600.368896484375
2552.533935546875 2557.197021484375 2559.1298828125 2567.9619140625 2573.7109375 2583.5439453125 2594.532958984375 2606.531982421875 2624.658935546875 2641.27099609375 2643.238037109375 2649.68603515625 2652.8701171875 2653.514892578125 2652.0859375 2654.60791015625 2656.5390625 2660.31005859375 2667.700927734375 2676.85302734375 2673.573974609375 2667.56494140625 2660.756103515625 2663.126953125 2654.18896484375 2636.89990234375 2618.9609375 2607.0419921875 2600.114013671875 2600 2600 2600 2600 2600 2600 2600 2600 2600 2600 2600 2600 2600 2600 2600 2600 2600 2600 2600 2600.138916015625 2605.929931640625
2549.991943359375 2553.7939453125 2554.2490234375 2560.41796875 2572.22900390625 2582.846923828125 2593.659912109375 2604.783935546875 2625.0791015625 2626.885986328125 2631.7890625 2645.072998046875 2643.258056640625 2647.9560546875 2656.616943359375 2649.4189453125 2643.3701171875 2641.531005859375 2641.922119140625 2644.364013671875 2650.14501953125 2660.256103515625 2676.987060546875 2665.468017578125 2650.8798828125 2628.81103515625 2618.23193359375 2608.722900390625 2600.074951171875 2600 2600 2600 2600 2600 2600 2600 2600 2600 2600 2600 2600 2600 2600 2600 2600 2600 2600 2600 2600 2600.10107421875
2547.669921875 2547.528076171875 2549.89111328125 2553.428955078125 2561.946044921875 2571.576904296875 2586.596923828125 2607.298095703125 2616.6201171875 2627.2470703125 2634.868896484375 2636.337890625 2641.944091796875 2648.60693359375 2652.498046875 2639.3798828125 2625.660888671875 2628.261962890625 2625.403076171875 2631.35498046875 2642.76611328125 2667.947021484375 2660.907958984375 2653.218994140625 2632.031005859375 2624.23193359375 2621.31298828125 2615.85400390625 2600 2600 2600 2600 2600 2600 2600 2600 2600 2600 2600 2600 2600 2600 2600 2600 2600 2600 2600 2600 2600 2600
2539.174072265625 2541.23095703125 2543.448974609375 2542.0380859375 2544.94091796875 2565.8798828125 2576.132080078125 2598.031982421875 2612.194091796875 2622.407958984375 2625.56396484375 2636.2548828125 2643.7939453125 2647.3779296875 2640.279052734375 2628.631103515625 2623.287109375 2623.287109375 2623.287109375 2624.156005859375 2631.616943359375 2651.41796875 2654.12890625 2635.030029296875 2627.31201171875 2625.35302734375 2619.5439453125 2605.35498046875 2600.10693359375 2600 2600 2600 2600 2600 2600 2600 2600 2600 2600 2600 2600 2600 2600 2600 2600 2600 2600 2600 2600 2600
2535.39111328125 2537.365966796875 2535.02490234375 2533.404052734375 2536.819091796875 2542.14697265625 2563.572998046875 2572.0029296875 2588.31396484375 2604.7529296875 2619.708984375 2631.35791015625 2637.083984375 2630.049072265625 2626.85009765625 2623.4619140625 2623.623046875 2623.47412109375 2623.287109375 2623.287109375 2623.238037109375 2620.0390625 2619.139892578125 2612.510986328125 2624.79296875 2616.553955078125 2612.1650390625 2600.095947265625 2600 2600 2600 2600 2600 2600 2600 2600 2600 2600 2600 2600 2600 2600 2600 2600 2600 2600 2600 2600 2600 2600
2527.72900390625 2533.175048828125 2528.7509765625 2526.27587890625 2523.2490234375 2534.669921875 2552.9990234375 2570.10595703125 2583.02587890625 2595.633056640625 2606.010009765625 2620.488037109375 2620.235107421875 2617.22998046875 2622.741943359375 2624.56298828125 2635.89404296875 2634.06494140625 2637.736083984375 2632.988037109375 2625.4990234375 2618.6298828125 2609.801025390625 2601.113037109375 2600.013916015625 2600.06494140625 2600.006103515625 2600 2600 2600 2600 2600 2600 2600 2600 2600 2600 2600 2600 2600 2600 2600 2600 2600 2600 2600 2600 2600 2600 2600
2519.756103515625 2524.260009765625 2521.5400390625 2517.91796875 2517.072021484375 2521.883056640625 2530.719970703125 2544.214111328125 2565.472900390625 2578.672119140625 2595.304931640625 2602.407958984375 2606.909912109375 2618.591064453125 2627.68310546875 2631.98388671875 2636.955078125 2641.47607421875 2639.547119140625 2634.239013671875 2628.489990234375 2621.930908203125 2601.491943359375 2600 2600 2600 2600 2600 2600 2600 2600 2600 2600 2600 2600 2600 2600 2600 2600 2600 2600 2600 2600 2600 2600 2600 2600 2600 2600 2600
2518.14599609375 2518.05810546875 2517.611083984375 2516.092041015625 2516.717041015625 2519.44091796875 2528.10693359375 2542.4130859375 2557.031982421875 2569.263916015625 2576.154052734375 2588.491943359375 2592.8798828125 2598.931884765625 2620.243896484375 2626.5849609375 2637.115966796875 2637.4970703125 2627.5380859375 2620.75 2610.680908203125 2593.672119140625 2597.962890625 2600.294921875 2600.055908203125 2600 2600 2600 2600 2600 2600 2600 2600 2600 2600 2600 2600 2600 2600 2600 2600 2600 2600 2600 2600 2600 2600 2600 2600 2600
2517.9580078125 2516.574951171875 2515.839111328125 2515.238037109375 2516.27197265625 2520.056884765625 2533.56396484375 2545.6240234375 2546.37890625 2550.928955078125 2550.806884765625 2561.866943359375 2560.26806640625 2588.23291015625 2604.31494140625 2612.81591796875 2621.777099609375 2613.26806640625 2592.59912109375 2592.410888671875 2593.10205078125 2600.962890625 2607.714111328125 2602.716064453125 2600.01708984375 2600 2600 2600 2600 2600 2600 2600 2600 2600 2600 2600 2600 2600 2600 2600 2600 2600 2600 2600 2600 2600 2600 2600 2600 2600
2509.56396484375 2507.14208984375 2514.717041015625 2514.55810546875 2516.452880859375 2527.406982421875 2539.907958984375 2541.7099609375 2537.177978515625 2533.574951171875 2532.27001953125 2530.693115234375 2533.196044921875 2548.513916015625 2570.31591796875 2580.06689453125 2570.1279296875 2568.839111328125 2582.409912109375 2593.302001953125 2601.10302734375 2600.743896484375 2599.9970703125 2599.9970703125 2600 2600.218994140625 2601.739990234375 2599.281005859375 2598.722900390625 2600.14404296875 2600 2600 2600 2600 2600 2600 2600 2600 2600 2600 2600 2600 2600 2600 2600 2600 2600 2600 2600 2600
