data/Bacino3/DemBacino3.asc
ncols        155
nrows        91
xllcorner    624331.489019817906
yllcorner    5139924.986609533429
cellsize     30.005356186400
NODATA_value  -9999
[rows 44 to 65 of 91, columns 0 to 49 of 155]
-9999 -9999 -9999 -9999 -9999 -9999 -9999 -9999 -9999 -9999 -9999 3392.6650390625 3349.787109375 3332.8779296875 3315.2900390625 3308.760986328125 3313.18310546875 3286.674072265625 3263.486083984375 3240.636962890625 3198.799072265625 3181.820068359375 3170.741943359375 3161.802978515625 3155.014892578125 3149.01611328125 3144.298095703125 3139.87890625 3136.2509765625 3131.912109375 3127.23388671875 3122.034912109375 3116.64697265625 3111.10791015625 3105.64990234375 3100.15087890625 3094.56298828125 3088.634033203125 3082.406005859375 3075.876953125 3069.298095703125 3063.18896484375 3057.39990234375 3051.27099609375 3044.81201171875 3038.43310546875 3031.614013671875 3025.0849609375 3018.22607421875 3010.7958984375
-9999 -9999 -9999 -9999 -9999 -9999 -9999 -9999 -9999 -9999 -9999 -9999 3379.4169921875 3348.029052734375 3338.22998046875 3340.592041015625 3327.27294921875 3298.205078125 3269.2470703125 3229.4580078125 3205.090087890625 3186.660888671875 3173.302978515625 3163.013916015625 3156.6259765625 3151.537109375 3148.009033203125 3145.47998046875 3142.842041015625 3139.27294921875 3134.7548828125 3128.736083984375 3122.238037109375 3115.569091796875 3109.291015625 3103.052001953125 3096.73388671875 3090.31494140625 3083.81689453125 3077.30810546875 3070.89892578125 3064.510009765625 3058.4609375 3052.451904296875 3046.282958984375 3040.18408203125 3034.175048828125 3027.81591796875 3020.906982421875 3013.626953125
-9999 -9999 -9999 -9999 -9999 -9999 -9999 -9999 -9999 -9999 -9999 -9999 -9999 3372.14990234375 3374.48095703125 3352.782958984375 3324.98388671875 3311.135986328125 3288.43701171875 3230.029052734375 3211.60009765625 3193.7119140625 3178.423095703125 3168.14501953125 3160.926025390625 3156.137939453125 3153.6298828125 3151.631103515625 3149.702880859375 3146.714111328125 3141.97607421875 3135.64697265625 3128.4990234375 3120.969970703125 3113.4619140625 3106.383056640625 3099.385009765625 3092.535888671875 3085.758056640625 3079.198974609375 3072.9599609375 3066.781005859375 3060.662109375 3054.972900390625 3049.053955078125 3043.425048828125 3038.02587890625 3032.126953125 3025.68798828125 3018.048095703125
-9999 -9999 -9999 -9999 -9999 -9999 -9999 -9999 -9999 -9999 -9999 -9999 -9999 3406.02001953125 3391.092041015625 3359.9541015625 3354.18505859375 3342.89697265625 3305.347900390625 3259.389892578125 3233.551025390625 3203.873046875 3187.674072265625 3175.77587890625 3167.797119140625 3162.589111328125 3159.800048828125 3158.06201171875 3156.262939453125 3152.965087890625 3148.467041015625 3141.867919921875 3133.9599609375 3125.65087890625 3117.29296875 3109.214111328125 3101.555908203125 3094.987060546875 3088.59912109375 3082.81005859375 3076.720947265625 3070.701904296875 3064.68310546875 3058.56396484375 3052.784912109375 3047.466064453125 3042.096923828125 3036.847900390625 3030.739013671875 3023.830078125
-9999 -9999 -9999 -9999 -9999 -9999 -9999 -9999 -9999 -9999 -9999 -9999 -9999 -9999 3400.343017578125 3396.364013671875 3385.736083984375 3348.47705078125 3312.888916015625 3282.050048828125 3256.85205078125 3221.573974609375 3201.10498046875 3187.636962890625 3178.847900390625 3171.929931640625 3167.680908203125 3165.173095703125 3162.73388671875 3159.095947265625 3154.35791015625 3147.708984375 3138.910888671875 3130.08203125 3121.053955078125 3112.034912109375 3104.537109375 3098.26806640625 3093.360107421875 3088.180908203125 3082.33203125 3076.18310546875 3069.75390625 3063.715087890625 3058.02587890625 3052.70703125 3047.7080078125 3043.259033203125 3038.300048828125 3030.791015625
-9999 -9999 -9999 -9999 -9999 -9999 -9999 -9999 -9999 -9999 -9999 -9999 -9999 -9999 -9999 3425.0849609375 3391.886962890625 3363.488037109375 3327.330078125 3296.62109375 3269.6630859375 3231.93408203125 3210.64599609375 3201.927978515625 3191.3291015625 3182.73095703125 3176.751953125 3172.593994140625 3169.215087890625 3165.376953125 3160.39794921875 3153.39990234375 3144.44189453125 3134.613037109375 3124.675048828125 3116.52587890625 3110.5380859375 3105.22900390625 3100.62109375 3096.133056640625 3090.52294921875 3083.674072265625 3077.64501953125 3071.736083984375 3066.306884765625 3061.16796875 3056.87890625 3053.530029296875 3049.1708984375 3045.031982421875
-9999 -9999 -9999 -9999 -9999 -9999 -9999 -9999 -9999 -9999 -9999 -9999 -9999 -9999 -9999 3416.756103515625 3391.177001953125 3362.55908203125 3324.7509765625 3291.81201171875 3267.263916015625 3234.125 3218.787109375 3210.568115234375 3200.10009765625 3192.89208984375 3185.843017578125 3180.235107421875 3175.926025390625 3171.837890625 3166.3291015625 3159.051025390625 3150.443115234375 3140.35400390625 3131.075927734375 3125.217041015625 3119.968994140625 3115.340087890625 3111.33203125 3105.50390625 3099.464111328125 3093.97509765625 3088.676025390625 3083.18701171875 3078.028076171875 3073.34912109375 3069.3798828125 3069.44091796875 3068.172119140625 3067.39306640625
-9999 -9999 -9999 -9999 -9999 -9999 -9999 -9999 -9999 -9999 -9999 -9999 -9999 -9999 -9999 -9999 3370.7080078125 3340.64990234375 3301.841064453125 3274.012939453125 3253.39501953125 3238.506103515625 3226.8779296875 3217.9990234375 3209.64111328125 3201.7919921875 3194.263916015625 3188.345947265625 3183.876953125 3179.569091796875 3173.1201171875 3165.69189453125 3158.06298828125 3148.5048828125 3141.797119140625 3137.407958984375 3133.89990234375 3128.881103515625 3123.06298828125 3117.514892578125 3112.27587890625 3106.8759765625 3102.096923828125 3097.587890625 3093.049072265625 3087.909912109375 3084.87109375 3087.73193359375 3092.072998046875 3101.9140625
-9999 -9999 -9999 -9999 -9999 -9999 -9999 -9999 -9999 -9999 -9999 -9999 -9999 -9999 -9999 -9999 3340.5390625 3317.160888671875 3287.08203125 3269.803955078125 3256.2451171875 3243.906982421875 3233.368896484375 3224.570068359375 3217.10205078125 3210.123046875 3203.0048828125 3197.716064453125 3193.218017578125 3188.5400390625 3182.200927734375 3176.373046875 3168.993896484375 3161.24609375 3156.258056640625 3154.089111328125 3150.5009765625 3147.001953125 3139.283935546875 3132.8359375 3127.326904296875 3122.027099609375 3118.068115234375 3115.35888671875 3111.010009765625 3105.821044921875 3105.382080078125 3107.423095703125 3115.4140625 3126.304931640625
-9999 -9999 -9999 -9999 -9999 -9999 -9999 -9999 -9999 -9999 -9999 -9999 -9999 -9999 -9999 -9999 3339.969970703125 3316.31103515625 3287.1630859375 3272.4951171875 3260.1259765625 3248.998046875 3239.14892578125 3231.291015625 3225.56298828125 3218.833984375 3212.72607421875 3207.527099609375 3203.55908203125 3199.781005859375 3195.31201171875 3191.493896484375 3183.735107421875 3178.386962890625 3176.5390625 3173.840087890625 3169.701904296875 3164.98291015625 3155.205078125 3150.70703125 3143.258056640625 3147.218994140625 3140.64892578125 3143.64990234375 3146.740966796875 3140.322021484375 3133.673095703125 3128.60400390625 3135.5849609375 3151.72607421875
-9999 -9999 -9999 -9999 -9999 -9999 -9999 -9999 -9999 -9999 -9999 -9999 -9999 -9999 -9999 -9999 3333.720947265625 3312.241943359375 3292.553955078125 3278.485107421875 3266.0869140625 3254.819091796875 3245.179931640625 3238.1220703125 3233.623046875 3228.044921875 3222.737060546875 3218.14794921875 3214.840087890625 3215.23095703125 3216.532958984375 3212.77490234375 3204.365966796875 3201.498046875 3200.6298828125 3196.0810546875 3189.0029296875 3186.763916015625 3200.89599609375 3184.93798828125 3201.7890625 3189.030029296875 3183.1298828125 3177.65087890625 3184.632080078125 3169.54296875 3161.174072265625 3154.0849609375 3158.946044921875 3177.97705078125
-9999 -9999 -9999 -9999 -9999 -9999 -9999 -9999 -9999 -9999 -9999 -9999 -9999 -9999 -9999 -9999 -9999 3313.54296875 3297.00390625 3283.35595703125 3269.93798828125 3258.6689453125 3249.361083984375 3242.842041015625 3238.5439453125 3233.785888671875 3229.096923828125 3225.12890625 3222.739990234375 3228.241943359375 3228.98388671875 3231.06494140625 3225.306884765625 3221.948974609375 3212.2900390625 3217.431884765625 3203.113037109375 3203.5048828125 3217.656982421875 3205.89794921875 3220.819091796875 3213.43994140625 3208.44091796875 3196.251953125 3196.623046875 3186.25390625 3175.034912109375 3168.99609375 3181.5859375 3170.81689453125
-9999 -9999 -9999 -9999 -9999 -9999 -9999 -9999 -9999 -9999 -9999 -9999 -9999 -9999 -9999 -9999 -9999 3321.593017578125 3306.175048828125 3288.5869140625 3278.617919921875 3267.81005859375 3258.001953125 3251.072998046875 3246.635009765625 3243.5859375 3240.7880859375 3238.02001953125 3239.111083984375 3244.1630859375 3249.7548828125 3270.916015625 3271.447998046875 3276.928955078125 3280.801025390625 3253.242919921875 3242.23388671875 3237.99609375 3242.568115234375 3258.47900390625 3262.010009765625 3253.490966796875 3244.251953125 3231.262939453125 3218.23388671875 3207.195068359375 3203.256103515625 3192.116943359375 3183.5380859375 3164.137939453125
-9999 -9999 -9999 -9999 -9999 -9999 -9999 -9999 -9999 -9999 -9999 -9999 -9999 -9999 -9999 -9999 -9999 3333.533935546875 3317.196044921875 3295.818115234375 3288.64892578125 3278.930908203125 3268.89208984375 3261.31396484375 3256.3759765625 3255.85693359375 3255.8291015625 3256.281005859375 3260.491943359375 3263.98388671875 3272.10595703125 3286.6669921875 3293.7890625 3307.47998046875 3309.3720703125 3282.333984375 3276.3349609375 3273.136962890625 3287.84912109375 3288.219970703125 3284.821044921875 3276.882080078125 3265.93310546875 3254.23388671875 3242.875 3230.966064453125 3221.217041015625 3210.568115234375 3185.239013671875 3160.698974609375
-9999 -9999 -9999 -9999 -9999 -9999 -9999 -9999 -9999 -9999 -9999 -9999 -9999 -9999 -9999 -9999 -9999 3348.47509765625 3330.3369140625 3315.327880859375 3300.889892578125 3290.83203125 3281.373046875 3273.455078125 3268.787109375 3271.8779296875 3269.469970703125 3281.2919921875 3281.98291015625 3291.60498046875 3300.18603515625 3309.1279296875 3313.860107421875 3340.341064453125 3328.54296875 3310.85498046875 3303.575927734375 3309.66796875 3314.949951171875 3314.381103515625 3312.322021484375 3304.31298828125 3290.1640625 3276.52490234375 3267.2958984375 3254.197021484375 3237.617919921875 3204.279052734375 3175.47998046875 3151.739990234375
-9999 -9999 -9999 -9999 -9999 -9999 -9999 -9999 -9999 -9999 -9999 -9999 -9999 -9999 -9999 -9999 -9999 3364.27587890625 3347.087890625 3332.2490234375 3317.381103515625 3303.991943359375 3295.083984375 3288.196044921875 3287.95703125 3295.279052734375 3299.35107421875 3307.6220703125 3308.114013671875 3320.31591796875 3328.636962890625 3337.198974609375 3340.950927734375 3359.132080078125 3367.89404296875 3343.305908203125 3352.217041015625 3365.26904296875 3348.841064453125 3341.862060546875 3336.0830078125 3325.154052734375 3311.264892578125 3293.135986328125 3270.217041015625 3246.93798828125 3222.779052734375 3183.60009765625 3166.660888671875 3141.0810546875
-9999 -9999 -9999 -9999 -9999 -9999 -9999 -9999 -9999 -9999 -9999 -9999 -9999 -9999 -9999 -9999 -9999 -9999 3365.14794921875 3350.840087890625 3337.001953125 3322.782958984375 3313.1650390625 3314.116943359375 3314.778076171875 3318.760009765625 3322.491943359375 3332.5830078125 3341.614990234375 3346.037109375 3353.89794921875 3362.52001953125 3373.412109375 3380.10302734375 3387.5048828125 3388.626953125 3396.51806640625 3387.72998046875 3374.761962890625 3368.6630859375 3347.444091796875 3324.14501953125 3303.0859375 3279.51708984375 3249.01806640625 3229.87890625 3196.93994140625 3178.62109375 3160.342041015625 3143.282958984375
-9999 -9999 -9999 -9999 -9999 -9999 -9999 -9999 -9999 -9999 -9999 -9999 -9999 -9999 -9999 -9999 -9999 -9999 3389.89892578125 3371.7509765625 3357.402099609375 3344.6640625 3336.97607421875 3336.197998046875 3337.279052734375 3340.89111328125 3345.093017578125 3355.43408203125 3368.825927734375 3375.66796875 3381.388916015625 3390.740966796875 3396.613037109375 3405.013916015625 3414.35595703125 3411.447998046875 3405.049072265625 3395.611083984375 3377.54296875 3342.174072265625 3325.035888671875 3298.35595703125 3277.616943359375 3258.577880859375 3240.2890625 3230.330078125 3208.281005859375 3181.241943359375 3165.512939453125 3147.52392578125
-9999 -9999 -9999 -9999 -9999 -9999 -9999 -9999 -9999 -9999 -9999 -9999 -9999 -9999 -9999 -9999 -9999 -9999 3406.77001953125 3390.842041015625 3375.512939453125 3363.135009765625 3357.537109375 3357.847900390625 3360.3701171875 3363.751953125 3372.012939453125 3389.72509765625 3401.076904296875 3407.10791015625 3410.080078125 3415.1220703125 3422.093994140625 3429.965087890625 3434.346923828125 3426.10888671875 3404.239990234375 3377.35205078125 3354.243896484375 3327.885009765625 3307.39697265625 3290.547119140625 3271.3779296875 3254.259033203125 3240.639892578125 3224.5009765625 3212.862060546875 3196.623046875 3189.904052734375 3171.215087890625
-9999 -9999 -9999 -9999 -9999 -9999 -9999 -9999 -9999 -9999 -9999 -9999 -9999 -9999 -9999 -9999 -9999 -9999 3416.611083984375 3405.382080078125 3391.073974609375 3381.986083984375 3381.0380859375 3381.259033203125 3384.3310546875 3390.35302734375 3404.924072265625 3423.06591796875 3428.927978515625 3433.589111328125 3437.180908203125 3443.0029296875 3449.294921875 3450.93603515625 3446.387939453125 3414.530029296875 3385.48095703125 3364.403076171875 3343.64501953125 3323.1259765625 3302.76806640625 3284.197998046875 3269.368896484375 3255.969970703125 3244.2509765625 3230.672119140625 3219.56298828125 3208.073974609375 3195.864990234375 3184.06591796875
-9999 -9999 -9999 -9999 -9999 -9999 -9999 -9999 -9999 -9999 -9999 -9999 -9999 -9999 -9999 -9999 -9999 -9999 -9999 3419.64306640625 3409.844970703125 3404.76708984375 3404.548095703125 3405.830078125 3410.281982421875 3418.573974609375 3435.735107421875 3444.126953125 3447.68896484375 3452.570068359375 3461.172119140625 3470.243896484375 3473.72509765625 3479.217041015625 3473.569091796875 3435.361083984375 3392.612060546875 3370.694091796875 3350.89599609375 3329.70703125 3305.368896484375 3281.830078125 3266.929931640625 3255.111083984375 3245.362060546875 3235.052978515625 3224.593994140625 3214.195068359375 3203.196044921875 3192.51708984375
-9999 -9999 -9999 -9999 -9999 -9999 -9999 -9999 -9999 -9999 -9999 -9999 -9999 -9999 -9999 -9999 -9999 -9999 -9999 3439.154052734375 3433.31591796875 3431.798095703125 3434.26904296875 3437.760986328125 3440.7529296875 3450.134033203125 3457.865966796875 3463.077880859375 3467.5 3475.02099609375 3486.98291015625 3499.875 3513.656005859375 3497.197998046875 3483.7900390625 3440.672119140625 3401.722900390625 3376.655029296875 3352.556884765625 3329.718017578125 3309.81005859375 3287.65087890625 3271.510986328125 3258.27197265625 3248.93310546875 3239.674072265625 3228.2548828125 3217.865966796875 3208.4169921875 3199.177978515625
