data/Bacino3/DemBacino3.asc
ncols        155
nrows        91
xllcorner    624331.489019817906
yllcorner    5139924.986609533429
cellsize     30.005356186400
NODATA_value  -9999
[rows 66 to 87 of 91, columns 50 to 99 of 155]
3193.820068359375 3170.73095703125 3152.341064453125 3136.592041015625 3121.373046875 3108.89697265625 3097.568115234375 3087.89892578125 3082.10009765625 3082.131103515625 3076.260986328125 3070.592041015625 3065.782958984375 3061.803955078125 3056.97509765625 3050.2060546875 3041.9169921875 3031.7080078125 3019.85791015625 3006.5390625 2995.47998046875 2974.44091796875 2963.052001953125 2944.532958984375 2933.884033203125 2932.735107421875 2922.715087890625 2912.22607421875 2901.846923828125 2894.60791015625 2895.408935546875 2885.360107421875 2869.10107421875 2862.10107421875 2866.572021484375 2865.593017578125 2862.52392578125 2864.074951171875 2860.825927734375 2859.447021484375 2855.60791015625 2841.10791015625 2828.30908203125 2827.919921875 2832.40087890625 2838.451904296875 2819.7529296875 2811.60400390625 2812.264892578125 2812.094970703125
3205.90087890625 3182.822021484375 3162.902099609375 3143.722900390625 3130.7041015625 3121.927978515625 3113.0791015625 3107.030029296875 3103.5810546875 3099.951904296875 3093.35302734375 3085.54296875 3079.533935546875 3073.804931640625 3067.31591796875 3060.26708984375 3054.508056640625 3050.428955078125 3038.178955078125 3036.110107421875 3022.35107421875 2998.842041015625 2976.06298828125 2958.714111328125 2957.22509765625 2953.666015625 2938.666015625 2928.626953125 2915.548095703125 2908.30908203125 2898.389892578125 2888.631103515625 2881.08203125 2882.2529296875 2887.81298828125 2890.14404296875 2886.014892578125 2888.865966796875 2897.076904296875 2886.068115234375 2883.529052734375 2881.408935546875 2871.070068359375 2850.87109375 2847.52197265625 2853.532958984375 2849.06396484375 2841.794921875 2835.676025390625 2827.22607421875
3215.112060546875 3191.822998046875 3174.153076171875 3162.033935546875 3149.135009765625 3139.428955078125 3136.47998046875 3128.31103515625 3120.6220703125 3114.943115234375 3108.52392578125 3100.31396484375 3093.304931640625 3091.365966796875 3085.20703125 3084.758056640625 3086.489013671875 3077.760009765625 3071.669921875 3062.85107421875 3050.052001953125 3039.54296875 3017.27392578125 2988.0048828125 2978.18603515625 2977.126953125 2964.677001953125 2945.35791015625 2931.60888671875 2922.7900390625 2913.881103515625 2903.751953125 2895.572998046875 2898.72412109375 2908.56396484375 2913.554931640625 2909.486083984375 2917.217041015625 2915.367919921875 2914.93896484375 2916.739990234375 2920.110107421875 2901.341064453125 2871.842041015625 2865.68310546875 2872.303955078125 2868.9150390625 2862.736083984375 -9999 -9999
3247.81298828125 3230.884033203125 3209.3740234375 3192.574951171875 3177.02587890625 3164.449951171875 3151.410888671875 3142.092041015625 3134.613037109375 3129.583984375 3122.9951171875 3114.264892578125 3113.845947265625 3116.297119140625 3110.22802734375 3105.638916015625 3100.31005859375 3099.06103515625 3088.912109375 3078.592041015625 3068.923095703125 3055.303955078125 3042.18505859375 3024.0859375 3006.197021484375 2992.30810546875 2981.577880859375 2979.7890625 2962.010009765625 2947.2509765625 2940.64208984375 2922.02294921875 2910.60400390625 2922.97509765625 2937.375 2927.635986328125 2926.626953125 2922.677978515625 2927.178955078125 2930.699951171875 2932.44091796875 -9999 -9999 2894.202880859375 -9999 -9999 -9999 -9999 -9999 -9999
3260.174072265625 3243.905029296875 3227.555908203125 3211.756103515625 3196.20703125 3180.65087890625 3164.632080078125 3153.322998046875 3149.073974609375 3151.784912109375 3145.095947265625 3136.89599609375 3132.51708984375 3131.51806640625 3126.458984375 3121.02001953125 3114.430908203125 3107.592041015625 3100.403076171875 3091.262939453125 3080.47412109375 3069.155029296875 3055.696044921875 3041.72705078125 3027.18798828125 3018.739013671875 3033.93896484375 3003.3701171875 2988.970947265625 2972.031982421875 2958.613037109375 2946.384033203125 2932.85498046875 2939.575927734375 2943.5458984375 2939.9169921875 2934.327880859375 2931.55908203125 2940.989990234375 -9999 -9999 -9999 -9999 -9999 -9999 -9999 -9999 -9999 -9999 -9999
3269.47509765625 3255.416015625 3240.596923828125 3224.22705078125 3207.617919921875 3192.85205078125 3179.492919921875 3170.214111328125 3169.925048828125 3166.06591796875 3161.4169921875 3153.717041015625 3146.157958984375 3141.489013671875 3137.050048828125 3130.02099609375 3122.251953125 3114.202880859375 3106.4140625 3098.2939453125 3089.5048828125 3079.3359375 3066.656982421875 3054.488037109375 3054.408935546875 3054.43994140625 3046.14111328125 3024.010986328125 3016.19189453125 3001.093017578125 2979.75390625 2960.824951171875 2947.825927734375 2948.886962890625 2953.366943359375 2953.85791015625 2949.76904296875 2956.360107421875 -9999 -9999 -9999 -9999 -9999 -9999 -9999 -9999 -9999 -9999 -9999 -9999
3277.676025390625 3265.7470703125 3255.597900390625 3243.26806640625 3227.989013671875 3215.35302734375 3203.00390625 3193.364990234375 3183.7060546875 3174.636962890625 3169.2080078125 3163.077880859375 3155.178955078125 3148.9599609375 3143.90087890625 3138.2119140625 3130.452880859375 3121.93408203125 3113.294921875 3105.655029296875 3098.22607421875 3091.527099609375 3096.26806640625 3099.458984375 3096.239990234375 3090.56103515625 3085.132080078125 3054.001953125 3035.222900390625 3012.64404296875 2997.875 2978.176025390625 2964.97705078125 2961.43798828125 2972.248046875 2974.218994140625 2978.070068359375 -9999 -9999 -9999 -9999 -9999 -9999 -9999 -9999 -9999 -9999 -9999 -9999 -9999
3289.10693359375 3277.0380859375 3268.138916015625 3256.5390625 3241.820068359375 3231.364013671875 3222.0048828125 3212.446044921875 3195.876953125 3182.41796875 3173.9189453125 3167.780029296875 3161.89990234375 3156.041015625 3150.552001953125 3144.02294921875 3136.9541015625 3129.824951171875 3121.365966796875 3114.305908203125 3109.787109375 3116.008056640625 3116.069091796875 3116.02001953125 3112.680908203125 3105.971923828125 3084.79296875 3071.04296875 3050.384033203125 3026.56494140625 3016.635986328125 2998.85693359375 2982.008056640625 2978.76904296875 2989.25 3003.820068359375 -9999 -9999 -9999 -9999 -9999 -9999 -9999 -9999 -9999 -9999 -9999 -9999 -9999 -9999
3296.18798828125 3287.01904296875 3276.22998046875 3265.680908203125 3253.930908203125 3243.22509765625 3233.426025390625 3224.987060546875 3207.68798828125 3192.9189453125 3181.5400390625 3173.611083984375 3168.0009765625 3162.781982421875 3157.012939453125 3150.493896484375 3143.6650390625 3136.236083984375 3129.3369140625 3123.906982421875 3122.39794921875 3128.158935546875 3119.179931640625 3120.361083984375 3116.322021484375 3099.623046875 3087.303955078125 3076.48388671875 3063.85498046875 3045.416015625 3031.14697265625 3009.568115234375 3004.22900390625 3009.260009765625 3014.010986328125 -9999 -9999 -9999 -9999 -9999 -9999 -9999 -9999 -9999 -9999 -9999 -9999 -9999 -9999 -9999
3301.759033203125 3293.2900390625 3282.990966796875 3273.94189453125 3263.632080078125 3253.156005859375 3240.797119140625 3231.637939453125 3219.8291015625 3203.889892578125 3191.841064453125 3182.281982421875 3175.23193359375 3169.6630859375 3163.31396484375 3155.5048828125 3149.68603515625 3142.886962890625 3137.117919921875 3133.339111328125 3134.9990234375 3128.7099609375 3124.40087890625 3124.632080078125 3120.79296875 3102.513916015625 3090.385009765625 3085.425048828125 3084.49609375 3074.81689453125 3052.587890625 3032.708984375 3023.780029296875 3029.5810546875 -9999 -9999 -9999 -9999 -9999 -9999 -9999 -9999 -9999 -9999 -9999 -9999 -9999 -9999 -9999 -9999
3308.510009765625 3298.19091796875 3288.951904296875 3280.472900390625 3272.39306640625 3262.596923828125 3250.407958984375 3237.51904296875 3225.159912109375 3213.98095703125 3201.48193359375 3191.23291015625 3183.052978515625 3175.864013671875 3169.2548828125 3163.02587890625 3156.20703125 3149.867919921875 3145.118896484375 3142.2099609375 3138.52001953125 3133.321044921875 3134.822021484375 3127.762939453125 3119.864013671875 3113.3349609375 3096.74609375 3092.095947265625 3093.93701171875 3084.117919921875 3067.76904296875 3048.530029296875 3041.490966796875 -9999 -9999 -9999 -9999 -9999 -9999 -9999 -9999 -9999 -9999 -9999 -9999 -9999 -9999 -9999 -9999 -9999
3316.15087890625 3304.39208984375 3293.572998046875 3284.884033203125 3275.50390625 3266.947998046875 3256.4990234375 3243.260009765625 3230.680908203125 3216.922119140625 3209.403076171875 3199.884033203125 3191.27392578125 3183.074951171875 3175.325927734375 3168.527099609375 3162.35791015625 3157.62890625 3156.719970703125 3154.910888671875 3146.720947265625 3139.302001953125 3136.512939453125 3137.424072265625 3128.7548828125 3117.26611328125 3106.866943359375 3100.327880859375 3093.9580078125 3087.9990234375 3084.3798828125 3077.631103515625 -9999 -9999 -9999 -9999 -9999 -9999 -9999 -9999 -9999 -9999 -9999 -9999 -9999 -9999 -9999 -9999 -9999 -9999
3322.912109375 3310.5029296875 3298.553955078125 3288.425048828125 3279.285888671875 3269.37890625 3258.699951171875 3246.950927734375 3235.251953125 3223.532958984375 3214.02392578125 3204.445068359375 3197.89599609375 3189.81591796875 3182.237060546875 3175.3779296875 3169.589111328125 3164.840087890625 3163.35107421875 3160.991943359375 3157.181884765625 3154.822998046875 3142.89404296875 3136.68505859375 3129.97607421875 3122.487060546875 3115.068115234375 3109.049072265625 -9999 -9999 -9999 -9999 -9999 -9999 -9999 -9999 -9999 -9999 -9999 -9999 -9999 -9999 -9999 -9999 -9999 -9999 -9999 -9999 -9999 -9999
3325.873046875 3315.033935546875 3303.02490234375 3291.8359375 3282.027099609375 3273 3262.31103515625 3250.83203125 3239.212890625 3228.404052734375 3217.985107421875 3209.885986328125 3202.967041015625 3195.537109375 3189.6279296875 3182.7490234375 3177.1298828125 3172.260986328125 3168.7919921875 3168.423095703125 3164.373046875 3157.533935546875 3150.2548828125 3142.095947265625 3135.35693359375 3132.5380859375 3131.368896484375 -9999 -9999 -9999 -9999 -9999 -9999 -9999 -9999 -9999 -9999 -9999 -9999 -9999 -9999 -9999 -9999 -9999 -9999 -9999 -9999 -9999 -9999 -9999
3332.50390625 3319.0849609375 3306.35595703125 3295.217041015625 3285.218017578125 3277.740966796875 3268.721923828125 3254.52294921875 3243.18408203125 3233.864990234375 3225.22607421875 3216.9169921875 3209.16796875 3202.66796875 3196.62890625 3190.5 3184.990966796875 3180.302001953125 3176.052978515625 3173.06396484375 3169.5849609375 3165.64501953125 3160.385986328125 3154.197021484375 3152.387939453125 -9999 -9999 -9999 -9999 -9999 -9999 -9999 -9999 -9999 -9999 -9999 -9999 -9999 -9999 -9999 -9999 -9999 -9999 -9999 -9999 -9999 -9999 -9999 -9999 -9999
3338.205078125 3324.506103515625 3314.406982421875 3305.498046875 3297.239013671875 3291.44189453125 3287.992919921875 3281.174072265625 3273.64501953125 3258.99609375 3239.257080078125 3229.798095703125 3218.509033203125 3210.458984375 3203.909912109375 3198.1708984375 3192.81201171875 3188.282958984375 3184.583984375 3181.56494140625 3179.166015625 3177.285888671875 3180.14697265625 -9999 -9999 -9999 -9999 -9999 -9999 -9999 -9999 -9999 -9999 -9999 -9999 -9999 -9999 -9999 -9999 -9999 -9999 -9999 -9999 -9999 -9999 -9999 -9999 -9999 -9999 -9999
3358.506103515625 3342.656982421875 3335.907958984375 3334.509033203125 3340.320068359375 3328.93408203125 3331.573974609375 3319.364990234375 3303.406005859375 3284.39697265625 3268.548095703125 3249.049072265625 3230.929931640625 3219.47998046875 3211.62109375 3205.402099609375 3200.282958984375 3196.23388671875 3193.375 3191.5458984375 3192.537109375 -9999 -9999 -9999 -9999 -9999 -9999 -9999 -9999 -9999 -9999 -9999 -9999 -9999 -9999 -9999 -9999 -9999 -9999 -9999 -9999 -9999 -9999 -9999 -9999 -9999 -9999 -9999 -9999 -9999
3388.6669921875 3379.258056640625 3380.9990234375 3375.989990234375 3374.56103515625 3354.97509765625 3357.9150390625 3336.81591796875 3316.846923828125 3298.447998046875 3278.138916015625 3263.9599609375 3250.27099609375 3234.791015625 3218.9619140625 3212.322998046875 3207.243896484375 3203.784912109375 -9999 -9999 -9999 -9999 -9999 -9999 -9999 -9999 -9999 -9999 -9999 -9999 -9999 -9999 -9999 -9999 -9999 -9999 -9999 -9999 -9999 -9999 -9999 -9999 -9999 -9999 -9999 -9999 -9999 -9999 -9999 -9999
3421.077880859375 3419.01904296875 3414.2900390625 3410.56103515625 3389.31201171875 3388.22607421875 3367.74609375 3346.76708984375 3328.0380859375 3307.64892578125 3292.8701171875 3276.14111328125 3263.572021484375 3245.383056640625 3224.04296875 3218.23388671875 3213.514892578125 -9999 -9999 -9999 -9999 -9999 -9999 -9999 -9999 -9999 -9999 -9999 -9999 -9999 -9999 -9999 -9999 -9999 -9999 -9999 -9999 -9999 -9999 -9999 -9999 -9999 -9999 -9999 -9999 -9999 -9999 -9999 -9999 -9999
3447.589111328125 3444.360107421875 3439.660888671875 3427.842041015625 3409.4130859375 3388.777099609375 3370.656982421875 3356.64794921875 3339.51904296875 3323.389892578125 3307.930908203125 3295.85205078125 3283.302978515625 3249.553955078125 3233.85400390625 -9999 -9999 -9999 -9999 -9999 -9999 -9999 -9999 -9999 -9999 -9999 -9999 -9999 -9999 -9999 -9999 -9999 -9999 -9999 -9999 -9999 -9999 -9999 -9999 -9999 -9999 -9999 -9999 -9999 -9999 -9999 -9999 -9999 -9999 -9999
3481.0400390625 3463.720947265625 -9999 -9999 -9999 -9999 -9999 -9999 -9999 3339.781005859375 -9999 -9999 3296.513916015625 -9999 -9999 -9999 -9999 -9999 -9999 -9999 -9999 -9999 -9999 -9999 -9999 -9999 -9999 -9999 -9999 -9999 -9999 -9999 -9999 -9999 -9999 -9999 -9999 -9999 -9999 -9999 -9999 -9999 -9999 -9999 -9999 -9999 -9999 -9999 -9999 -9999
-9999 -9999 -9999 -9999 -9999 -9999 -9999 -9999 -9999 -9999 -9999 -9999 -9999 -9999 -9999 -9999 -9999 -9999 -9999 -9999 -9999 -9999 -9999 -9999 -9999 -9999 -9999 -9999 -9999 -9999 -9999 -9999 -9999 -9999 -9999 -9999 -9999 -9999 -9999 -9999 -9999 -9999 -9999 -9999 -9999 -9999 -9999 -9999 -9999 -9999
