data/Bacino3/DemBacino3.asc
ncols        155
nrows        91
xllcorner    624331.489019817906
yllcorner    5139924.986609533429
cellsize     30.005356186400
NODATA_value  -9999
[rows 44 to 65 of 91, columns 100 to 149 of 155]
2556.924072265625 2555.5048828125 2554.406005859375 2554.177001953125 2554.30810546875 2551.989013671875 2546.678955078125 2540.85009765625 2537.291015625 2533.362060546875 2531.923095703125 2528.424072265625 2519.925048828125 2509.955078125 2501.805908203125 2495.97705078125 2489.85791015625 2485.678955078125 2481.31005859375 2476.031005859375 2473.261962890625 2470.822021484375 2469.447998046875 2466.4150390625 2462.81005859375 2461.337890625 2460.02001953125 2455.925048828125 2450.0869140625 2443.700927734375 2439.373046875 2445.655029296875 2446.925048828125 2465.10009765625 2503.76806640625 2510.052001953125 2486.777099609375 2467.19091796875 2445.208984375 2434.501953125 -9999 -9999 -9999 -9999 -9999 -9999 -9999 -9999 -9999 -9999
2545.14501953125 2542.385986328125 2542.037109375 2541.488037109375 2539.839111328125 2537.669921875 2533.929931640625 2527.700927734375 2524.23193359375 2520.212890625 2515.43408203125 2510.675048828125 2505.89599609375 2502.466064453125 2497.136962890625 2490.72802734375 2485.029052734375 2481.409912109375 2478.200927734375 2475.08203125 2471.6630859375 2470.06298828125 2468.467041015625 2465.882080078125 2467.510009765625 2470.464111328125 2473.361083984375 2467.7099609375 2466.714111328125 2466.02294921875 2474.60693359375 2489.971923828125 2496.698974609375 2525.31005859375 2541.01806640625 -9999 -9999 -9999 -9999 -9999 -9999 -9999 -9999 -9999 -9999 -9999 -9999 -9999 -9999 -9999
2538.24609375 2537.777099609375 2535.818115234375 2534.5390625 2533.3798828125 2528.430908203125 2526.291015625 2521.9619140625 2516.072998046875 2511.593994140625 2507.044921875 2502.535888671875 2497.537109375 2496.3779296875 2491.427978515625 2486.698974609375 2481.780029296875 2478.571044921875 2477.632080078125 2478.673095703125 2474.593994140625 2471.634033203125 2473.757080078125 2475.760009765625 2479.306884765625 2485.216064453125 2485.048095703125 2489.842041015625 2489.56396484375 2519.778076171875 2530.508056640625 2504.35205078125 2540.89892578125 2561.912109375 -9999 -9999 -9999 -9999 -9999 -9999 -9999 -9999 -9999 -9999 -9999 -9999 -9999 -9999 -9999 -9999
2533.277099609375 2534.087890625 2532.30908203125 2531.3798828125 2528.14111328125 2522.991943359375 2518.451904296875 2514.10302734375 2510.4140625 2506.195068359375 2501.3359375 2498.677001953125 2495.427978515625 2493.7490234375 2491.029052734375 2487.159912109375 2486.990966796875 2488.251953125 2488.173095703125 2488.00390625 2485.195068359375 2486.364990234375 2490.530029296875 2492.2880859375 2493.19189453125 2496.05810546875 2502.998046875 2513.490966796875 2533.27490234375 2566.823974609375 2568.425048828125 2553.386962890625 -9999 -9999 -9999 -9999 -9999 -9999 -9999 -9999 -9999 -9999 -9999 -9999 -9999 -9999 -9999 -9999 -9999 -9999
2533.447998046875 2531.4990234375 2531.090087890625 2529.06103515625 2526.0419921875 2521.39306640625 2516.242919921875 2511.31396484375 2507.8349609375 2505.7060546875 2503.626953125 2500.068115234375 2499.6689453125 2496.929931640625 2497.179931640625 2500.591064453125 2502.181884765625 2502.462890625 2503.1240234375 2499.695068359375 2497.35595703125 2497.527099609375 2505.31591796875 2508.18701171875 2507.864013671875 2508.798095703125 2519.696044921875 2530.300048828125 2545.3779296875 2578.985107421875 -9999 -9999 -9999 -9999 -9999 -9999 -9999 -9999 -9999 -9999 -9999 -9999 -9999 -9999 -9999 -9999 -9999 -9999 -9999 -9999
2532.708984375 2531.06005859375 2529.31103515625 2526.652099609375 2524.653076171875 2518.283935546875 2514.493896484375 2513.215087890625 2511.7060546875 2513.51708984375 2512.157958984375 2509.138916015625 2507.030029296875 2511.60107421875 2516.240966796875 2520.451904296875 2522.123046875 2520.214111328125 2518.39501953125 2516.865966796875 2515.576904296875 2515.677978515625 2522.93798828125 2526.51611328125 2523.81494140625 2526.675048828125 2537.06591796875 2547.718017578125 2559.677001953125 -9999 -9999 -9999 -9999 -9999 -9999 -9999 -9999 -9999 -9999 -9999 -9999 -9999 -9999 -9999 -9999 -9999 -9999 -9999 -9999 -9999
2535.030029296875 2533.700927734375 2528.35205078125 2525.23291015625 2523.81396484375 2522.594970703125 2521.77587890625 2522.305908203125 2523.927001953125 2524.577880859375 2524.029052734375 2523.68994140625 2525.571044921875 2528.52197265625 2533.531982421875 2536.10302734375 2534.634033203125 2532.215087890625 2534.10595703125 2536.2470703125 2536.748046875 2537.989013671875 2542.344970703125 2542.06396484375 2544.27490234375 2549.489013671875 2557.360107421875 2565.574951171875 2580.302001953125 -9999 -9999 -9999 -9999 -9999 -9999 -9999 -9999 -9999 -9999 -9999 -9999 -9999 -9999 -9999 -9999 -9999 -9999 -9999 -9999 -9999
2541.10107421875 2535.172119140625 2533.762939453125 2534.4140625 2533.034912109375 2532.64599609375 2535.906982421875 2537.626953125 2536.028076171875 2534.948974609375 2535.60009765625 2536.930908203125 2537.701904296875 2543.012939453125 2550.0830078125 2551.1640625 2551.68505859375 2552.6259765625 2552.95703125 2553.117919921875 2555.049072265625 2558.52001953125 2558.322021484375 2560.7529296875 2566.083984375 2570.553955078125 2577.76708984375 2586.408935546875 -9999 -9999 -9999 -9999 -9999 -9999 -9999 -9999 -9999 -9999 -9999 -9999 -9999 -9999 -9999 -9999 -9999 -9999 -9999 -9999 -9999 -9999
2547.56201171875 2546.093017578125 2542.02392578125 2547.31494140625 2539.27587890625 2540.156982421875 2545.508056640625 2543.43798828125 2539.069091796875 2536.4599609375 2541.111083984375 2546.19189453125 2552.23291015625 2556.803955078125 2565.455078125 2571.205078125 2574.01611328125 2574.636962890625 2574.488037109375 2574.09912109375 2575.469970703125 2581.051025390625 2579.757080078125 2581.861083984375 2585.81298828125 2592.468994140625 2598.529052734375 2607.916015625 -9999 -9999 -9999 -9999 -9999 -9999 -9999 -9999 -9999 -9999 -9999 -9999 -9999 -9999 -9999 -9999 -9999 -9999 -9999 -9999 -9999 -9999
2555.1630859375 2556.5439453125 2554.18505859375 2544.555908203125 2542.51708984375 2544.837890625 2549.30908203125 2545.468994140625 2544.6201171875 2546.700927734375 2554.652099609375 2559.712890625 2568.31396484375 2576.465087890625 2584.01611328125 2589.81591796875 2596.076904296875 2597.97802734375 2599.59912109375 2599.489990234375 2598.760986328125 2603.8720703125 2602.3701171875 2601.826904296875 2611.592041015625 2616.902099609375 2630.98193359375 2634.4140625 -9999 -9999 -9999 -9999 -9999 -9999 -9999 -9999 -9999 -9999 -9999 -9999 -9999 -9999 -9999 -9999 -9999 -9999 -9999 -9999 -9999 -9999
2568.093994140625 2561.85498046875 2561.656005859375 2557.636962890625 2559.318115234375 2559.958984375 2562.090087890625 2566.22998046875 2564.361083984375 2564.35205078125 2571.462890625 2581.06396484375 2590.10498046875 2598.666015625 2606.076904296875 2611.697021484375 2615.468017578125 2622.158935546875 2624.31005859375 2623.031005859375 2622.5419921875 2627.02294921875 2625.695068359375 2625.3369140625 2639.949951171875 2649.717041015625 2662.551025390625 -9999 -9999 -9999 -9999 -9999 -9999 -9999 -9999 -9999 -9999 -9999 -9999 -9999 -9999 -9999 -9999 -9999 -9999 -9999 -9999 -9999 -9999 -9999
2572.125 2569.5458984375 2567.22705078125 2563.498046875 2566.278076171875 2567.678955078125 2569.919921875 2572.740966796875 2574.2119140625 2575.962890625 2584.154052734375 2594.4150390625 2604.0048828125 2612.196044921875 2618.547119140625 2624.508056640625 2629.158935546875 2633.659912109375 2633.60107421875 2635.902099609375 2636.3720703125 2641.242919921875 2639.446044921875 2637.822998046875 2653.906005859375 2660.281005859375 -9999 -9999 -9999 -9999 -9999 -9999 -9999 -9999 -9999 -9999 -9999 -9999 -9999 -9999 -9999 -9999 -9999 -9999 -9999 -9999 -9999 -9999 -9999 -9999
2577.93603515625 2575.636962890625 2574.337890625 2573.43896484375 2574.320068359375 2582.89990234375 2585.5810546875 2593.2119140625 2598.212890625 2609.89404296875 2608.804931640625 2616.3359375 2625.47607421875 2634.007080078125 2641.097900390625 2646.448974609375 2648.56005859375 2650.7109375 2654.422119140625 2660.153076171875 2660.452880859375 2661.0439453125 2662.4189453125 2659.7939453125 2675.531982421875 2695.5810546875 -9999 -9999 -9999 -9999 -9999 -9999 -9999 -9999 -9999 -9999 -9999 -9999 -9999 -9999 -9999 -9999 -9999 -9999 -9999 -9999 -9999 -9999 -9999 -9999
2592.886962890625 2590.197998046875 2590.8291015625 2592.6298828125 2594.4609375 2602.660888671875 2607.912109375 2615.673095703125 2622.654052734375 2634.155029296875 2632.85595703125 2637.6669921875 2644.97705078125 2654.197998046875 2662.339111328125 2669.18994140625 2671.35107421875 2673.902099609375 2675.712890625 2678.364013671875 2678.85400390625 2681.485107421875 2683.873046875 2685.794921875 2697.467041015625 2718.73193359375 -9999 -9999 -9999 -9999 -9999 -9999 -9999 -9999 -9999 -9999 -9999 -9999 -9999 -9999 -9999 -9999 -9999 -9999 -9999 -9999 -9999 -9999 -9999 -9999
2609.01806640625 2612.26904296875 2613.580078125 2615.19091796875 2617.491943359375 2624.52197265625 2632.123046875 2638.593994140625 2648.06494140625 2662.47607421875 2657.927001953125 2661.68798828125 2667.138916015625 2673.618896484375 2681.31005859375 2688.430908203125 2691.822021484375 2694.903076171875 2699.174072265625 2699.4951171875 2700.6650390625 2702.736083984375 2706.60009765625 2712.965087890625 2724.06201171875 -9999 -9999 -9999 -9999 -9999 -9999 -9999 -9999 -9999 -9999 -9999 -9999 -9999 -9999 -9999 -9999 -9999 -9999 -9999 -9999 -9999 -9999 -9999 -9999 -9999
2632.76904296875 2635.739990234375 2637.40087890625 2638.991943359375 2641.593017578125 2648.1630859375 2653.14404296875 2661.56494140625 2670.365966796875 2682.45703125 2685.887939453125 2686.5390625 2688.93994140625 2695.239990234375 2702.321044921875 2708.802001953125 2711.85302734375 2715.343994140625 2719.8349609375 2721.256103515625 2721.095947265625 2723.1669921875 2727.840087890625 2729.674072265625 -9999 -9999 -9999 -9999 -9999 -9999 -9999 -9999 -9999 -9999 -9999 -9999 -9999 -9999 -9999 -9999 -9999 -9999 -9999 -9999 -9999 -9999 -9999 -9999 -9999 -9999
2656 2659.31103515625 2662.842041015625 2662.032958984375 2665.303955078125 2671.68408203125 2675.514892578125 2683.06591796875 2692.366943359375 2705.337890625 2710.708984375 2713.280029296875 2711.510986328125 2718.970947265625 2726.39208984375 2723.3330078125 2723.783935546875 2724.465087890625 2730.85595703125 2730.537109375 2729.697998046875 2727.837890625 -9999 -9999 -9999 -9999 -9999 -9999 -9999 -9999 -9999 -9999 -9999 -9999 -9999 -9999 -9999 -9999 -9999 -9999 -9999 -9999 -9999 -9999 -9999 -9999 -9999 -9999 -9999 -9999
2680.591064453125 2683.48193359375 2687.363037109375 2686.68408203125 2689.1650390625 2697.5849609375 2699.906005859375 2705.556884765625 2712.80810546875 2723.958984375 2733.590087890625 2732.35107421875 2734.69189453125 2731.511962890625 2729.673095703125 2726.303955078125 2725.3349609375 2725.166015625 2732.826904296875 -9999 -9999 -9999 -9999 -9999 -9999 -9999 -9999 -9999 -9999 -9999 -9999 -9999 -9999 -9999 -9999 -9999 -9999 -9999 -9999 -9999 -9999 -9999 -9999 -9999 -9999 -9999 -9999 -9999 -9999 -9999
2705.58203125 2707.73291015625 2708.6640625 2712.39501953125 2714.39599609375 2721.846923828125 2722.076904296875 2728.427978515625 2736.18896484375 2739.449951171875 2737.450927734375 2732.342041015625 2730.193115234375 2731.462890625 2728.823974609375 2726.014892578125 2725.906005859375 2730.177001953125 2730.498046875 2740.279052734375 -9999 -9999 -9999 -9999 -9999 -9999 -9999 -9999 -9999 -9999 -9999 -9999 -9999 -9999 -9999 -9999 -9999 -9999 -9999 -9999 -9999 -9999 -9999 -9999 -9999 -9999 -9999 -9999 -9999 -9999
2730.52294921875 2734.944091796875 2732.8349609375 2736.43603515625 2740.217041015625 2745.258056640625 2746.51806640625 2750.218994140625 2746.25 2742.14111328125 2732.58203125 2728.1650390625 2728.1650390625 2728.1650390625 2728.1650390625 -9999 -9999 -9999 -9999 -9999 -9999 -9999 -9999 -9999 -9999 -9999 -9999 -9999 -9999 -9999 -9999 -9999 -9999 -9999 -9999 -9999 -9999 -9999 -9999 -9999 -9999 -9999 -9999 -9999 -9999 -9999 -9999 -9999 -9999 -9999
2757.47412109375 2762.824951171875 2759.615966796875 2760.576904296875 2763.697998046875 2765.3291015625 2762.888916015625 2754.090087890625 2750.0810546875 2744.7919921875 2735.54296875 2735.75390625 2737.93505859375 -9999 -9999 -9999 -9999 -9999 -9999 -9999 -9999 -9999 -9999 -9999 -9999 -9999 -9999 -9999 -9999 -9999 -9999 -9999 -9999 -9999 -9999 -9999 -9999 -9999 -9999 -9999 -9999 -9999 -9999 -9999 -9999 -9999 -9999 -9999 -9999 -9999
2786.18505859375 2788.785888671875 2781.056884765625 2779.80810546875 2773.72900390625 2769.93994140625 2771.739990234375 2765.40087890625 2759.451904296875 2752.02294921875 -9999 -9999 -9999 -9999 -9999 -9999 -9999 -9999 -9999 -9999 -9999 -9999 -9999 -9999 -9999 -9999 -9999 -9999 -9999 -9999 -9999 -9999 -9999 -9999 -9999 -9999 -9999 -9999 -9999 -9999 -9999 -9999 -9999 -9999 -9999 -9999 -9999 -9999 -9999 -9999
