data/Bacino3/DemBacino3.asc
ncols        155
nrows        91
xllcorner    624331.489019817906
yllcorner    5139924.986609533429
cellsize     30.005356186400
NODATA_value  -9999
[rows 0 to 21 of 91, columns 0 to 49 of 155]
-9999.0 -9999 -9999 -9999 -9999 -9999 -9999 -9999 -9999 -9999 -9999 -9999 -9999 -9999 -9999 -9999 -9999 -9999 -9999 -9999 -9999 -9999 -9999 -9999 -9999 -9999 -9999 -9999 -9999 -9999 -9999 -9999 -9999 -9999 -9999 -9999 -9999 -9999 -9999 -9999 -9999 -9999 -9999 -9999 -9999 -9999 -9999 -9999 -9999 -9999
-9999 -9999 -9999 -9999 -9999 -9999 -9999 -9999 -9999 -9999 -9999 -9999 -9999 -9999 -9999 -9999 -9999 -9999 -9999 -9999 -9999 -9999 -9999 -9999 -9999 -9999 -9999 -9999 -9999 -9999 -9999 -9999 -9999 -9999 -9999 -9999 -9999 -9999 -9999 -9999 -9999 -9999 -9999 -9999 -9999 -9999 -9999 3253.68994140625 3249.69091796875 3248.1220703125
-9999 -9999 -9999 -9999 -9999 -9999 -9999 -9999 -9999 -9999 -9999 -9999 -9999 -9999 -9999 -9999 -9999 -9999 -9999 -9999 -9999 -9999 -9999 -9999 -9999 -9999 -9999 -9999 -9999 -9999 -9999 -9999 -9999 -9999 -9999 -9999 -9999 -9999 -9999 -9999 -9999 -9999 -9999 -9999 -9999 -9999 3244.830078125 3242.301025390625 3241.761962890625 3233.302978515625
-9999 -9999 -9999 -9999 -9999 -9999 -9999 -9999 -9999 -9999 -9999 -9999 -9999 -9999 -9999 -9999 -9999 -9999 -9999 -9999 -9999 -9999 -9999 -9999 -9999 -9999 -9999 -9999 -9999 -9999 -9999 -9999 -9999 -9999 -9999 -9999 -9999 -9999 -9999 -9999 -9999 -9999 -9999 -9999 -9999 3238.050048828125 3234.801025390625 3229.27197265625 3220.712890625 3212.60400390625
-9999 -9999 -9999 -9999 -9999 -9999 -9999 -9999 -9999 -9999 -9999 -9999 -9999 -9999 -9999 -9999 -9999 -9999 -9999 -9999 -9999 -9999 -9999 -9999 -9999 -9999 -9999 -9999 -9999 -9999 -9999 -9999 -9999 -9999 -9999 -9999 -9999 -9999 -9999 -9999 -9999 -9999 -9999 -9999 3229.071044921875 3228.430908203125 3222.862060546875 3214.492919921875 3196.22412109375 3187.215087890625
-9999 -9999 -9999 -9999 -9999 -9999 -9999 -9999 -9999 -9999 -9999 -9999 -9999 -9999 -9999 -9999 -9999 -9999 -9999 -9999 -9999 -9999 -9999 -9999 -9999 -9999 -9999 -9999 -9999 -9999 -9999 -9999 -9999 -9999 -9999 -9999 -9999 -9999 -9999 -9999 -9999 -9999 -9999 3231.571044921875 3227.06201171875 3214.362060546875 3206.0029296875 3189.48388671875 3173.8349609375 3160.68603515625
-9999 -9999 -9999 -9999 -9999 -9999 -9999 -9999 -9999 -9999 -9999 -9999 -9999 -9999 -9999 -9999 -9999 -9999 -9999 -9999 -9999 -9999 -9999 -9999 -9999 -9999 -9999 -9999 -9999 -9999 -9999 -9999 -9999 -9999 -9999 -9999 -9999 -9999 -9999 -9999 -9999 3247.5400390625 3233.430908203125 3227.412109375 3223.52294921875 3204.73388671875 3185.243896484375 3167.68505859375 3151.535888671875 3138.85693359375
-9999 -9999 -9999 -9999 -9999 -9999 -9999 -9999 -9999 -9999 -9999 -9999 -9999 -9999 -9999 -9999 -9999 -9999 -9999 -9999 -9999 -9999 -9999 -9999 -9999 -9999 -9999 -9999 -9999 -9999 -9999 -9999 -9999 -9999 -9999 -9999 -9999 -9999 -9999 -9999 3253.27001953125 3243.52099609375 3233.451904296875 3233.04296875 3217.303955078125 3198.93505859375 3178.4951171875 3160.0859375 3138.616943359375 3117.837890625
-9999 -9999 -9999 -9999 -9999 -9999 -9999 -9999 -9999 -9999 -9999 -9999 -9999 -9999 -9999 -9999 -9999 -9999 -9999 -9999 -9999 -9999 -9999 -9999 -9999 -9999 -9999 -9999 -9999 -9999 -9999 -9999 -9999 -9999 -9999 -9999 -9999 -9999 -9999 3278.06005859375 3256.071044921875 3248.1220703125 3245.712890625 3231.97412109375 3216.06494140625 3191.006103515625 3170.8369140625 3152.906982421875 3135.697998046875 3119.3291015625
-9999 -9999 -9999 -9999 -9999 -9999 -9999 -9999 -9999 -9999 -9999 -9999 -9999 -9999 -9999 -9999 -9999 -9999 -9999 -9999 -9999 -9999 -9999 -9999 -9999 -9999 -9999 -9999 -9999 -9999 -9999 -9999 -9999 -9999 -9999 -9999 -9999 3318.589111328125 3298.169921875 3278.930908203125 3270.23193359375 3253.403076171875 3237.513916015625 3227.7451171875 3206.716064453125 3185.257080078125 3162.93798828125 3143.947998046875 3132.37890625 3110.570068359375
-9999 -9999 -9999 3569.159912109375 -9999 -9999 -9999 -9999 -9999 -9999 -9999 -9999 -9999 -9999 -9999 -9999 -9999 -9999 -9999 -9999 -9999 -9999 -9999 -9999 -9999 -9999 -9999 -9999 -9999 -9999 -9999 -9999 -9999 -9999 -9999 -9999 3336.47900390625 3318.590087890625 3302.321044921875 3283.64208984375 3263.81298828125 3242.833984375 3229.06494140625 3219.43603515625 3198.777099609375 3181.22802734375 3158.87890625 3132.52001953125 3122.31005859375 3092.15087890625
-9999 -9999 3574.010009765625 3562.571044921875 3555.60205078125 3551.2529296875 3544.364990234375 -9999 -9999 -9999 -9999 -9999 -9999 -9999 -9999 -9999 -9999 -9999 -9999 -9999 -9999 -9999 -9999 -9999 -9999 -9999 -9999 -9999 -9999 -9999 -9999 -9999 -9999 -9999 -9999 3348.618896484375 3336.97998046875 3318.990966796875 3293.612060546875 3280.98291015625 3253.654052734375 3239.014892578125 3223.446044921875 3214.797119140625 3192.22802734375 3174.22900390625 3146.010009765625 3131.44091796875 3116.680908203125 3079.382080078125
-9999 3569.93896484375 3554.6708984375 3545.5419921875 3537.282958984375 3534.18408203125 3531.614990234375 3531.416015625 3520.367919921875 3513.368896484375 -9999 -9999 -9999 -9999 -9999 -9999 -9999 -9999 -9999 -9999 -9999 -9999 -9999 -9999 -9999 -9999 -9999 -9999 -9999 -9999 -9999 -9999 -9999 -9999 3361.137939453125 3350.409912109375 3333.8310546875 3304.56201171875 3291.202880859375 3272.323974609375 3248.0048828125 3234.075927734375 3225.47705078125 3207.43798828125 3188.64892578125 3171.639892578125 3147.321044921875 3134.08203125 3104.73291015625 3085.77294921875
3566.218994140625 3550.14990234375 3534.39111328125 3519.842041015625 3514.1240234375 3503.14501953125 3496.43603515625 3507.237060546875 3496.468017578125 3510.169921875 3506.19091796875 3502.822021484375 3502.363037109375 3506.39404296875 3511.18505859375 3515.346923828125 -9999 -9999 3526.47998046875 3530.5810546875 -9999 -9999 -9999 -9999 -9999 -9999 -9999 -9999 -9999 -9999 -9999 3399.1259765625 3387.876953125 3369.657958984375 3361.47900390625 3342.510986328125 3313.89208984375 3299.39306640625 3289.924072265625 3266.43505859375 3249.385986328125 3231.20703125 3220.01806640625 3201.779052734375 3183.5400390625 3162.14111328125 3133.14208984375 3122.802978515625 3104.9140625 3070.114013671875
3552.929931640625 3534.8310546875 3518.701904296875 3503.93310546875 3495.60400390625 3485.5859375 3476.156982421875 3468.568115234375 3469.43896484375 3481.570068359375 3478.4609375 3477.173095703125 3481.634033203125 3501.93505859375 3504.845947265625 3513.927001953125 3517.2490234375 3520.489990234375 3518.89111328125 3530.31201171875 3531.222900390625 3532.534912109375 3519.035888671875 3510.927001953125 3497.657958984375 3481.39892578125 3465.69091796875 3448.81201171875 3432.242919921875 3418.9140625 3407.285888671875 3395.717041015625 3384.0380859375 3374.9189453125 3356.179931640625 3330.991943359375 3311.512939453125 3293.25390625 3278.4150390625 3264.0859375 3247.126953125 3223.988037109375 3219.4990234375 3202.56005859375 3176.89111328125 3154.741943359375 3135.81298828125 3120.333984375 3089.27490234375 3066.89599609375
3548.169921875 3527.89111328125 3509.0830078125 3495.093994140625 3481.044921875 3467.8759765625 3456.027099609375 3451.72900390625 3447.35009765625 3444.6708984375 3447.882080078125 3450.443115234375 3450.97509765625 3458.656005859375 3477.4970703125 3488.85791015625 3495.87890625 3495.44091796875 3492.322021484375 3498.383056640625 3508.573974609375 3511.966064453125 3508.4970703125 3503.427978515625 3489.138916015625 3475.39990234375 3461.4619140625 3446.693115234375 3431.444091796875 3419.455078125 3403.18603515625 3389.64794921875 3379.089111328125 3366.64990234375 3350.240966796875 3328.7529296875 3304.47412109375 3289.5849609375 3269.736083984375 3256.93701171875 3236.637939453125 3225.118896484375 3215.47998046875 3200.48095703125 3167.64208984375 3150.35302734375 3134.944091796875 3119.68505859375 3096.0859375 3068.39697265625
3545.200927734375 3525.672119140625 3507.68310546875 3491.634033203125 3477.285888671875 3464.8369140625 3453.488037109375 3442.759033203125 3434.19091796875 3427.98193359375 3426.072998046875 3421.2041015625 3425.445068359375 3434.277099609375 3448.7080078125 3457.43896484375 3465.659912109375 3460.69189453125 3459.072998046875 3468.72412109375 3467.344970703125 3473.595947265625 3471.718017578125 3487.428955078125 3469.110107421875 3458.200927734375 3452.77294921875 3441.654052734375 3429.344970703125 3416.756103515625 3402.527099609375 3388.85888671875 3373.8701171875 3355.31103515625 3347.02197265625 3328.1640625 3308.804931640625 3286.02587890625 3267.20703125 3244.80810546875 3226.718994140625 3218.330078125 3203.62109375 3190.261962890625 3164.262939453125 3150.493896484375 3135.824951171875 3114.805908203125 3093.616943359375 3070.068115234375
-9999 3525.373046875 3507.583984375 3491.544921875 3477.4560546875 3464.9580078125 3453.799072265625 3442.820068359375 3431.821044921875 3421.73291015625 3413.243896484375 3407.445068359375 3404.176025390625 3403.697021484375 3418.80908203125 3432.1298828125 3433.111083984375 3435.031982421875 3429.02392578125 3440.844970703125 3441.785888671875 3441.047119140625 3446.238037109375 3465.580078125 3458.291015625 3446.181884765625 3440.302978515625 3435.054931640625 3426.736083984375 3417.346923828125 3400.097900390625 3385.580078125 3364.450927734375 3349.27197265625 3342.673095703125 3322.034912109375 3302.845947265625 3280.777099609375 3259.258056640625 3239.12890625 3224.050048828125 3208.291015625 3191.241943359375 3173.363037109375 3162.654052734375 3148.405029296875 3132.26611328125 3113.177001953125 3094.927978515625 3075.62890625
-9999 3527.193115234375 3509.135009765625 3493.14599609375 3478.797119140625 3465.508056640625 3453.030029296875 3441.39111328125 3429.9619140625 3419.302978515625 3408.7939453125 3399.095947265625 3393.596923828125 3389.427978515625 3391.62890625 3399.5810546875 3398.261962890625 3406.552978515625 3403.214111328125 3401.885986328125 3411.39697265625 3411.697998046875 3426.7490234375 3431.31103515625 3434.7119140625 3438.903076171875 3434.803955078125 3430.426025390625 3418.366943359375 3410.30810546875 3394.5390625 3382.6708984375 3358.2919921875 3342.29296875 3334.93408203125 3311.595947265625 3286.156982421875 3267.5380859375 3250.9189453125 3232.2900390625 3214.571044921875 3200.0419921875 3180.962890625 3156.083984375 3135.044921875 3126.885986328125 3110.947021484375 3088.39794921875 3071.68896484375 3050.93994140625
-9999 3529.763916015625 3511.68505859375 3495.31591796875 3480.4580078125 3466.549072265625 3453.179931640625 3440.81103515625 3429.48291015625 3419.23388671875 3409.054931640625 3398.305908203125 3388.26806640625 3380.8291015625 3376.919921875 3372.12109375 3372.79296875 3368.1640625 3376.054931640625 3370.2060546875 3373.238037109375 3385.408935546875 3392.989990234375 3402.910888671875 3410.4130859375 3415.964111328125 3410.135009765625 3409.68603515625 3402.548095703125 3393.839111328125 3386.510009765625 3367.44189453125 3352.02294921875 3341.50390625 3322.0048828125 3296.846923828125 3273.068115234375 3254.299072265625 3235.89990234375 3215.531005859375 3199.862060546875 3188.43310546875 3162.9140625 3133.7451171875 3115.31591796875 3100.076904296875 3084.05810546875 3067.178955078125 3048.7900390625 3032.571044921875
-9999 3535.97509765625 3516.24609375 3498.306884765625 3482.117919921875 3467.469970703125 3453.7509765625 3441.27197265625 3430.472900390625 3421.514892578125 3412.166015625 3402.967041015625 3388.117919921875 3376.820068359375 3364.69091796875 3356.39208984375 3351.614013671875 3346.074951171875 3349.736083984375 3346.72705078125 3344.7890625 3352.929931640625 3364.291015625 3380.721923828125 3384.18408203125 3402.5849609375 3389.216064453125 3387.326904296875 3384.22900390625 3377.2099609375 3369.87109375 3358.73193359375 3348.833984375 3338.06494140625 3318.10595703125 3293.677978515625 3266.2890625 3241.070068359375 3223.881103515625 3204.672119140625 3183.60302734375 3162.81396484375 3137.905029296875 3116.946044921875 3097.777099609375 3079.968017578125 3064.118896484375 3053.889892578125 3039.06103515625 3035.02197265625
-9999 3545.0048828125 3524.18701171875 3503.117919921875 3484.638916015625 3468.85009765625 3455.02197265625 3442.18310546875 3431.39404296875 3422.27490234375 3411.507080078125 3399.51806640625 3385.839111328125 3368.6708984375 3355.10205078125 3344.302978515625 3335.033935546875 3329.785888671875 3325.72705078125 3327.617919921875 3325.218994140625 3330.841064453125 3339.471923828125 3352.56298828125 3359.72412109375 3374.385986328125 3368.4970703125 3364.93798828125 3365.1201171875 3358.37109375 3356.612060546875 3349.202880859375 3340.47509765625 3324.64599609375 3309.376953125 3291.718994140625 3265.860107421875 3239.65087890625 3214.60205078125 3194.492919921875 3175.50390625 3156.114990234375 3134.0458984375 3112.237060546875 3092.218017578125 3075.39892578125 3059.110107421875 3047.160888671875 3035.751953125 3033.77294921875
