data/Bacino2/DemBacino2.asc
ncols        174
nrows        139
xllcorner    624211.467595072347
yllcorner    5141455.259775039740
cellsize     30.005356186400
NODATA_value  -9999
[rows 42 to 62 of 139, columns 94 to 140 of 174]
2675.77392578125 2663.9951171875 2648.43505859375 2632.946044921875 2622.427001953125 2617.568115234375 2625.279052734375 2618.639892578125 2612.791015625 2613.761962890625 2617.6630859375 2628.56396484375 2640.175048828125 2661.0458984375 2667.306884765625 2670.947998046875 2669.9189453125 2663.570068359375 2656.291015625 2651.181884765625 2649.10302734375 2648.7041015625 2652.425048828125 2664.006103515625 2679.10693359375 2692.137939453125 2705.9189453125 2733.739990234375 2757.361083984375 2800.041015625 2825.94189453125 2827.343017578125 2826.493896484375 2820.885986328125 2821.18701171875 2830.41796875 2845.360107421875 2854.680908203125 2855.02197265625 2854.513916015625 2861.235107421875 2852.346923828125 2826.8779296875 2801.0791015625 2779.010986328125 2762.761962890625 2754.493896484375
2678.992919921875 2663.404052734375 2647.97509765625 2634.385986328125 2619.4970703125 2609.3779296875 2610.948974609375 2619.64990234375 2611.781005859375 2611.951904296875 2611.593017578125 2618.083984375 2625.215087890625 2636.666015625 2649.326904296875 2653.887939453125 2659.638916015625 2662.860107421875 2650.27099609375 2645.342041015625 2643.48291015625 2644.823974609375 2647.514892578125 2653.595947265625 2665.136962890625 2682.386962890625 2701.39794921875 2721.93896484375 2753.929931640625 2784.3310546875 2803.491943359375 2804.10302734375 2800.593994140625 2796.294921875 2794.2470703125 2801.387939453125 2820.739990234375 2833.31103515625 2834.552001953125 2832.97412109375 2848.905029296875 2843.5859375 2820.30810546875 2795.908935546875 2778.051025390625 2759.902099609375 2748.883056640625
2676.802978515625 2662.593994140625 2645.635009765625 2631.31591796875 2620.9169921875 2607.867919921875 2601.799072265625 2602.639892578125 2612.10107421875 2610.931884765625 2609.1630859375 2607.97412109375 2614.5048828125 2622.3359375 2630.85693359375 2640.258056640625 2645.489013671875 2647.5 2642.23095703125 2637.912109375 2635.322998046875 2638.472900390625 2641.7939453125 2647.114990234375 2654.285888671875 2671.31689453125 2686.35791015625 2715.089111328125 2753.14990234375 2777.14111328125 2779.761962890625 2781.1630859375 2780.384033203125 2775.864990234375 2772.866943359375 2772.947998046875 2787.458984375 2814.0810546875 2821.592041015625 2815.39404296875 2833.385009765625 2836.305908203125 2816.157958984375 2797.8291015625 2779.60009765625 2767.412109375 2753.782958984375
2670.9130859375 2655.053955078125 2643.9951171875 2628.676025390625 2618.007080078125 2608.718017578125 2600.678955078125 2597.760009765625 2600.10107421875 2605.7119140625 2605.5830078125 2604.263916015625 2605.294921875 2611.285888671875 2619.5869140625 2626.238037109375 2628.658935546875 2631.138916015625 2632.06005859375 2627.0810546875 2622.302001953125 2628.052978515625 2634.364013671875 2638.125 2643.075927734375 2657.60693359375 2672.988037109375 2707.0791015625 2736.449951171875 2757.781005859375 2757.402099609375 2755.262939453125 2759.23388671875 2761.034912109375 2757.236083984375 2753.55810546875 2763.64892578125 2784.12109375 2798.422119140625 2797.73291015625 2803.264892578125 2818.3359375 2814.80810546875 2797.93896484375 2784.090087890625 2774.431884765625 2757.443115234375
2671.883056640625 2650.404052734375 2632.85498046875 2627.006103515625 2613.5869140625 2604.318115234375 2598.029052734375 2587.679931640625 2590.430908203125 2592.14208984375 2595.452880859375 2597.48388671875 2596.804931640625 2601.916015625 2608.24609375 2611.81689453125 2614.16796875 2616.408935546875 2619.389892578125 2617.5009765625 2612.152099609375 2615.31298828125 2622.114013671875 2628.39501953125 2634.18603515625 2644.596923828125 2662.818115234375 2689.279052734375 2716.639892578125 2742.9208984375 2738.5419921875 2737.222900390625 2743.5439453125 2742.324951171875 2741.51611328125 2743.427978515625 2744.85888671875 2752.27001953125 2757.83203125 2755.18310546875 2765.195068359375 2784.8359375 2795.4169921875 2783.029052734375 2781.909912109375 2775.60205078125 2760.2529296875
2671.153076171875 2653.2939453125 2631.85498046875 2611.89599609375 2599.1669921875 2591.1279296875 2583.678955078125 2576.340087890625 2573.051025390625 2573.511962890625 2574.491943359375 2577.923095703125 2579.083984375 2582.97509765625 2588.3759765625 2595.406982421875 2601.818115234375 2604.138916015625 2605 2604.12109375 2602.751953125 2602.712890625 2610.823974609375 2618.074951171875 2623.60595703125 2635.346923828125 2645.427978515625 2686.7890625 2706.2099609375 2731.361083984375 2722.092041015625 2716.202880859375 2719.464111328125 2713.824951171875 2717.285888671875 2728.7880859375 2737.618896484375 2743.8798828125 2741.08203125 2742.492919921875 2748.47412109375 2754.56591796875 2769.406982421875 2771.80908203125 2770.949951171875 2772.450927734375 2760.512939453125
2669.85302734375 2650.22412109375 2634.804931640625 2614.986083984375 2602.68701171875 2596.827880859375 2588.259033203125 2582.368896484375 2575.75 2569.48095703125 2562.58203125 2560.0029296875 2561.833984375 2561.905029296875 2567.196044921875 2574.47705078125 2582.258056640625 2590.5390625 2597.580078125 2593.740966796875 2594.58203125 2592.6630859375 2599.614013671875 2606.014892578125 2615.60595703125 2620.927001953125 2633.258056640625 2659.138916015625 2697.739990234375 2712.861083984375 2702.81103515625 2698.882080078125 2691.653076171875 2694.705078125 2697.93603515625 2698.797119140625 2716.388916015625 2731.27001953125 2735.751953125 2737.60302734375 2742.7939453125 2744.68603515625 2748.70703125 2753.927978515625 2758.5 2760.65087890625 2753.712890625
2659.133056640625 2644.924072265625 2631.52490234375 2622.466064453125 2615.345947265625 2608.826904296875 2601.14794921875 2594.339111328125 2587.070068359375 2578.35107421875 2571.382080078125 2564.23291015625 2558.1640625 2551.864990234375 2549.18603515625 2555.076904296875 2565.55810546875 2574.009033203125 2582.889892578125 2586.131103515625 2588.94189453125 2587.452880859375 2589.6640625 2592.544921875 2605.68603515625 2615.5869140625 2622.556884765625 2637.008056640625 2657.8291015625 2686.2900390625 2680.98095703125 2686.2919921875 2682.512939453125 2679.073974609375 2678.81591796875 2680.677001953125 2694.43896484375 2714.860107421875 2722.281005859375 2730.472900390625 2741.924072265625 2745.176025390625 2744.906982421875 2744.407958984375 2750.159912109375 2752.5810546875 2745.98291015625
2663.511962890625 2652.633056640625 2645.60400390625 2639.235107421875 2632.60595703125 2625.447021484375 2617.528076171875 2609.779052734375 2601.320068359375 2593.010986328125 2584.221923828125 2575.532958984375 2567.573974609375 2558.764892578125 2549.916015625 2545.616943359375 2546.43798828125 2554.239013671875 2562.72998046875 2570.591064453125 2577.31201171875 2582.02294921875 2582.464111328125 2585.00390625 2593.125 2606.10595703125 2616.4970703125 2624.5380859375 2625.208984375 2628.3798828125 2634.910888671875 2646.672119140625 2662.742919921875 2662.6240234375 2662.39599609375 2665.217041015625 2673.758056640625 2686.080078125 2699.531005859375 2711.43310546875 2721.9541015625 2727.9951171875 2732.927001953125 2737.16796875 2741.52001953125 2750.0009765625 2743.001953125
2663.451904296875 2664.952880859375 2662.85400390625 2658.465087890625 2651.676025390625 2644.2470703125 2635.548095703125 2627.049072265625 2617.8798828125 2608.510986328125 2598.931884765625 2588.873046875 2578.944091796875 2567.235107421875 2554.77587890625 2546.366943359375 2543.597900390625 2542.218994140625 2546.1298828125 2554.470947265625 2558.071044921875 2565.7919921875 2569.242919921875 2577.073974609375 2588.0048828125 2595.7060546875 2605.547119140625 2616.93798828125 2618.339111328125 2614.340087890625 2619.0009765625 2628.06201171875 2639.89306640625 2649.194091796875 2648.8349609375 2649.826904296875 2656.907958984375 2664.719970703125 2672.571044921875 2680.552001953125 2695.714111328125 2700.885009765625 2713.467041015625 2722.1279296875 2726.178955078125 2738.990966796875 2745.912109375
2639.931884765625 2636.992919921875 2636.803955078125 2637.60498046875 2640.166015625 2650.427001953125 2653.718017578125 2644.93896484375 2635.610107421875 2625.5009765625 2613.89208984375 2602.843017578125 2591.1640625 2577.39501953125 2564.5458984375 2552.14697265625 2543.9970703125 2541.548095703125 2540.5791015625 2540.281005859375 2540.281005859375 2544.152099609375 2554.472900390625 2560.904052734375 2572.844970703125 2580.365966796875 2588.076904296875 2605.867919921875 2613.55908203125 2611.2099609375 2608.9208984375 2618.1220703125 2625.14306640625 2632.803955078125 2642.594970703125 2638.126953125 2642.738037109375 2645.330078125 2653.631103515625 2658.69189453125 2670.22412109375 2676.955078125 2686.2958984375 2700.887939453125 2718.43896484375 2722.930908203125 2733.402099609375
2628.261962890625 2621.052978515625 2618.35400390625 2617.68505859375 2618.055908203125 2621.527099609375 2628.89794921875 2636.989013671875 2650.75 2642.48095703125 2629.58203125 2616.822998046875 2603.85400390625 2589.2041015625 2574.35498046875 2562.72607421875 2554.447021484375 2547.488037109375 2542.26904296875 2540.281005859375 2540.281005859375 2540.281005859375 2540.281005859375 2544.4140625 2555.43505859375 2566.916015625 2575.18701171875 2589.66796875 2604.368896484375 2609.429931640625 2608.740966796875 2609.721923828125 2616.373046875 2619.6240234375 2625.4951171875 2629.507080078125 2630.05810546875 2630.118896484375 2634.700927734375 2638.451904296875 2646.593994140625 2657.60498046875 2664.72607421875 2676.26806640625 2696.708984375 2705.381103515625 2718.27197265625
2620.989990234375 2616.321044921875 2612.89208984375 2607.35302734375 2604.384033203125 2603.945068359375 2607.196044921875 2614.31591796875 2623.737060546875 2635.2080078125 2645.339111328125 2632.4599609375 2618.410888671875 2602.631103515625 2588.701904296875 2579.39306640625 2570.083984375 2561.135009765625 2550.966064453125 2544.20703125 2540.281005859375 2540.281005859375 2540.281005859375 2540.281005859375 2540.281005859375 2550.382080078125 2563.623046875 2577.343017578125 2592.06396484375 2605.044921875 2612.845947265625 2611.056884765625 2607.179931640625 2607.804931640625 2609.590087890625 2614.2109375 2613.423095703125 2618.4130859375 2621.77392578125 2627.291015625 2635.64208984375 2643.875 2654.323974609375 2666.384033203125 2678.156982421875 2689.47509765625 2702.5791015625
2618.860107421875 2612.65087890625 2607.27197265625 2603.123046875 2598.823974609375 2594.965087890625 2594.64599609375 2596.365966796875 2603.89697265625 2613.16796875 2621.319091796875 2626.27001953125 2626.2109375 2619.260986328125 2606.922119140625 2597.202880859375 2587.073974609375 2576.1650390625 2564.24609375 2552.326904296875 2545.297119140625 2544.5380859375 2548.3291015625 2546.0400390625 2540.48095703125 2535.382080078125 2547.98193359375 2560.29296875 2578.073974609375 2602.985107421875 2611.43603515625 2615.56689453125 2609.947021484375 2605.952880859375 2600.541015625 2601.464111328125 2603.2109375 2609.906005859375 2618.032958984375 2624.52099609375 2635.72607421875 2637.360107421875 2644.541015625 2655.656982421875 2663.81103515625 2675.508056640625 2685.97509765625
2630.719970703125 2621.841064453125 2610.531982421875 2601.383056640625 2593.27392578125 2587.965087890625 2586.22509765625 2587.035888671875 2590.126953125 2596.697998046875 2602.34912109375 2607.75 2610.48095703125 2608.760986328125 2610.23193359375 2612.04296875 2604.9541015625 2592.5849609375 2579.31591796875 2567.14697265625 2559.20703125 2562.05810546875 2565.928955078125 2563.3798828125 2552.44091796875 2539.6220703125 2531.931884765625 2545.52294921875 2552.97412109375 2579.22509765625 2595.406005859375 2603.56689453125 2598.583984375 2585.464111328125 2587.47998046875 2591.346923828125 2594.48193359375 2603.052978515625 2616.342041015625 2624.216064453125 2630.113037109375 2634.89990234375 2636.447998046875 2642.10791015625 2649.3798828125 2659.60107421875 2667.155029296875
2628.7900390625 2616.930908203125 2605.77197265625 2593.623046875 2583.843994140625 2575.324951171875 2574.324951171875 2572.696044921875 2579.277099609375 2587.837890625 2593.12890625 2595.2900390625 2597.19091796875 2598.111083984375 2596.862060546875 2596.552978515625 2597.364013671875 2597.304931640625 2589.7958984375 2579.10595703125 2572.72705078125 2570.498046875 2569.299072265625 2577.9599609375 2565.510986328125 2548.882080078125 2532.652099609375 2530.0029296875 2534.464111328125 2545.43505859375 2558.666015625 2563.947021484375 2566.056884765625 2564.131103515625 2568.805908203125 2578.77490234375 2584.527099609375 2591.23388671875 2603.31591796875 2615.26806640625 2622.882080078125 2629.81396484375 2630.197998046875 2629.6708984375 2637.2529296875 2642.783935546875 2650.56689453125
2622.85009765625 2611.56103515625 2598.0419921875 2584.212890625 2572.7939453125 2564.534912109375 2562.93505859375 2561.385986328125 2566.95703125 2573.93798828125 2581.319091796875 2587.570068359375 2591.950927734375 2592.02099609375 2590.951904296875 2587.012939453125 2584.31396484375 2579.27490234375 2574.76611328125 2572.2060546875 2568.8369140625 2564.7080078125 2564.868896484375 2561.97998046875 2561.301025390625 2558.44189453125 2540.662109375 2521.4130859375 2519.02392578125 2524.465087890625 2532.156005859375 2536.35693359375 2538.260986328125 2547.2451171875 2553.47607421875 2560.635986328125 2569.8779296875 2576.212890625 2593.136962890625 2599.89404296875 2608.652099609375 2612.9580078125 2611.506103515625 2616.991943359375 2619.179931640625 2626.77392578125 2635.027099609375
2603.889892578125 2597.4609375 2594.491943359375 2578.98291015625 2567.114013671875 2555.445068359375 2554.864990234375 2552.8359375 2555.987060546875 2560.51806640625 2566.97900390625 2572.820068359375 2578.489990234375 2585.14111328125 2586.89208984375 2585.79296875 2581.513916015625 2575.9951171875 2571.76611328125 2568.406005859375 2565.4970703125 2566.10791015625 2559.72900390625 2549.489990234375 2546.631103515625 2542.85205078125 2540.132080078125 2526.952880859375 2507.56396484375 2507.385009765625 2508.76611328125 2514.31689453125 2519.675048828125 2525.444091796875 2535.008056640625 2544.7548828125 2553.906005859375 2561.283935546875 2569.304931640625 2586.929931640625 2584.321044921875 2590.18505859375 2597.9970703125 2599.4599609375 2602.033935546875 2611.114990234375 2618.695068359375
2593.840087890625 2584.62109375 2579.632080078125 2573.472900390625 2564.513916015625 2552.655029296875 2546.64501953125 2546.095947265625 2548.866943359375 2550.718017578125 2553.549072265625 2556.969970703125 2562.469970703125 2568.64111328125 2573.862060546875 2581.072998046875 2579.593994140625 2575.72509765625 2577.01611328125 2575.785888671875 2573.47705078125 2572.407958984375 2563.029052734375 2551.77001953125 2541.490966796875 2530.2109375 2526.60205078125 2520.572998046875 2509.4140625 2493.68505859375 2493.035888671875 2498.22705078125 2499.93701171875 2507.0830078125 2515.208984375 2525.906982421875 2537.845947265625 2546.823974609375 2553.489013671875 2562.906982421875 2575.342041015625 2579.591064453125 2580.492919921875 2583.261962890625 2589.678955078125 2595.884033203125 2598.06494140625
2592.25 2578.65087890625 2568.501953125 2557.18310546875 2552.214111328125 2544.583984375 2536.77490234375 2536.64599609375 2538.677001953125 2542.01806640625 2543.12890625 2543.860107421875 2544.780029296875 2550.87109375 2557.39208984375 2564.173095703125 2573.52392578125 2573.465087890625 2574.76611328125 2581.3359375 2580.85693359375 2572.577880859375 2566.22900390625 2558.010009765625 2546.87109375 2530.60107421875 2515.882080078125 2506.992919921875 2498.35400390625 2487.614990234375 2480.72607421875 2483.556884765625 2482.029052734375 2489.532958984375 2497.248046875 2508.549072265625 2520.422119140625 2528.9208984375 2536.971923828125 2548.136962890625 2560.424072265625 2569.991943359375 2573.820068359375 2572.243896484375 2576.4951171875 2581.010986328125 2579.198974609375
2589.179931640625 2572.240966796875 2561.721923828125 2555.532958984375 2546.89404296875 2537.77392578125 2530.93505859375 2526.385986328125 2523.677001953125 2526.087890625 2526.80908203125 2531.25 2532.25 2534.5009765625 2539.052001953125 2547.712890625 2556.194091796875 2563.945068359375 2572.514892578125 2576.986083984375 2578.3369140625 2575.947998046875 2576.908935546875 2562.739990234375 2547.94091796875 2533.2109375 2517.56201171875 2503.443115234375 2486.8740234375 2476.31494140625 2466.14599609375 2462.9970703125 2466.779052734375 2474.472900390625 2483.712890625 2492.39990234375 2500.748046875 2507.05810546875 2517.863037109375 2528.218994140625 2542.27294921875 2549.837890625 2555.1201171875 2558.660888671875 2563.803955078125 2565.16796875 2569.905029296875
