data/Bacino2/DemBacino2.asc
ncols        174
nrows        139
xllcorner    624211.467595072347
yllcorner    5141455.259775039740
cellsize     30.005356186400
NODATA_value  -9999
[rows 84 to 104 of 139, columns 47 to 93 of 174]
3165.699951171875 3157.450927734375 3150.35205078125 3144.02294921875 3137.7939453125 3132.034912109375 3126.7060546875 3122.18701171875 3117.76806640625 3112.68798828125 3111.069091796875 3106.550048828125 3101.794921875 3095.986083984375 3090.635986328125 3085.1669921875 3078.827880859375 3071.7890625 3064.570068359375 3057.321044921875 3054.02197265625 3044.8720703125 3026.04296875 3008.9140625 2993.39501953125 2978.8359375 2964.826904296875 2951.177978515625 2938.928955078125 2929.6689453125 2917.929931640625 2910.73095703125 2894.132080078125 2880.782958984375 2867.77392578125 2853.054931640625 2842.555908203125 2838.56591796875 2836.346923828125 2835.26806640625 2834.779052734375 2832.760009765625 2831.010986328125 2828.77197265625 2831.58203125 2836.262939453125 2838.81396484375
3165.680908203125 3158.412109375 3151.68310546875 3145.5439453125 3139.955078125 3135.006103515625 3130.556884765625 3126.508056640625 3122.80908203125 3119.3701171875 3115.800048828125 3112.041015625 3107.986083984375 3103.22705078125 3097.76708984375 3092.778076171875 3086.158935546875 3080.199951171875 3072.841064453125 3067.261962890625 3056.14306640625 3045.363037109375 3035.174072265625 3020.824951171875 3004.236083984375 2989.4970703125 2977.427978515625 2973.698974609375 2960.820068359375 2939.8798828125 2932.410888671875 2934.862060546875 2924.863037109375 2897.924072265625 2876.514892578125 2864.325927734375 2854.1669921875 2857.18701171875 2853.927978515625 2845.138916015625 2841.4599609375 2840.160888671875 2846.19189453125 2849.443115234375 2849.89306640625 2843.464111328125 2840.155029296875
3165.471923828125 3159.0029296875 3152.694091796875 3146.7451171875 3141.4560546875 3136.947021484375 3132.97802734375 3129.5390625 3126.02001953125 3122.881103515625 3119.5009765625 3115.9619140625 3112.697021484375 3108.087890625 3104.347900390625 3098.718994140625 3092.68994140625 3088.85107421875 3084.681884765625 3076.3330078125 3068.7939453125 3068.125 3052.625 3035.26611328125 3019.846923828125 3003.488037109375 2990.339111328125 2984.550048828125 2983.841064453125 2966.740966796875 2968.902099609375 2957.403076171875 2953.02392578125 2928.9150390625 2905.26611328125 2879.156982421875 2875.218017578125 2875.55810546875 2872.138916015625 2857.909912109375 2851.700927734375 2853.0419921875 2856.782958984375 2863.89404296875 2858.47509765625 2849.31494140625 2844.196044921875
3165.492919921875 3159.73388671875 3153.89501953125 3148.39599609375 3143.56689453125 3139.278076171875 3135.368896484375 3131.909912109375 3128.65087890625 3125.662109375 3122.472900390625 3119.742919921875 3116.968017578125 3113.799072265625 3109.009033203125 3105.97998046875 3102.160888671875 3106.092041015625 3106.802978515625 3094.64404296875 3088.135009765625 3085.506103515625 3075.666015625 3061.31689453125 3036.447998046875 3017.01904296875 3003.330078125 2995.341064453125 2995.2919921875 3003.8720703125 2995.35302734375 2981.743896484375 2973.955078125 2967.43603515625 2956.787109375 2930.47802734375 2896.958984375 2896.4189453125 2888.570068359375 2877.450927734375 2873.822021484375 2875.623046875 2876.06396484375 2874.97509765625 2870.635986328125 2860.9560546875 2852.35693359375
3166.214111328125 3160.97509765625 3155.68603515625 3150.787109375 3146.157958984375 3142.4189453125 3138.7900390625 3135.65087890625 3132.431884765625 3129.5029296875 3126.56396484375 3123.823974609375 3121.59912109375 3119.68994140625 3116.840087890625 3114.89111328125 3120.89208984375 3143.363037109375 3136.553955078125 3116.39501953125 3112.2958984375 3103.4970703125 3091.076904296875 3071.85791015625 3049.4990234375 3032.179931640625 3019.73095703125 3008.31201171875 3006.98291015625 3018.93408203125 3019.174072265625 3019.784912109375 2997.575927734375 3001.156982421875 2994.72802734375 2971.34912109375 2933.010009765625 2919.780029296875 2915.2109375 2912.201904296875 2908.23291015625 2901.22412109375 2900.655029296875 2897.39599609375 2894.10693359375 2883.95703125 2871.05810546875
3167.81494140625 3162.97607421875 3158.177001953125 3153.738037109375 3149.888916015625 3146 3143.160888671875 3140.181884765625 3137.39306640625 3134.60400390625 3132.054931640625 3130.216064453125 3128.739990234375 3127.861083984375 3128.611083984375 3134.991943359375 3142.0029296875 3162.654052734375 3165.125 3139.8759765625 3138.596923828125 3127.468017578125 3107.43798828125 3082.30908203125 3060.679931640625 3045.881103515625 3036.08203125 3028.343017578125 3025.864013671875 3039.034912109375 3041.544921875 3042.4560546875 3030.68701171875 3027.818115234375 3025.069091796875 2999.89990234375 2957.8310546875 2944.010986328125 2950.451904296875 2946.3330078125 2930.993896484375 2924.31494140625 2928.006103515625 2924.596923828125 2916.26806640625 2906.427978515625 2895.888916015625
3170.385986328125 3165.677001953125 3161.4580078125 3157.279052734375 3153.639892578125 3150.65087890625 3147.912109375 3145.403076171875 3143.033935546875 3141.06494140625 3139.325927734375 3138.197021484375 3137.85107421875 3138.5419921875 3142.6630859375 3153.212890625 3166.384033203125 3193.114990234375 3192.656005859375 3163.5869140625 3153.387939453125 3143.4189453125 3124.7490234375 3090.199951171875 3076.39111328125 3065.81201171875 3054.18310546875 3046.06396484375 3049.034912109375 3052.785888671875 3055.18603515625 3060.697021484375 3055.76806640625 3053.80908203125 3049.64990234375 3010.81103515625 2987.241943359375 2972.343017578125 2979.23291015625 2959.02392578125 2942.81494140625 2943.865966796875 2948.797119140625 2946.447998046875 2941.14892578125 2926.37890625 2911.969970703125
3172.906982421875 3168.89794921875 3165.0791015625 3161.360107421875 3157.881103515625 3155.251953125 3152.952880859375 3150.694091796875 3149.56494140625 3148.416015625 3147.306884765625 3146.748046875 3147.531982421875 3150.653076171875 3160.4140625 3175.384033203125 3189.715087890625 3202.406005859375 3196.39697265625 3185.337890625 3167.259033203125 3153.820068359375 3142.969970703125 3118.3310546875 3099.241943359375 3090.14306640625 3084.634033203125 3074.844970703125 3080.946044921875 3075.947021484375 3080.037109375 3072.318115234375 3063.839111328125 3060.8798828125 3052.35107421875 3037.19189453125 3020.653076171875 2998.573974609375 2998.694091796875 2977.85498046875 2959.76611328125 2958.3369140625 2968.447998046875 2968.009033203125 2961.169921875 2947.330078125 2937.361083984375
3176.18798828125 3172.60888671875 3169.050048828125 3165.94091796875 3163.241943359375 3160.73291015625 3158.97412109375 3157.804931640625 3157.055908203125 3156.636962890625 3155.91796875 3156.739013671875 3159.282958984375 3166.333984375 3182.35498046875 3197.2548828125 3208.5859375 3212.93701171875 3207.577880859375 3199.22900390625 3170.72998046875 3159.861083984375 3139.912109375 3130.342041015625 3128.81298828125 3113.674072265625 3100.425048828125 3100.406005859375 3098.43701171875 3086.718017578125 3076.66796875 3066.759033203125 3064.800048828125 3063.19091796875 3050.612060546875 3035.593017578125 3025.303955078125 3022.455078125 3015.324951171875 2995.176025390625 2984.43701171875 2984.718017578125 2986.7890625 2964.02001953125 2949.0009765625 2933.241943359375 2917.471923828125
3179.368896484375 3176.570068359375 3173.631103515625 3171.33203125 3168.972900390625 3167.093994140625 3165.8349609375 3165.5458984375 3166.056884765625 3168.278076171875 3174.89892578125 3174.320068359375 3175.2041015625 3183.284912109375 3199.325927734375 3205.926025390625 3209.3369140625 3213.8779296875 3211.5390625 3191.919921875 3175.660888671875 3157.3720703125 3135.952880859375 3125.873046875 3119.2041015625 3116.7451171875 3110.7060546875 3103.45703125 3084.3779296875 3075.05908203125 3069.0791015625 3066.530029296875 3063.801025390625 3060.2919921875 3052.373046875 3049.464111328125 3045.824951171875 3032.24609375 3025.416015625 3018.126953125 3016.087890625 3008.72900390625 2984.929931640625 2946.551025390625 2922.862060546875 2907.04296875 2893.282958984375
3183.199951171875 3180.910888671875 3178.98193359375 3177.173095703125 3175.763916015625 3174.695068359375 3174.055908203125 3174.47705078125 3180.248046875 3190.30908203125 3202.8701171875 3203.041015625 3196.534912109375 3209.385986328125 3204.64697265625 3205.537109375 3206.85791015625 3208.1689453125 3202.070068359375 3190.301025390625 3178.31201171875 3162.462890625 3147.964111328125 3138.614013671875 3128.81494140625 3118.14599609375 3103.9169921875 3091.26806640625 3080.8291015625 3075.39990234375 3073.531005859375 3068.041015625 3062.81201171875 3060.212890625 3065.10400390625 3064.945068359375 3061.43603515625 3036.22705078125 3022.556884765625 3006.26806640625 2996.35888671875 2988.47998046875 2967.37109375 2930.44189453125 2907.653076171875 2890.944091796875 2875.134033203125
3187.15087890625 3185.761962890625 3184.693115234375 3184.033935546875 3183.905029296875 3184.385986328125 3186.197021484375 3186.2880859375 3190.62890625 3202.85009765625 3209.010986328125 3212.3720703125 3209.1259765625 3204.217041015625 3204.217041015625 3204.217041015625 3204.39892578125 3204.89990234375 3199.0810546875 3191.092041015625 3179.532958984375 3164.364013671875 3153.89501953125 3139.2451171875 3125.5859375 3110.737060546875 3095.6279296875 3081.239013671875 3081.050048828125 3080.48095703125 3081.322021484375 3078.422119140625 3074.9130859375 3066.43408203125 3056.794921875 3048.97607421875 3048.177001953125 3008.258056640625 2994.718994140625 2985.408935546875 2977.64990234375 2969.260986328125 2946.2119140625 2915.18310546875 2893.10400390625 2876.375 2863.534912109375
3191.662109375 3191.31298828125 3191.43408203125 3192.284912109375 3194.51611328125 3200.056884765625 3228.998046875 3215.7490234375 3207.260009765625 3210.48095703125 3212.802001953125 3210.89306640625 3207.826904296875 3205.76806640625 3204.217041015625 3206.219970703125 3204.217041015625 3205.131103515625 3206.572021484375 3198.943115234375 3189.944091796875 3180.1650390625 3167.56591796875 3144.60595703125 3115.9169921875 3106.01806640625 3093.569091796875 3082.93994140625 3085.041015625 3080.681884765625 3071.492919921875 3065.923095703125 3060.634033203125 3035.965087890625 3028.18603515625 3018.826904296875 3004.0380859375 2986.12890625 2976.669921875 2965.830078125 2957.301025390625 2951.491943359375 2932.0830078125 2913.39404296875 2891.02490234375 2871.345947265625 2855.97607421875
3196.702880859375 3197.72412109375 3199.155029296875 3203.2060546875 3211.717041015625 3242.10791015625 3233.009033203125 3223.929931640625 3214.781005859375 3208.751953125 3207.0830078125 3206.3779296875 3206.3779296875 3206.029052734375 3205.699951171875 3205.5810546875 3205.3310546875 3210.06201171875 3213.173095703125 3209.833984375 3199.695068359375 3193.35595703125 3164.987060546875 3135.427978515625 3116.2880859375 3105.408935546875 3093.239990234375 3088.85107421875 3078.882080078125 3070.113037109375 3057.654052734375 3044.18408203125 3027.465087890625 3017.2060546875 3002.5869140625 3001.177978515625 2987.7890625 2972.679931640625 2957.131103515625 2951.381103515625 2943.511962890625 2933.593017578125 2923.8740234375 2916.125 2905.825927734375 2894.007080078125 2872.587890625
3202.614013671875 3204.985107421875 3210.56591796875 3228.366943359375 3248.427978515625 3259.80908203125 3244.9599609375 3233.64111328125 3218.02197265625 3211.443115234375 3206.75390625 3206.4951171875 3206.37890625 3205.5810546875 3205.5810546875 3208.83203125 3211.011962890625 3215.29296875 3220.194091796875 3210.425048828125 3195.885986328125 3186.047119140625 3167.64794921875 3149.489013671875 3123.09912109375 3103.60009765625 3092.910888671875 3096.94189453125 3079.31298828125 3057.2041015625 3042.114990234375 3028.02490234375 3017.01611328125 3004.806884765625 2996.597900390625 2992.658935546875 2973.47998046875 2956.970947265625 2945.73193359375 2941.4619140625 2934.722900390625 2932.25390625 2921.304931640625 2914.486083984375 2908.846923828125 2901.55810546875 2894.18896484375
3208.534912109375 3213.47607421875 3223.846923828125 3252.887939453125 3263.029052734375 3255.449951171875 3239.12109375 3228.7119140625 3220.222900390625 3214.513916015625 -9999 -9999 -9999 -9999 3208.362060546875 3212.762939453125 3217.222900390625 3219.303955078125 3215.39501953125 3202.555908203125 3187.507080078125 3174.087890625 3154.279052734375 3130.070068359375 3111.679931640625 3096.450927734375 3099.56201171875 3097.123046875 3066.77392578125 3042.635009765625 3034.24609375 3023.677001953125 3018.927001953125 3008.468017578125 3004.5390625 2993.72998046875 2968.291015625 2943.81201171875 2932.923095703125 2923.403076171875 2920.56396484375 2920.514892578125 2916.555908203125 2910.5869140625 2904.26806640625 2896.6689453125 2884.10009765625
3214.535888671875 3221.547119140625 3239.657958984375 3257.30908203125 -9999 -9999 -9999 -9999 -9999 -9999 -9999 -9999 -9999 -9999 -9999 -9999 -9999 3211.4951171875 3199.49609375 3184.346923828125 3170.347900390625 3159.198974609375 3141.18994140625 3119.450927734375 3103.660888671875 3100.672119140625 3096.54296875 3075.303955078125 3050.695068359375 3039.535888671875 3026.81689453125 3022.867919921875 3020.087890625 3010.968994140625 3008.639892578125 3005.631103515625 2960.23193359375 2939.212890625 2922.944091796875 2911.9541015625 2907.965087890625 2910.8759765625 2900.10693359375 2896.43798828125 2891.799072265625 2890.75 2886.220947265625
3221.737060546875 3234.008056640625 3244.2890625 -9999 -9999 -9999 -9999 -9999 -9999 -9999 -9999 -9999 -9999 -9999 -9999 -9999 -9999 -9999 3196.866943359375 3180.998046875 3165.408935546875 3158.739990234375 3141.160888671875 3119.741943359375 3106.882080078125 3089.8330078125 3072.60400390625 3061.554931640625 3049.176025390625 3035.7470703125 3024.818115234375 3022.718994140625 3019.968994140625 3018.489990234375 3009.260986328125 2994.73193359375 2951.81298828125 2933.68408203125 2918.304931640625 2906.166015625 2892.365966796875 2895.547119140625 2889.837890625 2887.868896484375 2882.469970703125 2878.760986328125 2878.06201171875
3234.158935546875 3239.319091796875 -9999 -9999 -9999 -9999 -9999 -9999 -9999 -9999 -9999 -9999 -9999 -9999 -9999 -9999 -9999 -9999 -9999 -9999 3171.7099609375 3159.700927734375 3137.69189453125 3118.943115234375 3108.9130859375 3094.513916015625 3078.56494140625 3059.68603515625 3043.056884765625 3028.867919921875 3021.009033203125 3018.409912109375 3017.64990234375 3013.73095703125 2999.3720703125 2974.373046875 2950.23388671875 2933.955078125 2920.285888671875 2904.056884765625 2882.406982421875 2881.597900390625 2880.84912109375 2876.43994140625 2869.5009765625 2866.132080078125 2863.0029296875
3235.429931640625 -9999 -9999 -9999 -9999 -9999 -9999 -9999 -9999 -9999 -9999 -9999 -9999 -9999 -9999 -9999 -9999 -9999 -9999 -9999 -9999 3169.152099609375 3140.52294921875 3112.85400390625 3108.514892578125 3099.675048828125 3083.2958984375 3067.326904296875 3051.60791015625 3032.97900390625 3012.050048828125 3002.071044921875 2998.041015625 2995.052001953125 2975.883056640625 2961.72412109375 2943.1650390625 2924.166015625 2905.626953125 2890.968017578125 2885.2080078125 2881.5390625 2879.47998046875 2868.85107421875 2861.951904296875 2855.173095703125 2851.06396484375
-9999 -9999 -9999 -9999 -9999 -9999 -9999 -9999 -9999 -9999 -9999 -9999 -9999 -9999 -9999 -9999 -9999 -9999 -9999 -9999 -9999 -9999 3147.464111328125 3120.135009765625 3109.52587890625 3096.81591796875 3087.81689453125 3073.738037109375 3056.029052734375 3040.179931640625 3018.510986328125 2992.172119140625 2974.52197265625 2966.012939453125 2956.4140625 2951.375 2935.196044921875 2925.777099609375 2902.41796875 2891.839111328125 2886.2490234375 2883.409912109375 2878.760986328125 2869.471923828125 2855.0029296875 2845.924072265625 2839.324951171875
