data/Bacino2/DemBacino2.asc
ncols        174
nrows        139
xllcorner    624211.467595072347
yllcorner    5141455.259775039740
cellsize     30.005356186400
NODATA_value  -9999
[rows 42 to 62 of 139, columns 47 to 93 of 174]
3258.258056640625 3249.049072265625 3239.860107421875 3230.200927734375 3219.632080078125 3207.77294921875 3194.68408203125 3181.3349609375 3168.1259765625 3155.126953125 3141.718017578125 3127.68896484375 3115.219970703125 3102.760986328125 3088.612060546875 3067.85302734375 3045.833984375 3033.465087890625 3024.466064453125 3017.947021484375 3007.998046875 2994.5390625 2983.7890625 2978.4599609375 2970.4208984375 2961.592041015625 2939.68310546875 2925.81396484375 2916.9951171875 2909.196044921875 2906.527099609375 2903.337890625 2903.3291015625 2887.85009765625 2877.56103515625 2860.281982421875 2844.302978515625 2828.073974609375 2823.534912109375 2813.406005859375 2798.306884765625 2785.508056640625 2775.739013671875 2763.31005859375 2744.240966796875 2712.83203125 2690.443115234375
3253.568115234375 3244.208984375 3234.659912109375 3224.821044921875 3214.951904296875 3203.48291015625 3191.6640625 3179.425048828125 3166.93603515625 3154.237060546875 3141.077880859375 3129.388916015625 3119.659912109375 3100.031005859375 3083.31201171875 3068.883056640625 3053.783935546875 3044.02490234375 3035.446044921875 3024.7060546875 3011.177001953125 2997.6279296875 2984.3291015625 2978.830078125 2967.52099609375 2952.991943359375 2936.472900390625 2919.243896484375 2908.02490234375 2901.76611328125 2897.616943359375 2892.3779296875 2891.2890625 2885.110107421875 2880.700927734375 2865.862060546875 2854.0830078125 2840.214111328125 2826.1650390625 2813.486083984375 2800.9970703125 2790.35791015625 2781.989013671875 2780.320068359375 2747.3310546875 2712.02197265625 2695.592041015625
3250.01806640625 3240.908935546875 3230.6201171875 3220.111083984375 3209.23193359375 3198.8330078125 3187.73388671875 3176.56494140625 3164.885986328125 3152.60693359375 3139.738037109375 3130.299072265625 3118.469970703125 3095.39111328125 3077.741943359375 3062.56298828125 3049.10302734375 3040.60400390625 3034.804931640625 3027.0458984375 3017.297119140625 3003.157958984375 2987.22900390625 2975.1201171875 2964.591064453125 2954.882080078125 2932.873046875 2916.573974609375 2904.235107421875 2895.095947265625 2889.826904296875 2885.818115234375 2878.3291015625 2872.580078125 2866.541015625 2857.1220703125 2852.363037109375 2850.98388671875 2833.155029296875 2817.716064453125 2803.386962890625 2794.427978515625 2785.407958984375 2759.819091796875 2727.699951171875 2708.031005859375 2692.35205078125
3262.617919921875 3253.55908203125 3233.4599609375 3218.85107421875 3206.302001953125 3195.613037109375 3185.033935546875 3174.31494140625 3162.885986328125 3151.06689453125 3138.298095703125 3124.80908203125 3111.260009765625 3095.719970703125 3080.10107421875 3065.882080078125 3052.593017578125 3040.89404296875 3032.0849609375 3025.466064453125 3019.72705078125 3007.298095703125 2992.34912109375 2977.780029296875 2964.94091796875 2951.60205078125 2934.883056640625 2917.31396484375 2902.925048828125 2891.426025390625 2883.277099609375 2879.5380859375 2873.5791015625 2868.72998046875 2861.14111328125 2850.2119140625 2842.863037109375 2836.1640625 2832.794921875 2820.635009765625 2803.756103515625 2792.85693359375 2778.85791015625 2760.239013671875 2745.800048828125 2718.950927734375 2687.48193359375
3297.998046875 3287.76904296875 3264.580078125 3235.65087890625 3218.422119140625 3206.193115234375 3194.343994140625 3179.695068359375 3170.055908203125 3157.346923828125 3144.907958984375 3130.14892578125 3114.9189453125 3099.27001953125 3086.89111328125 3075.842041015625 3064.383056640625 3054.18408203125 3052.60498046875 3047.736083984375 3024.95703125 3004.927978515625 2990.18896484375 2980.429931640625 2975.010986328125 2961.77197265625 2949.06298828125 2929.944091796875 2912.614990234375 2896.64599609375 2885.47705078125 2877.278076171875 2871.009033203125 2867.7900390625 2859.64111328125 2845.672119140625 2834.35205078125 2824.68310546875 2815.22412109375 2810.614990234375 2805.47607421875 2790.47705078125 2779.22802734375 2758.458984375 2740.139892578125 2709.260986328125 2690.8720703125
3290.617919921875 3286.279052734375 3272.199951171875 3255.470947265625 3234.281982421875 3221.0029296875 3210.93408203125 3199.175048828125 3187.01611328125 3178.376953125 3164.35693359375 3140.818115234375 3120.51904296875 3107.02001953125 3094.791015625 3086.6220703125 3076.452880859375 3070.97412109375 3069.56494140625 3055.5859375 3031.7470703125 3011.3779296875 2997.968994140625 2990.139892578125 2985.631103515625 2972.382080078125 2952.032958984375 2930.4140625 2908.445068359375 2894.72607421875 2885.376953125 2877.8779296875 2867.5791015625 2863.779052734375 2858.929931640625 2842.23095703125 2827.132080078125 2814.423095703125 2802.39404296875 2790.39501953125 2789.615966796875 2780.01708984375 2769.447998046875 2751.779052734375 2726.449951171875 2706.5810546875 2688.58203125
3268.087890625 3267.87890625 3258.7900390625 3242.031005859375 3222.132080078125 3202.883056640625 3191.424072265625 3182.093994140625 3172.864990234375 3165.216064453125 3163.39697265625 3150.258056640625 3131.7890625 3120.9599609375 3110.6708984375 3103.0419921875 3093.653076171875 3088.964111328125 3079.294921875 3047.345947265625 3023.20703125 3009.8779296875 2997.698974609375 2986.10009765625 2964.720947265625 2953.2919921875 2939.7529296875 2924.81396484375 2912.93505859375 2899.196044921875 2886.22607421875 2875.386962890625 2860.867919921875 2856.989013671875 2857.14990234375 2849.051025390625 2828.19189453125 2810.81298828125 2793.25390625 2772.4951171875 2768.135986328125 2763.2470703125 2747.218017578125 2730.47900390625 2713.429931640625 2701.4609375 2684.681884765625
3244.177978515625 3240.118896484375 3234.659912109375 3221.39111328125 3205.701904296875 3186.44189453125 3172.093017578125 3167.6240234375 3159.375 3149.72607421875 3141.447021484375 3142.587890625 3133.43896484375 3127.2099609375 3117.85107421875 3106.02197265625 3086.85302734375 3069.50390625 3049.235107421875 3033.635986328125 3010.6669921875 2992.18798828125 2980.59912109375 2966.89990234375 2953.881103515625 2933.19189453125 2923.73291015625 2911.85302734375 2899.27392578125 2888.304931640625 2885.535888671875 2876.18701171875 2857.748046875 2848.618896484375 2856.81005859375 2839.381103515625 2831.802001953125 2810.943115234375 2790.1640625 2765.5048828125 2753.406005859375 2746.636962890625 2740.14794921875 2723.759033203125 2704.8798828125 2690.930908203125 2675.77197265625
3216.26806640625 3215.59912109375 3208.550048828125 3198.659912109375 3188.73095703125 3172.33203125 3158.863037109375 3148.674072265625 3142.804931640625 3133.736083984375 3116.9169921875 3108.14794921875 3105.458984375 3110.800048828125 3099.410888671875 3082.322021484375 3057.383056640625 3045.593994140625 3027.945068359375 3011.99609375 2998.20703125 2981.068115234375 2963.989013671875 2943.8798828125 2934.40087890625 2923.220947265625 2902.092041015625 2897.943115234375 2885.35400390625 2874.425048828125 2863.97607421875 2857.43701171875 2848.927978515625 2835.549072265625 2826.239990234375 2819.970947265625 2813.412109375 2792.492919921875 2770.174072265625 2760.794921875 2744.49609375 2734.826904296875 2725.468017578125 2714.569091796875 2699.7900390625 2687.64111328125 2674.89208984375
3190.927001953125 3191.498046875 3185.80908203125 3178.52001953125 3169.9609375 3156.39208984375 3140.153076171875 3127.25390625 3119.385009765625 3111.696044921875 3097.257080078125 3086.068115234375 3079.55908203125 3077.800048828125 3074.1708984375 3052.3720703125 3037.702880859375 3022.7041015625 3009.47509765625 2997.906005859375 2980.596923828125 2968.298095703125 2948.39794921875 2928.72900390625 2908.840087890625 2899.470947265625 2890.06201171875 2876.072998046875 2870.444091796875 2859.014892578125 2849.6259765625 2840.366943359375 2829.117919921875 2823.739013671875 2812.840087890625 2803.40087890625 2793.77197265625 2778.593017578125 2760.884033203125 2747.715087890625 2736.555908203125 2726.717041015625 2715.298095703125 2704.80908203125 2690.340087890625 2678.659912109375 2669.660888671875
3166.027099609375 3167.3779296875 3165.12890625 3158.85009765625 3152.450927734375 3132.3720703125 3114.02294921875 3103.0439453125 3090.675048828125 3088.31591796875 3071.81689453125 3060.887939453125 3047.5390625 3038.81005859375 3038.87109375 3028.662109375 3020.613037109375 3005.2041015625 2992.114990234375 2974.64501953125 2963.906005859375 2949.95703125 2937.818115234375 2921.458984375 2889.5 2876.841064453125 2864.511962890625 2853.962890625 2845.993896484375 2837.794921875 2830.76611328125 2817.4970703125 2811.327880859375 2801.2890625 2793.199951171875 2785.591064453125 2778.23193359375 2765.282958984375 2749.97412109375 2733.655029296875 2721.3359375 2708.60693359375 2700.547119140625 2685.60791015625 2671.8291015625 2659.969970703125 2648.200927734375
3144.076904296875 3140.528076171875 3133.5791015625 3130.580078125 3114.27099609375 3100.52197265625 3084.113037109375 3072.083984375 3067.945068359375 3064.845947265625 3061.14697265625 3045.998046875 3031.799072265625 3018.97998046875 3011.73095703125 3003.73193359375 2993.52294921875 2985.693115234375 2976.333984375 2953.89501953125 2940.99609375 2931.7470703125 2916.9580078125 2893.64892578125 2869.2099609375 2858.700927734375 2844.721923828125 2830.56298828125 2819.444091796875 2810.3349609375 2801.906005859375 2795.846923828125 2787.048095703125 2778.948974609375 2770.969970703125 2762.60107421875 2758.612060546875 2748.343017578125 2736.384033203125 2727.573974609375 2715.175048828125 2704.115966796875 2692.096923828125 2680.827880859375 2669.05908203125 2657.3798828125 2637.23095703125
3110.9169921875 3108.367919921875 3102.09912109375 3095.85009765625 3087.470947265625 3077.031982421875 3068.8330078125 3066.214111328125 3058.155029296875 3051.76611328125 3044.20703125 3025.587890625 3005.37109375 2990.011962890625 2977.572021484375 2976.68310546875 2973.634033203125 2966.14501953125 2947.06591796875 2933.757080078125 2923.76806640625 2913.298095703125 2898.989013671875 2878.139892578125 2864.910888671875 2855.511962890625 2834.7529296875 2819.674072265625 2797.2939453125 2787.2451171875 2779.666015625 2776.0869140625 2768.677978515625 2762.458984375 2755.59912109375 2749.31005859375 2744.531005859375 2737.241943359375 2729.423095703125 2717.97412109375 2705.135009765625 2694.43505859375 2686.49609375 2673.366943359375 2658.998046875 2644.01904296875 2628.6201171875
3100.4169921875 3095.008056640625 3093.39892578125 3087.219970703125 3079.19091796875 3071.001953125 3062.952880859375 3057.553955078125 3056.64501953125 3039.43603515625 3025.81689453125 3007.72802734375 2980.220947265625 2977.991943359375 2971.1220703125 2960.863037109375 2951.964111328125 2938.0048828125 2924.825927734375 2914.056884765625 2899.748046875 2886.528076171875 2871.968994140625 2859.989990234375 2843.791015625 2833.882080078125 2816.56298828125 2803.31298828125 2780.634033203125 2772.675048828125 2768.47607421875 2764.06689453125 2761.278076171875 2756.2890625 2750.388916015625 2742.320068359375 2737.051025390625 2729.701904296875 2721.472900390625 2709.083984375 2696.3740234375 2687.4951171875 2672.365966796875 2658.346923828125 2645.818115234375 2633.029052734375 2626.909912109375
3096.537109375 3088.508056640625 3081.509033203125 3076.39990234375 3069.111083984375 3064.971923828125 3055.822998046875 3044.843994140625 3030.955078125 3015.3359375 3001.547119140625 2986.55810546875 2977.611083984375 2965.592041015625 2953.362060546875 2941.322998046875 2929.4140625 2911.864990234375 2901.39599609375 2892.037109375 2880.498046875 2862.387939453125 2853.339111328125 2844.68994140625 2829.15087890625 2814.672119140625 2802.782958984375 2793.7529296875 2776.904052734375 2768.235107421875 2764.466064453125 2761.18798828125 2761.18798828125 2756.34912109375 2746.678955078125 2737.820068359375 2730.200927734375 2722.132080078125 2711.262939453125 2699.0439453125 2686.343994140625 2672.6650390625 2658.285888671875 2651.126953125 2646.51806640625 2643.569091796875 2638.889892578125
3092.197021484375 3084.738037109375 3077.448974609375 3070.9599609375 3064.760986328125 3055.3720703125 3033.593017578125 3021.2939453125 3009.4150390625 2993.416015625 2981.656005859375 2974.197021484375 2965.970947265625 2945.44189453125 2933.23193359375 2913.10302734375 2902.6640625 2892.8349609375 2886.785888671875 2867.346923828125 2856.156982421875 2847.758056640625 2841.39892578125 2834.3701171875 2825.031005859375 2813.64208984375 2804.202880859375 2793.762939453125 2783.64404296875 2772.9951171875 2768.345947265625 2766.406982421875 2764.7880859375 2757.698974609375 2746.948974609375 2734.969970703125 2720.87109375 2709.60205078125 2697.77294921875 2685.964111328125 2678.52392578125 2669.514892578125 2659.865966796875 2655.576904296875 2651.43798828125 2645.208984375 2638.570068359375
3084.927001953125 3078.347900390625 3070.68896484375 3062.56005859375 3061.85107421875 3038.56201171875 3021.06298828125 3011.513916015625 2988.533935546875 2969.324951171875 2960.345947265625 2950.8369140625 2940.571044921875 2928.412109375 2916.112060546875 2904.2529296875 2890.214111328125 2879.7451171875 2872.506103515625 2867.76708984375 2861.0869140625 2853.968017578125 2850.14892578125 2842.81005859375 2834.861083984375 2825.001953125 2814.73291015625 2803.262939453125 2791.674072265625 2780.625 2770.466064453125 2763.43701171875 2758.97802734375 2752.048095703125 2739.208984375 2725 2712.10107421875 2695.10205078125 2683.7529296875 2679.174072265625 2673.924072265625 2666.205078125 2658.18603515625 2652.85693359375 2645.488037109375 2636.84912109375 2627.05908203125
3075.4970703125 3068.827880859375 3060.4990234375 3050.64990234375 3038.62109375 3025.241943359375 3010.572021484375 2996.552978515625 2982.0439453125 2968.044921875 2956.6259765625 2945.95703125 2935.94091796875 2924.7509765625 2917.721923828125 2908.6630859375 2897.2939453125 2887.89501953125 2887.49609375 2879.7470703125 2870.93701171875 2859.64794921875 2849.218994140625 2838.27001953125 2828.071044921875 2818.44189453125 2811.173095703125 2801.193115234375 2788.6240234375 2776.56494140625 2763.345947265625 2752.047119140625 2744.677978515625 2738.16796875 2724.7490234375 2711.2900390625 2699.27099609375 2690.27197265625 2680.18310546875 2669.31396484375 2662.75390625 2657.5849609375 2654.1259765625 2647.326904296875 2640.427978515625 2629.4189453125 2614.8291015625
3067.39697265625 3061.837890625 3051.05908203125 3040.5400390625 3029.27001953125 3019.410888671875 3012.152099609375 2999.822998046875 2987.00390625 2975.47509765625 2964.31591796875 2953.56689453125 2946.10107421875 2936.81103515625 2926.9619140625 2920.962890625 2910.964111328125 2906.304931640625 2901.406005859375 2889.9970703125 2873.806884765625 2854.117919921875 2841.509033203125 2825.8701171875 2810.301025390625 2800.662109375 2792.33203125 2784.35302734375 2773.68408203125 2760.885009765625 2747.256103515625 2735.527099609375 2727.238037109375 2717.2080078125 2708.62890625 2698.56005859375 2692.62109375 2684.64208984375 2673.60302734375 2660.18408203125 2652.013916015625 2647.56494140625 2642.385986328125 2637.18701171875 2626.197998046875 2617.319091796875 2606.87890625
3057.39697265625 3051.657958984375 3046.367919921875 3039.09912109375 3030.010009765625 3021.37109375 3012.14208984375 3004.722900390625 2995.22412109375 2982.4150390625 2972.26611328125 2970.76708984375 2966.341064453125 2963.64111328125 2949.64208984375 2944.222900390625 2927.97412109375 2917.804931640625 2918.99609375 2914.056884765625 2904.8369140625 2876.637939453125 2856.888916015625 2842.570068359375 2830.700927734375 2815.132080078125 2796.6220703125 2781.89306640625 2764.343994140625 2746.455078125 2730.216064453125 2721.037109375 2713.2080078125 2705.798095703125 2699.2890625 2692.489990234375 2684.1708984375 2673.60205078125 2666.153076171875 2657.85302734375 2649.7041015625 2644.9951171875 2640.24609375 2636.717041015625 2625.748046875 2618.34912109375 2606.47900390625
3051.236083984375 3047.297119140625 3042.89794921875 3034.87890625 3024.47998046875 3014.450927734375 3006.741943359375 3000.653076171875 2994.7041015625 2986.68505859375 2983.60595703125 2989.846923828125 2988.660888671875 2973.73095703125 2962.672119140625 2954.27294921875 2935.31396484375 2926.4150390625 2930.5458984375 2926.8759765625 2921.31689453125 2905.867919921875 2885.468994140625 2861.419921875 2847.010986328125 2820.33203125 2802.612060546875 2787.322998046875 2775.00390625 2759.385009765625 2731.365966796875 2720.56689453125 2708.298095703125 2699.008056640625 2690.2890625 2684.340087890625 2679.031005859375 2675.10205078125 2671.04296875 2664.552978515625 2655.743896484375 2651.485107421875 2648.966064453125 2644.876953125 2641.738037109375 2626.59912109375 2603.39892578125
