data/Bacino2/DemBacino2.asc
ncols        174
nrows        139
xllcorner    624211.467595072347
yllcorner    5141455.259775039740
cellsize     30.005356186400
NODATA_value  -9999
[rows 105 to 125 of 139, columns 94 to 140 of 174]
2826.8369140625 2823.257080078125 2820.18798828125 2814.5791015625 2804.85009765625 2795.841064453125 2791.8720703125 2793.343017578125 2787.1640625 2778.56396484375 2771.89501953125 2762.7060546875 2751.68701171875 2730.077880859375 2709.8291015625 2704.510009765625 2687.5 2687.131103515625 2677.23193359375 2664.452880859375 2643.924072265625 2621.0048828125 2605.24609375 2596.06689453125 2584.237060546875 2572.008056640625 2566.97900390625 2561.56005859375 2560.65087890625 2556.81201171875 2551.492919921875 2550.9541015625 2550.010986328125 2538.8759765625 2537.5791015625 2543.01904296875 2540.757080078125 2537.3701171875 2528.072998046875 2517.7880859375 2506.2119140625 2484.72802734375 2452.87890625 2436.1650390625 2424.027099609375 2395.635009765625 2380.31396484375
2818.7880859375 2810.778076171875 2803.34912109375 2798.43994140625 2793.81103515625 2785.001953125 2779.822998046875 2777.493896484375 2776.824951171875 2772.135009765625 2766.196044921875 2754.947021484375 2738.43798828125 2717.89892578125 2705.2099609375 2697.381103515625 2690.251953125 2672.721923828125 2661.032958984375 2646.22412109375 2637.985107421875 2622.426025390625 2604.056884765625 2598.60791015625 2594.39794921875 2584.839111328125 2577.85009765625 2573.81103515625 2582.19189453125 2585.18310546875 2586.194091796875 2581.455078125 2572.6279296875 2563.799072265625 2563.214111328125 2562.662109375 2560.780029296875 2559.18798828125 2543.739013671875 2524.964111328125 2509.676025390625 2497.056884765625 2470.162109375 2433.092041015625 2416.06689453125 2396.866943359375 2379.337890625
2812.839111328125 2800.47900390625 2789.860107421875 2785.031005859375 2779.362060546875 2774.093017578125 2766.073974609375 2757.52490234375 2761.216064453125 2752.89599609375 2747.277099609375 2738.677978515625 2725.84912109375 2705.889892578125 2694.781005859375 2687.06201171875 2677.04296875 2660.3330078125 2649.114013671875 2634.06494140625 2626.035888671875 2620.6669921875 2611.298095703125 2603.1689453125 2599.3291015625 2600.389892578125 2597.910888671875 2609.48193359375 2611.202880859375 2604.2041015625 2598.044921875 2588.0458984375 2585.23193359375 2582.60791015625 2586.673095703125 2596.012939453125 2604.791015625 2597.31103515625 2568.677978515625 2556.548095703125 2546.802978515625 2511.694091796875 2481.431884765625 2444.830078125 2425.85302734375 2406.6201171875 2386.1298828125
2816.510009765625 2798.321044921875 2786.611083984375 2774.072021484375 2768.383056640625 2762.85400390625 2756.8349609375 2743.676025390625 2737.737060546875 2737.85693359375 2726.258056640625 2716.569091796875 2716.739990234375 2708.591064453125 2696.14208984375 2689.242919921875 2676.14404296875 2655.14404296875 2644.195068359375 2634.81591796875 2644.346923828125 2642.998046875 2633.47900390625 2627.4599609375 2622.52099609375 2626.4609375 2629.721923828125 2632.73291015625 2627.833984375 2614.205078125 2611.14599609375 2603.636962890625 2602.8740234375 2602.408935546875 2616.93798828125 2626.22998046875 2632.955078125 2618.8759765625 2599.1640625 2575.535888671875 2562.052978515625 2538.301025390625 2500.958984375 2460.85205078125 2434.305908203125 2411.944091796875 2387.05810546875
2827.37109375 2807.261962890625 2794.701904296875 2775.153076171875 2763.8740234375 2754.955078125 2746.615966796875 2734.01708984375 2723.778076171875 2715.077880859375 2706.208984375 2698.260009765625 2690.4208984375 2688.451904296875 2682.54296875 2681.384033203125 2679.89501953125 2674.534912109375 2668.64599609375 2668.237060546875 2661.218017578125 2659.638916015625 2652.179931640625 2654.200927734375 2655.2919921875 2653.652099609375 2650.202880859375 2650.904052734375 2646.06494140625 2637.89599609375 2632.636962890625 2625.0380859375 2623.2900390625 2645.427978515625 2649.443115234375 2659.135009765625 2652.93408203125 2630.429931640625 2610.583984375 2592.7099609375 2580.0400390625 2558.4951171875 2512.860107421875 2491.887939453125 2480.9619140625 2435.2509765625 2408.279052734375
2836.052001953125 2805.1630859375 2786.60302734375 2770.993896484375 2760.18505859375 2758.446044921875 2744.70703125 2725.238037109375 2708.7890625 2698.199951171875 2688.889892578125 2685.60107421875 2684.652099609375 2683.5830078125 2682.993896484375 2692.85498046875 2689.285888671875 2690.095947265625 2681.346923828125 2680.827880859375 2679.118896484375 2680.330078125 2683.341064453125 2680.64208984375 2679.012939453125 2681.06298828125 2680.533935546875 2676.544921875 2680.345947265625 2688.01708984375 2673.758056640625 2670.299072265625 2671.7119140625 2660.1640625 2654.568115234375 2647.702880859375 2632.929931640625 2615.81689453125 2597.81591796875 2582.118896484375 2572.23193359375 2563.73193359375 2529.89697265625 2495.287109375 2457.216064453125 2434.56591796875 2411.259033203125
2827.512939453125 2809.68408203125 2789.52392578125 2774.544921875 2764.156005859375 2749.797119140625 2738.758056640625 2723.30908203125 2709.239990234375 2701.051025390625 2696.7509765625 2694.652099609375 2692.462890625 2697.763916015625 2704.304931640625 2710.946044921875 2709.677001953125 2705.677001953125 2701.968017578125 2704.0791015625 2703.699951171875 2705.541015625 2709.2119140625 2716.782958984375 2719.27392578125 2720.343994140625 2726.715087890625 2718.696044921875 2715.427001953125 2705.968017578125 2696.958984375 2677.889892578125 2662.160888671875 2651.56494140625 2638.883056640625 2630.12890625 2617.47998046875 2601.507080078125 2584.9169921875 2571.472900390625 2563.321044921875 2553.72802734375 2539.4208984375 2510.179931640625 2470.343017578125 2433.594970703125 2409.927978515625
2833.864013671875 2812.324951171875 2790.7548828125 2775.2958984375 2759.697021484375 2749.447998046875 2740.0791015625 2721.159912109375 2722.881103515625 2722.922119140625 2718.511962890625 2710.8330078125 2708.154052734375 2715.3349609375 2721.615966796875 2725.636962890625 2728.907958984375 2726.80908203125 2728.029052734375 2728.739990234375 2736.341064453125 2734.701904296875 2742.77294921875 2747.533935546875 2753.905029296875 2755.125 2747.506103515625 2727.717041015625 2710.85791015625 2694.138916015625 2680.139892578125 2666.510986328125 2657.819091796875 2646.0791015625 2631.239013671875 2616.090087890625 2602.919921875 2586.633056640625 2572.3759765625 2561.52197265625 2538.572021484375 2523.4990234375 2508.701904296875 2498.239013671875 2482.367919921875 2447.91796875 2419.471923828125
2838.034912109375 2817.305908203125 2801.64599609375 2783.277099609375 2762.407958984375 2748.178955078125 2737.239990234375 2736.85107421875 2747.132080078125 2747.863037109375 2741.363037109375 2732.743896484375 2727.675048828125 2731.6259765625 2739.287109375 2748.72802734375 2749.069091796875 2761.5400390625 2786.159912109375 2796.37109375 2790.592041015625 2797.48291015625 2781.134033203125 2767.97509765625 2757.93603515625 2741.7958984375 2731.31689453125 2721.7080078125 2705.62890625 2695.27001953125 2679.39111328125 2665.06201171875 2649.3359375 2630.633056640625 2614.6240234375 2600.071044921875 2584.52587890625 2566.22607421875 2550.52392578125 2533.14599609375 2518.3369140625 2504.616943359375 2492.739013671875 2478.489013671875 2465.0830078125 2444.716064453125 2414.43408203125
2863.93603515625 2839.01708984375 2816.55810546875 2798.387939453125 2774.37890625 2755.949951171875 2744.200927734375 2757.531982421875 2766.423095703125 2762.763916015625 2759.75390625 2755.7548828125 2744.39599609375 2751.35693359375 2759.008056640625 2771.739013671875 2792.85009765625 2823.60107421875 2830.15087890625 2842.491943359375 2821.242919921875 2795.513916015625 2780.97509765625 2771.736083984375 2754.51708984375 2740.55810546875 2732.01806640625 2719.489013671875 2704.52001953125 2688.2109375 2668.652099609375 2649.873046875 2628.85205078125 2614.31103515625 2598.60107421875 2583.011962890625 2563.802978515625 2549.9150390625 2534.381103515625 2520.31103515625 2506.321044921875 2494.174072265625 2477.4150390625 2462.056884765625 2450.77197265625 2443.10791015625 2419.655029296875
2858.81689453125 2844.35791015625 2822.7490234375 2796.118896484375 2777.280029296875 2763.541015625 2768.9619140625 2776.383056640625 2771.93408203125 2764.175048828125 2761.864990234375 2767.14599609375 2755.886962890625 2772.43798828125 2790.35888671875 2807.97998046875 2835.0810546875 2848.3720703125 2855.491943359375 2833.863037109375 2802.833984375 2786.304931640625 2776.52587890625 2771.846923828125 2756.387939453125 2740.908935546875 2725.839111328125 2712.6201171875 2694.98095703125 2680.931884765625 2657.873046875 2636.64404296875 2615.862060546875 2598.02392578125 2583.659912109375 2567.7080078125 2551.403076171875 2541.722900390625 2530.492919921875 2513.955078125 2501.2880859375 2482.047119140625 2465.074951171875 2448.56591796875 2432.47607421875 2417.0400390625 2404.1240234375
2855.22802734375 2832.589111328125 2817.469970703125 2802.010009765625 2784.48095703125 2769.7919921875 2776.742919921875 2777.803955078125 2772.4951171875 2769.26611328125 2768.306884765625 2779.26708984375 2774.337890625 2794.6689453125 2814.530029296875 2845.10107421875 2859.531982421875 2862.3330078125 2838.923095703125 2816.924072265625 2798.93505859375 2789.055908203125 2782.677001953125 2769.718017578125 2754.05908203125 2734.7099609375 2721.27001953125 2706.81103515625 2688.092041015625 2668.113037109375 2647.10400390625 2625.324951171875 2605.218994140625 2585.470947265625 2570.193115234375 2557.7080078125 2551.092041015625 2538.2958984375 2525.967041015625 2506.741943359375 2488.544921875 2464.25 2447.2509765625 2432.659912109375 2413.8330078125 2391.657958984375 2376.722900390625
2863.7490234375 2843.260009765625 2821.2509765625 2801.821044921875 2787.221923828125 2775.73291015625 2779.4140625 2783.344970703125 2776.785888671875 2780.45703125 2783.738037109375 2797.087890625 2807.12890625 2829.14990234375 2850.881103515625 2879.02197265625 2881.29296875 2853.1240234375 2830.514892578125 2810.06494140625 2797.4560546875 2791.677001953125 2778.337890625 2761.9990234375 2745.56005859375 2730.740966796875 2716.720947265625 2698.08203125 2676.56298828125 2655.243896484375 2636.955078125 2615.416015625 2595.072021484375 2578.77587890625 2567.867919921875 2556.757080078125 2542.572021484375 2527.583984375 2511.8740234375 2493.94091796875 2468.424072265625 2450.80810546875 2435.303955078125 2418.99609375 2397.201904296875 2375.114990234375 2353.991943359375
2890.9599609375 2874.910888671875 2838.072021484375 2817.422119140625 2811.35302734375 2799.2939453125 2798.0048828125 2792.595947265625 2794.886962890625 2799.988037109375 2804.87890625 2819.1689453125 2846.580078125 2862.89111328125 2870.08203125 2877.863037109375 2856.7041015625 2840.455078125 2817.26611328125 2801.93603515625 2791.787109375 2782.778076171875 2770.009033203125 2753.47998046875 2740.970947265625 2728.612060546875 2715.14208984375 2690.56298828125 2668.10400390625 2647.405029296875 2628.885986328125 2607.6669921875 2593.799072265625 2579.654052734375 2561.7041015625 2543.384033203125 2528.110107421875 2509.550048828125 2490.343994140625 2473.884033203125 2455.93408203125 2439.383056640625 2420.633056640625 2399.68798828125 2381.033935546875 2361.947021484375 2343.385009765625
2915.531005859375 2904.072021484375 2877.302978515625 2851.25390625 2832.25390625 2818.074951171875 2815.49609375 2808.406982421875 2807.988037109375 2819.138916015625 2826.800048828125 2847.610107421875 2868.910888671875 2888.882080078125 2893.093017578125 2869.0439453125 2846.905029296875 2825.14599609375 2808.5869140625 2793.927001953125 2784.43798828125 2773.64892578125 2763.739990234375 2750.571044921875 2736.931884765625 2722.27294921875 2702.2041015625 2681.444091796875 2659.804931640625 2637.615966796875 2618.697021484375 2600.6279296875 2582.6630859375 2570.343994140625 2551.8740234375 2537.410888671875 2518.26708984375 2498.552978515625 2480.951904296875 2458.85595703125 2443.3779296875 2430.29296875 2415.965087890625 2395.22802734375 2374.159912109375 2354.95703125 2333.97900390625
2928.181884765625 2914.60302734375 2894.98388671875 2878.02490234375 2855.5849609375 2838.99609375 2835.447021484375 2829.468017578125 2836.87890625 2840.7099609375 2850.64111328125 2867.091064453125 2884.23193359375 2907.903076171875 2882.783935546875 2861.284912109375 2837.51611328125 2818.297119140625 2801.568115234375 2786.427978515625 2774.72900390625 2760.139892578125 2751.591064453125 2739.072021484375 2723.512939453125 2708.154052734375 2687.844970703125 2669.60498046875 2647.906005859375 2628.366943359375 2607.998046875 2591.299072265625 2572.530029296875 2555.843017578125 2542.096923828125 2531.10498046875 2514.694091796875 2496.1640625 2471.799072265625 2447.5048828125 2432.304931640625 2421.35107421875 2405.777099609375 2387.083984375 2368.083984375 2343.2119140625 2322.60302734375
2928.943115234375 2905.10400390625 2890.425048828125 2879.89599609375 2873.74609375 2869.0869140625 2862.637939453125 2880.388916015625 2876.5 2873.950927734375 2874.471923828125 2905.23291015625 2906.462890625 2902.00390625 2878.22509765625 2855.10595703125 2832.64697265625 2810.347900390625 2793.049072265625 2777.638916015625 2763.989990234375 2751.490966796875 2739.31201171875 2725.06298828125 2709.02392578125 2691.4951171875 2673.35595703125 2657.06591796875 2638.56689453125 2619.80810546875 2602.339111328125 2583.5 2571.013916015625 2558.1708984375 2538.993896484375 2521.47705078125 2507.2890625 2486.31494140625 2470.85498046875 2453.52001953125 2437.694091796875 2413.693115234375 2392.968017578125 2375.547119140625 2354.25 2336.06396484375 2321.3779296875
-9999 -9999 2909.22607421875 2902.717041015625 2903.527099609375 2906.447998046875 2911.39892578125 2920.64990234375 2911.5009765625 2895.031982421875 2898.962890625 2927.174072265625 2916.6640625 2894.215087890625 2873.095947265625 2852.906982421875 2832.26806640625 2809.59912109375 2791.340087890625 2772.5400390625 2758.5009765625 2744.862060546875 2730.943115234375 2713.75390625 2694.074951171875 2678.696044921875 2660.45703125 2645.95703125 2631.697998046875 2613.589111328125 2597.85009765625 2583.48095703125 2569.68798828125 2560.131103515625 2546.541015625 2535.318115234375 2527.89208984375 2517.780029296875 2505.318115234375 2479.4208984375 2460.514892578125 2440.14208984375 2406.221923828125 2382.3330078125 2362.89111328125 2340.64501953125 2325.22900390625
-9999 -9999 -9999 2927.3779296875 2926.548095703125 2931.259033203125 2940.75 2947.39111328125 2929.0419921875 2922.212890625 2943.1640625 2927.485107421875 2906.4150390625 2885.446044921875 2865.806884765625 2845.4580078125 2828.908935546875 2804.639892578125 2787.510986328125 2769.552001953125 2751.44189453125 2736.02294921875 2721.39404296875 2702.614990234375 2686.166015625 2672.056884765625 2659.05810546875 2645.298095703125 2626.51904296875 2605.090087890625 2593.180908203125 2586.1220703125 2580.193115234375 2570.06298828125 2563.02001953125 2551.81005859375 2537.52587890625 2514.922119140625 2498.77392578125 2481.593994140625 2463.156005859375 2438.45703125 2422.743896484375 2404.863037109375 2381.264892578125 2366.967041015625 2340.089111328125
-9999 -9999 -9999 -9999 -9999 2965.5400390625 2976.611083984375 2965.052001953125 2948.93310546875 2948.884033203125 2933.324951171875 2917.756103515625 2900.236083984375 2877.9970703125 2858.827880859375 2838.928955078125 2821.8798828125 2800.0810546875 2781.162109375 2762.923095703125 2747.532958984375 2723.0439453125 2707.02490234375 2693.345947265625 2680.697021484375 2672.968017578125 2657.2890625 2640.93896484375 2622.659912109375 2607.541015625 2594.761962890625 2587.702880859375 2581.242919921875 2573.576904296875 2563.1630859375 2550.580078125 2532.72705078125 2500.77294921875 2478.074951171875 2462.18701171875 2442.43896484375 2424.072998046875 2409.422119140625 2399.239013671875 2384.717041015625 2367.52490234375 2354.4599609375
-9999 -9999 -9999 -9999 -9999 -9999 -9999 -9999 2955.904052734375 2938.68505859375 2923.635986328125 2908.876953125 2893.136962890625 2872.1279296875 2852.388916015625 2832.580078125 2814.260986328125 2795.931884765625 2777.653076171875 2759.243896484375 2740.073974609375 2717.455078125 2702.2958984375 2690.116943359375 2681.498046875 2668.468994140625 2652.7099609375 2635.291015625 2624.31103515625 2614.092041015625 2598.282958984375 2586.093994140625 2580.27099609375 2569.114990234375 2549.072021484375 2525.4619140625 2498.778076171875 2475.291015625 2459.007080078125 2445.428955078125 2428.73291015625 2411.986083984375 2402.12890625 2384.431884765625 2368.7470703125 2357.114990234375 2350.81005859375
